1
100 100
44 79 13 3 1 46 57 47 91 51 6 77 29 1 13 51 99 61 49 45 29 74 13 91 25 21 82 57 26 16 37 61 26 56 74 37 83 22 43 31 13 88 60 31 31 29 47 65 9 85 45 37 73 1 35 7 33 61 37 73 9 41 83 30 35 93 49 19 89 16 94 43 93 4 79 40 31 5 41 63 71 3 97 71 18 75 39 6 80 17 56 96 21 26 66 13 69 65 22 9 
49 67 78 59 18 10 53 9 47 79 7 65 26 1 1 19 61 61 33 91 61 50 86 26 77 8 1 1 82 28 1 86 1 19 51 5 14 45 70 90 83 93 71 41 25 87 27 61 89 25 50 37 75 47 51 97 71 45 81 24 76 54 6 69 9 99 4 31 75 25 81 68 36 21 86 58 77 7 39 55 5 17 1 51 56 45 11 25 31 41 38 51 91 51 57 19 89 51 87 79 
37 80 73 33 1 62 89 45 37 13 48 99 44 13 44 44 1 28 77 5 9 25 26 73 81 93 46 88 1 93 96 81 97 36 6 41 11 18 1 43 2 1 70 35 49 49 77 66 11 65 45 89 65 60 100 47 7 42 49 40 57 59 64 71 1 17 70 61 73 61 76 61 21 87 1 57 51 39 1 51 25 32 60 78 89 95 11 55 1 89 19 97 97 93 57 85 62 65 96 21 
61 96 61 39 77 37 1 5 53 90 46 77 33 85 81 75 99 41 53 11 87 59 8 86 31 67 17 4 56 25 87 81 41 57 75 42 1 49 71 1 69 26 45 21 63 44 65 64 16 1 37 65 9 85 21 75 25 89 51 61 5 61 1 51 95 33 9 32 98 71 59 57 6 15 82 76 93 64 61 21 88 7 91 1 73 93 90 51 41 29 29 45 36 54 30 33 29 16 21 89 
95 81 65 97 61 33 6 91 91 93 1 61 64 53 91 58 81 1 60 18 21 81 17 9 1 21 49 45 49 91 51 81 11 67 76 6 21 27 46 91 71 27 51 60 66 27 81 19 55 5 53 81 69 45 13 72 23 99 51 88 63 73 6 68 55 27 37 10 89 49 4 53 41 69 91 9 68 16 81 77 11 61 1 78 38 83 41 63 73 39 14 71 95 15 41 88 34 84 21 16 
79 61 86 61 35 94 81 13 33 99 83 37 89 1 27 90 76 80 21 51 95 70 18 33 38 90 63 98 31 69 63 17 41 52 61 81 56 66 65 71 96 93 1 61 18 48 80 31 97 91 33 75 44 9 40 98 81 85 93 9 61 81 3 1 92 27 62 77 76 12 44 32 21 1 45 57 1 3 67 73 45 66 43 28 43 81 91 87 9 95 61 87 7 91 25 66 95 8 97 74 
33 11 4 21 31 69 27 40 86 36 45 17 41 15 71 52 61 29 49 46 81 71 5 79 86 40 33 5 7 21 93 49 38 1 3 1 91 45 21 8 58 84 63 72 63 61 93 41 89 71 85 81 32 1 69 15 57 39 41 21 7 25 33 49 57 23 25 85 68 54 39 81 64 51 89 56 12 93 88 86 73 4 21 85 17 79 89 1 23 47 25 61 91 18 54 5 81 37 1 4 
69 11 21 91 61 89 49 30 69 71 1 76 34 41 67 9 47 89 3 5 77 93 25 53 13 21 29 91 26 41 57 23 71 15 93 60 75 23 51 79 66 11 1 41 61 18 39 1 51 87 81 33 26 76 53 97 17 43 73 22 53 16 13 56 34 49 37 83 61 63 83 71 51 1 40 71 43 53 71 29 15 41 71 56 41 15 47 57 9 62 67 97 2 23 51 89 3 15 26 75 
45 17 69 33 21 29 2 21 9 50 25 64 92 33 53 1 97 57 25 56 11 77 90 65 11 66 93 4 76 61 86 21 13 77 33 83 51 89 95 76 81 17 55 87 8 50 73 37 93 81 61 11 13 65 6 45 51 95 30 41 31 11 85 85 81 57 41 5 41 99 73 8 31 36 53 9 7 5 79 35 46 56 87 58 31 43 49 75 93 85 11 88 93 49 64 59 9 1 87 25 
11 22 83 1 21 61 49 39 70 41 65 1 71 13 39 52 95 37 41 9 53 29 70 76 33 97 3 97 29 55 77 23 3 85 11 93 53 97 51 17 91 81 17 25 55 99 29 45 37 25 11 1 91 36 37 51 21 1 77 85 41 82 79 91 30 47 61 76 95 51 1 13 54 36 31 61 3 19 47 52 93 9 41 41 77 7 88 9 6 49 73 51 1 34 55 16 79 39 82 21 
77 15 37 71 6 55 89 85 10 76 94 23 99 89 85 37 61 5 21 51 6 11 31 96 71 47 6 40 66 27 41 51 1 49 31 34 68 79 88 49 7 21 61 4 28 1 64 64 69 51 47 85 53 41 83 68 10 56 97 85 91 95 21 55 21 41 11 25 99 81 41 7 85 85 31 41 75 86 89 16 85 83 31 37 19 13 39 66 71 80 93 78 26 61 76 16 71 17 29 25 
31 5 5 48 31 7 49 45 93 82 50 6 84 4 1 37 6 61 52 61 74 60 56 5 35 4 76 13 6 17 75 35 25 71 15 3 46 20 5 7 14 67 77 53 29 9 16 21 23 71 43 97 98 99 45 19 18 7 79 64 22 93 53 49 41 62 95 31 41 11 51 71 86 53 85 46 97 40 51 35 13 44 40 75 92 9 33 18 62 1 57 91 64 21 5 30 57 48 41 51 
51 53 84 45 59 19 11 39 75 42 75 51 31 11 1 21 51 49 71 53 49 50 22 4 9 92 5 77 8 33 98 33 76 65 33 51 81 55 13 45 85 100 5 11 82 98 35 7 53 1 1 82 72 76 1 39 11 93 39 50 13 79 1 69 58 48 95 41 76 51 45 27 21 21 26 81 13 19 21 34 19 89 65 61 61 53 41 36 91 9 57 19 67 49 74 91 81 80 71 87 
71 56 44 33 93 41 17 75 95 1 68 90 85 1 65 49 89 89 1 21 9 64 34 67 61 51 61 94 53 85 13 34 49 7 25 1 46 49 53 58 93 100 63 88 31 65 57 45 71 65 71 36 40 24 1 92 34 41 47 26 41 18 37 81 19 68 6 33 97 17 21 81 89 69 77 71 49 79 3 69 47 21 65 71 23 63 5 57 71 81 73 47 22 64 53 56 61 81 68 5 
47 93 15 21 69 63 77 23 1 71 83 4 41 4 96 8 64 51 19 35 85 61 29 4 26 1 25 66 36 95 49 1 24 6 21 70 97 60 21 1 93 61 98 52 59 82 81 1 75 10 21 84 16 49 13 21 71 1 66 53 73 74 17 1 17 5 73 30 93 12 90 58 51 26 33 47 56 61 57 16 4 1 25 83 51 70 52 61 24 21 41 1 1 89 25 51 43 17 16 100 
1 30 98 43 7 98 54 17 41 13 41 21 91 92 36 61 39 22 56 40 78 92 23 71 51 59 52 41 93 61 97 39 9 53 96 21 61 20 29 79 33 2 75 20 61 74 17 51 17 76 29 14 93 20 47 43 46 70 31 28 96 23 93 37 49 53 25 65 98 25 26 51 76 26 88 95 88 1 66 33 77 51 37 17 81 41 45 21 41 1 33 100 44 1 46 57 31 100 93 81 
25 1 11 33 84 56 45 68 9 81 31 91 28 68 85 49 21 10 77 29 61 97 27 39 21 57 99 45 51 21 18 76 46 11 86 25 78 1 81 1 1 93 41 8 18 59 78 60 86 17 41 29 87 63 72 51 6 53 37 31 73 57 61 75 82 41 50 77 79 21 25 36 5 26 87 21 69 95 51 85 86 61 4 41 51 7 21 26 39 11 52 70 81 1 1 75 48 84 81 61 
93 93 10 31 61 1 81 53 85 81 53 15 27 25 83 92 33 13 93 26 35 97 68 31 19 89 21 76 77 29 1 21 76 73 71 80 26 5 71 55 9 69 61 83 96 53 55 79 46 81 77 47 94 81 58 100 51 81 73 61 59 81 41 19 93 25 31 75 51 63 96 31 25 77 87 11 10 37 94 45 46 61 96 41 43 1 91 31 57 21 55 5 45 9 41 100 91 61 15 76 
25 9 61 47 23 26 33 11 1 8 7 89 16 21 1 57 26 61 2 87 23 3 5 1 33 98 20 31 51 27 95 21 51 29 81 50 29 49 1 45 29 37 1 11 45 82 51 89 53 1 51 77 37 19 31 61 65 11 52 5 97 21 58 97 41 57 11 5 29 19 1 51 25 42 17 91 60 35 57 91 77 77 19 15 91 99 37 93 25 69 21 38 21 77 26 47 1 57 27 42 
81 41 16 81 46 1 47 63 25 43 80 41 11 6 26 91 46 53 21 97 41 1 23 71 85 63 76 96 73 39 89 19 13 97 48 33 70 13 26 83 10 31 75 61 93 31 55 11 30 93 65 39 9 81 96 73 87 16 33 9 51 80 40 61 9 21 21 81 7 21 68 55 24 7 1 1 5 55 89 21 68 41 89 81 1 1 17 5 57 33 31 53 5 37 47 45 93 17 91 42 
44 13 79 93 23 68 7 21 51 81 53 87 77 45 15 81 9 37 45 53 97 93 16 61 31 69 89 49 1 49 46 87 78 61 36 87 81 87 63 99 74 47 39 33 81 90 41 69 7 36 65 77 77 20 1 4 87 43 81 23 29 77 11 96 21 12 76 11 77 85 39 16 33 72 63 68 86 98 2 43 6 45 77 88 61 37 29 39 57 26 85 56 81 64 45 91 49 15 95 1 
95 83 15 76 61 41 51 81 31 47 83 93 35 47 13 89 9 70 1 77 81 11 94 65 53 63 30 64 5 6 21 26 26 17 31 1 4 12 65 66 37 67 5 1 70 1 51 19 20 93 61 65 86 96 30 33 33 53 29 85 98 13 1 1 77 73 75 26 65 40 85 57 67 42 68 71 50 46 31 84 81 1 23 16 70 21 89 73 2 16 61 34 58 41 95 23 21 70 1 51 
91 57 21 61 73 93 42 86 32 56 25 23 81 63 91 11 56 75 52 49 99 15 1 5 71 77 70 70 51 46 81 47 5 21 13 3 65 10 17 25 19 19 51 55 11 85 16 1 37 73 55 51 77 84 5 45 72 13 41 54 100 79 97 66 61 13 47 9 45 3 1 86 61 37 65 1 81 5 45 31 41 51 81 68 90 27 72 95 26 33 41 56 61 71 39 59 79 66 59 41 
7 46 65 91 71 1 53 71 31 51 1 48 89 83 53 94 52 23 41 41 45 72 26 11 37 95 66 53 1 34 1 97 59 31 9 6 5 57 87 85 99 69 69 41 35 73 9 97 46 11 22 89 1 30 1 19 41 57 75 53 54 60 76 81 13 58 23 97 79 66 9 21 17 73 78 69 16 11 3 51 53 41 67 21 49 78 1 49 1 81 60 52 71 51 56 91 43 65 52 85 
17 19 12 31 23 17 75 11 1 26 74 87 5 78 51 81 26 33 85 86 18 59 43 81 1 27 57 18 17 55 51 12 41 3 1 13 72 82 87 19 52 71 89 35 63 66 1 11 26 5 76 27 1 65 53 51 72 7 81 5 81 19 76 17 29 1 47 25 20 69 40 16 9 57 48 90 73 84 32 42 79 10 61 73 35 25 73 55 83 15 95 39 18 81 17 41 51 51 36 1 
13 72 51 1 16 96 91 43 17 73 41 1 44 71 35 63 46 95 21 1 1 89 9 35 16 89 16 80 75 45 76 37 10 93 80 5 61 41 65 2 73 57 27 51 18 9 74 13 41 65 73 89 41 28 11 6 5 27 73 1 65 20 70 44 28 53 64 17 31 73 81 41 62 5 75 33 93 71 59 12 1 77 6 96 76 47 16 23 52 21 72 35 66 69 1 86 45 21 34 65 
32 61 39 51 35 17 21 11 61 6 81 47 60 23 37 23 40 38 41 69 91 55 23 99 93 73 13 21 13 83 1 57 51 1 91 84 51 38 71 90 41 21 37 8 93 69 36 73 1 71 47 25 92 26 75 59 26 58 93 14 37 56 41 10 37 5 91 17 97 51 52 28 78 13 58 61 69 75 61 54 62 35 41 54 57 87 73 26 10 45 71 81 1 61 57 1 97 5 99 41 
84 1 28 97 6 87 38 92 57 1 41 5 77 41 6 41 72 81 25 45 84 28 13 23 60 31 81 36 41 54 11 88 7 41 90 21 27 34 17 25 77 37 1 69 93 44 31 77 41 29 17 1 85 17 13 15 95 95 41 77 62 31 95 21 93 45 93 52 16 85 47 21 65 72 23 62 10 31 37 21 37 33 42 83 47 76 31 21 10 52 63 61 21 49 21 21 37 18 61 56 
18 85 17 95 65 39 19 16 5 1 65 22 86 31 76 16 21 71 67 57 77 61 21 41 83 2 33 53 25 88 25 26 9 53 100 25 53 63 45 81 82 43 71 46 76 76 45 31 57 91 26 20 7 71 13 1 69 47 1 1 16 81 32 9 9 86 36 45 9 45 61 7 57 21 1 1 60 5 61 78 41 22 31 93 85 41 39 1 69 1 56 81 48 72 46 65 37 59 81 19 
33 23 51 32 99 7 85 96 37 34 50 1 77 21 42 29 15 55 85 66 72 61 9 60 61 87 81 27 62 2 87 40 25 9 51 61 85 51 31 51 73 48 17 45 1 81 99 75 50 56 49 1 89 31 43 53 10 63 86 29 26 81 31 85 41 54 95 65 45 36 69 65 37 1 55 55 81 71 79 21 37 21 33 12 9 76 33 49 65 87 5 41 23 70 79 17 85 41 41 68 
95 41 41 47 9 49 34 23 64 40 39 55 46 2 54 9 21 29 44 81 82 17 55 15 92 79 53 57 83 41 26 61 28 84 77 1 62 61 65 21 57 77 6 53 1 11 81 37 93 74 71 15 82 85 72 61 86 62 1 97 97 43 31 85 62 93 82 51 50 64 95 39 3 17 17 1 86 65 36 61 21 97 12 37 93 66 1 76 1 31 66 26 32 93 25 53 65 41 1 14 
17 31 75 1 46 31 51 51 9 78 58 73 93 33 35 26 17 51 26 9 53 6 77 14 17 17 87 73 45 95 91 44 60 61 51 20 31 21 20 57 1 20 95 37 31 21 56 3 17 51 16 1 1 81 96 1 13 5 61 59 45 1 42 15 66 37 61 74 50 54 45 88 41 86 89 22 90 11 51 98 28 71 73 43 38 26 51 71 34 91 59 22 57 21 89 11 73 45 85 29 
82 57 86 1 6 61 51 41 78 21 49 1 1 51 27 13 34 31 21 69 54 75 48 39 69 26 81 59 83 81 33 78 77 59 16 41 22 42 53 56 12 45 15 13 53 51 83 97 71 10 21 8 29 1 53 65 35 81 73 4 45 33 52 6 73 1 21 81 47 69 1 93 29 59 52 61 88 74 65 37 12 49 66 21 41 14 22 50 41 53 76 5 86 19 93 7 49 11 1 87 
37 67 42 53 15 25 33 57 13 39 77 81 94 86 81 46 35 69 83 5 81 43 93 56 59 61 5 17 91 41 53 63 39 75 69 21 55 21 51 69 1 41 25 41 21 57 35 41 69 5 57 18 61 79 37 83 61 41 38 71 23 13 56 10 91 41 65 61 73 46 9 16 29 76 81 15 49 26 29 21 76 75 67 37 47 67 11 32 23 19 3 25 98 42 29 13 37 79 91 1 
16 66 20 55 14 63 25 20 61 71 51 19 21 11 49 51 73 45 11 33 15 41 15 68 21 21 97 78 9 89 56 14 97 7 36 81 45 51 41 87 46 54 86 29 19 63 79 9 51 5 63 88 91 29 31 21 21 60 29 41 21 29 21 41 1 81 1 75 51 76 79 1 14 54 78 85 24 76 44 21 36 7 36 36 75 6 10 19 11 90 69 1 41 91 91 100 91 95 10 99 
36 65 66 79 35 59 59 57 47 33 5 16 17 25 64 61 89 77 89 87 12 1 61 3 76 37 6 2 12 95 33 69 65 76 89 75 24 76 28 3 21 68 38 61 89 13 61 26 41 40 9 93 71 21 33 81 13 49 51 37 67 67 5 96 81 17 21 57 86 94 51 41 81 47 81 43 93 23 81 69 48 21 81 77 77 91 61 65 21 16 65 37 96 17 71 46 1 39 24 21 
1 91 37 41 62 21 61 93 100 13 58 99 61 15 23 81 51 53 65 84 8 11 1 1 47 24 1 1 99 97 19 54 5 53 84 47 85 1 56 31 84 69 37 51 25 41 46 81 81 1 35 9 36 46 51 10 89 52 93 1 93 1 55 70 57 59 54 25 83 13 1 1 11 61 27 47 41 51 83 69 58 2 53 11 58 47 1 34 89 42 44 71 14 50 81 7 18 6 1 19 
41 5 61 21 2 26 26 57 91 41 31 43 86 89 61 3 69 37 16 69 41 51 9 29 37 18 81 92 62 51 31 41 93 82 64 60 47 15 99 69 17 21 51 83 3 17 77 25 93 21 81 96 29 19 51 42 99 61 5 17 7 11 1 34 27 61 36 93 95 29 57 5 9 49 25 41 53 55 4 51 13 29 61 98 90 56 29 81 23 1 6 81 92 51 49 66 26 63 45 89 
98 21 85 21 73 33 56 5 91 9 12 37 41 95 31 73 43 16 27 26 75 23 91 84 74 78 41 4 58 59 97 11 51 85 89 89 97 21 17 56 85 89 66 31 81 60 93 21 49 87 74 55 5 11 51 66 49 25 46 21 100 1 37 50 86 68 13 81 1 49 40 84 45 60 1 65 1 1 8 37 55 53 49 51 61 19 50 91 61 33 35 61 47 25 81 9 41 11 29 19 
1 19 41 63 74 21 57 41 81 85 21 30 9 7 53 56 1 42 65 1 29 37 92 82 100 97 7 41 1 76 29 41 41 41 25 85 13 17 84 48 51 51 29 38 100 85 13 69 51 81 1 80 70 61 33 57 19 43 1 11 51 36 81 9 26 81 49 81 61 40 21 13 77 78 41 25 27 82 78 31 79 89 77 49 86 53 41 97 46 45 9 89 1 53 1 26 19 27 1 29 
33 42 17 5 73 1 50 87 71 47 33 16 63 41 41 51 51 23 21 51 76 93 11 100 81 83 83 26 48 65 9 73 28 99 29 1 1 84 71 50 41 49 21 95 13 21 87 57 44 89 78 9 1 2 95 49 72 89 50 32 89 10 35 34 17 51 5 81 11 87 21 81 83 17 18 9 69 61 37 51 58 29 61 45 99 53 45 61 34 66 88 21 13 73 31 46 31 86 87 3 
29 89 79 1 17 41 2 31 47 80 51 81 9 11 27 25 57 81 47 37 63 30 11 17 86 1 45 14 13 89 49 46 6 95 33 83 61 51 76 33 48 71 29 13 41 93 51 20 41 43 77 54 41 80 84 26 97 84 21 71 77 71 99 76 51 45 18 82 73 95 49 27 67 8 21 97 21 31 99 7 14 57 1 71 91 91 36 5 53 41 42 21 18 67 75 30 64 59 74 15 
2 33 13 16 17 81 77 81 18 25 38 66 85 31 79 67 97 41 38 41 73 93 53 76 34 25 55 87 45 95 1 11 38 49 22 33 30 59 9 85 94 71 61 48 23 20 51 8 63 11 69 26 42 72 41 51 9 75 26 35 71 53 21 5 4 92 1 49 61 56 51 55 15 99 45 89 33 1 87 33 9 33 85 1 55 44 6 62 1 46 59 78 21 49 19 74 97 53 25 75 
81 55 11 74 48 91 72 5 100 80 53 21 45 13 57 32 21 50 26 88 17 79 86 57 79 84 72 71 25 26 82 63 78 73 21 71 22 1 17 49 67 91 47 5 3 1 53 81 85 97 24 15 87 1 39 41 53 21 61 25 13 75 38 51 80 9 96 96 1 65 61 48 67 51 21 91 13 75 76 81 73 89 85 87 19 84 1 88 49 85 43 97 11 26 32 38 37 57 41 67 
41 65 72 59 65 13 1 89 9 34 1 1 71 12 79 61 46 31 73 53 25 37 73 90 1 39 41 21 49 65 41 84 53 17 49 77 31 17 55 31 83 47 21 77 57 93 81 31 69 12 74 53 49 76 41 41 41 76 49 62 35 1 13 1 54 45 68 1 55 97 39 9 37 21 99 37 51 1 97 83 85 1 94 15 56 88 83 51 15 71 47 66 61 3 35 86 18 73 93 67 
29 26 6 33 4 21 46 13 51 21 49 93 3 1 21 61 96 95 41 67 97 41 21 97 73 57 1 29 3 95 55 69 61 21 51 88 51 28 30 85 1 64 71 76 16 21 9 84 5 94 3 6 8 37 53 5 4 46 66 1 56 1 1 7 10 85 96 16 53 23 81 69 52 65 51 1 15 97 89 77 50 89 17 13 93 65 11 65 67 30 87 71 30 9 57 53 78 51 63 78 
53 97 35 85 37 87 45 9 65 47 93 51 15 81 97 45 4 65 5 27 46 93 10 39 81 19 81 39 77 81 49 35 73 71 51 23 96 99 69 93 51 45 32 85 97 94 7 31 21 59 9 20 41 36 7 82 73 97 46 38 56 23 18 39 80 95 16 61 73 53 15 62 13 97 56 62 1 37 34 41 31 71 69 65 70 63 51 55 13 95 4 1 56 93 77 17 61 75 9 50 
44 35 57 79 54 81 33 83 69 61 85 71 73 99 61 13 69 85 53 13 90 41 51 64 56 59 50 77 33 53 61 65 23 39 91 61 90 81 65 49 11 53 11 91 41 47 59 81 36 60 65 25 26 51 33 70 51 55 86 44 1 20 53 1 76 33 86 52 47 61 24 1 92 94 36 73 61 1 95 71 41 41 37 6 63 76 93 73 63 73 6 69 97 51 11 41 59 19 31 33 
25 98 91 91 49 41 59 93 26 4 81 100 91 36 84 13 64 66 23 25 57 86 20 25 50 24 77 21 59 21 25 81 15 86 53 98 1 25 60 23 6 1 49 16 11 51 28 3 78 65 33 41 1 57 66 81 61 57 14 23 47 82 37 49 21 59 83 99 59 42 72 69 63 16 49 70 27 94 65 65 97 33 61 71 37 57 41 5 86 61 49 51 56 26 69 1 41 49 97 75 
61 51 90 81 25 84 87 1 60 1 61 47 69 88 25 85 71 47 50 71 31 57 29 31 36 77 46 65 18 80 51 80 98 73 41 29 71 12 9 91 92 25 77 70 73 97 99 93 1 23 49 26 11 77 66 25 83 100 61 51 5 96 57 41 1 41 79 49 4 61 15 15 7 86 26 56 90 21 58 13 39 71 51 89 33 93 97 7 29 58 16 73 13 55 1 51 98 71 61 51 
61 5 33 87 89 77 11 17 34 56 57 43 1 56 1 81 65 86 51 59 49 21 93 22 85 47 5 44 87 85 97 51 1 94 77 70 62 31 3 1 67 92 1 56 61 1 2 71 31 45 55 97 21 70 41 17 44 33 97 42 58 43 65 81 61 43 73 51 26 5 81 64 16 26 4 43 49 76 81 68 36 89 24 61 51 59 40 51 89 21 1 87 75 9 26 21 41 40 79 66 
75 99 1 16 26 61 87 26 31 19 83 2 6 73 81 6 26 82 53 89 15 29 27 85 66 91 85 1 81 90 59 41 11 83 81 34 1 1 41 17 63 21 31 57 49 23 57 41 37 11 76 67 93 31 15 29 17 48 97 59 67 33 13 3 53 33 97 89 37 28 81 57 55 13 30 93 89 13 5 35 36 34 77 57 61 65 37 53 95 18 99 93 31 9 45 92 83 38 93 11 
57 81 81 1 97 97 22 1 1 77 67 39 2 45 76 44 26 21 60 49 25 57 43 99 90 51 37 53 71 29 96 7 26 61 47 41 58 21 75 24 35 51 65 14 85 82 93 20 58 55 77 7 49 1 85 95 70 46 1 77 61 73 56 3 66 12 49 41 73 58 77 33 45 19 76 45 1 79 92 3 13 31 99 11 93 83 91 61 28 91 73 64 43 1 51 65 59 52 68 25 
35 21 65 91 79 81 96 61 79 75 9 41 13 3 76 49 49 5 54 25 93 51 73 89 20 1 67 41 12 62 81 45 1 95 37 29 41 73 5 1 30 65 1 44 9 66 56 59 67 1 1 56 61 97 36 9 61 71 18 13 27 97 81 89 81 83 75 81 81 1 55 90 49 1 83 41 99 96 98 11 81 56 67 33 19 79 39 65 61 96 99 76 97 5 85 55 11 89 36 35 
9 21 82 62 63 53 13 81 31 41 93 81 9 61 6 26 49 53 46 17 79 85 91 81 97 68 87 9 36 55 11 64 79 73 1 49 9 85 13 61 26 81 91 26 36 87 79 41 55 93 17 1 1 29 2 45 93 21 76 2 11 57 86 62 97 81 11 20 94 6 46 69 97 61 21 61 46 65 21 69 73 45 85 88 23 43 19 87 87 21 61 45 25 27 11 51 83 22 77 81 
1 9 61 49 13 73 5 45 81 83 79 23 85 77 77 1 45 42 1 5 6 40 49 19 68 57 41 34 96 43 33 81 41 85 93 77 11 20 38 26 81 69 23 53 75 19 17 45 68 80 5 81 11 84 77 82 41 9 41 65 33 7 1 57 81 97 6 81 100 85 7 71 40 56 89 97 96 61 57 25 61 19 65 57 32 30 1 6 53 30 9 89 1 37 13 33 61 81 2 61 
87 81 51 58 77 41 90 39 87 69 24 79 63 67 36 1 31 1 81 68 1 81 59 94 69 55 71 57 4 1 72 16 81 49 95 42 19 41 53 41 76 81 95 93 1 89 5 53 21 81 1 51 66 81 76 87 51 76 69 82 27 76 27 45 23 6 2 97 16 41 28 51 19 62 45 42 21 71 34 79 85 36 5 89 21 7 11 81 52 25 31 40 86 61 85 18 93 51 65 11 
80 93 39 73 65 53 73 83 41 5 75 56 53 13 65 34 29 5 66 21 26 8 65 24 21 26 1 81 54 39 18 5 10 41 28 65 65 76 35 18 86 85 46 7 15 61 75 66 61 6 40 71 67 56 9 9 33 44 49 83 21 29 81 56 47 97 61 61 45 77 45 66 25 51 13 43 98 48 65 23 7 40 33 61 95 29 33 85 61 89 85 77 43 65 79 88 21 99 49 93 
1 29 71 5 97 99 8 42 91 5 1 17 69 5 1 1 75 81 33 76 83 37 71 67 9 1 85 6 51 3 9 45 54 43 5 73 41 86 57 41 84 86 69 15 25 56 97 39 54 45 86 39 11 17 89 29 29 71 58 41 11 100 37 29 34 97 41 57 9 74 93 57 91 61 38 57 10 92 88 51 56 74 93 1 95 8 21 78 81 16 41 57 11 23 81 17 41 9 1 1 
34 77 11 35 61 85 49 72 68 11 76 52 34 26 30 57 1 20 81 34 97 57 51 77 99 53 5 13 43 75 29 83 73 15 51 42 5 1 95 80 61 69 81 24 37 92 85 76 25 81 51 68 74 37 52 97 69 89 87 25 61 21 26 75 77 8 31 66 41 89 49 37 99 33 51 58 73 23 76 63 59 1 71 61 33 71 97 21 45 52 29 75 71 42 38 61 25 11 32 87 
47 93 1 7 17 97 60 29 63 7 98 28 26 91 31 45 71 34 34 26 65 96 96 17 91 41 41 43 96 1 72 96 86 51 21 20 82 6 57 22 65 47 21 92 1 25 54 91 97 52 24 85 51 61 61 51 95 69 56 95 77 65 18 1 51 9 96 91 16 1 71 63 41 59 19 76 44 43 3 86 96 79 51 45 55 90 65 49 57 4 37 32 37 45 61 41 96 51 77 57 
75 25 9 99 36 81 33 46 3 11 49 81 56 28 51 48 13 87 61 15 51 73 21 56 91 1 11 80 87 57 27 5 41 46 76 23 86 43 55 36 61 63 85 89 11 21 51 56 45 1 11 77 81 91 81 14 69 66 57 26 69 31 13 89 59 45 29 25 99 87 88 45 70 81 66 61 69 71 40 89 26 55 91 7 49 69 93 53 72 81 80 3 1 21 17 11 31 83 37 65 
21 70 5 21 17 1 90 11 69 90 71 26 97 37 41 21 81 43 85 9 61 45 46 93 1 71 59 91 66 61 53 67 69 75 73 53 41 61 5 72 94 17 65 59 93 55 33 89 46 13 74 27 51 77 71 40 47 5 85 96 45 56 28 53 21 23 25 71 50 9 72 25 27 63 55 33 47 51 53 93 26 79 57 53 10 81 42 89 22 37 5 29 84 99 23 57 91 33 2 83 
86 50 23 5 41 5 37 6 13 70 62 81 64 46 60 22 39 21 63 59 83 13 47 77 55 37 31 53 49 56 31 91 21 79 61 32 5 71 13 35 39 41 11 17 85 33 41 1 75 1 27 27 76 21 21 5 80 78 83 25 45 51 1 11 9 88 16 57 49 29 81 30 57 26 1 1 1 23 1 58 26 29 96 83 35 97 23 61 77 97 1 1 1 89 97 53 87 13 41 97 
27 55 27 6 52 82 35 1 30 46 83 73 56 39 41 95 17 77 21 6 78 89 7 68 13 75 65 3 11 35 35 21 27 59 1 19 29 46 35 97 55 25 97 87 59 15 26 97 1 77 97 22 93 79 17 60 25 81 68 13 73 73 61 11 90 41 65 83 81 44 98 37 97 35 97 36 85 50 72 27 41 97 77 53 25 67 35 41 83 47 1 51 65 67 88 31 97 66 69 41 
9 43 54 31 7 75 79 21 1 53 57 93 99 33 61 68 49 22 77 26 49 83 19 1 73 85 57 1 9 65 51 76 92 41 41 1 99 69 25 39 91 84 63 17 50 51 21 97 21 60 77 75 76 80 61 29 89 93 40 53 7 91 21 32 100 39 43 91 9 100 91 1 45 91 28 91 27 57 67 12 99 1 11 1 85 1 29 6 51 73 25 1 36 1 20 6 9 89 69 93 
36 69 1 51 76 36 37 26 32 95 89 17 18 96 57 97 85 88 39 8 83 81 79 57 56 8 4 19 70 21 16 35 81 50 81 89 37 21 77 15 83 1 38 86 78 68 41 73 21 37 34 89 1 1 27 55 81 91 46 1 17 69 17 85 36 97 47 27 6 89 57 96 85 91 69 41 97 5 66 41 77 1 45 33 31 85 49 13 11 53 41 69 21 1 93 7 1 85 9 69 
83 39 23 27 21 49 45 21 3 77 13 49 76 23 9 14 41 17 1 43 89 26 53 89 1 61 41 81 47 97 44 89 58 65 45 16 25 11 5 23 60 81 76 64 70 69 54 73 16 57 65 75 14 41 100 53 9 17 15 1 17 12 45 56 29 46 71 21 71 61 51 21 59 93 61 57 1 29 11 63 88 11 19 77 81 93 5 91 9 49 11 33 49 35 65 97 91 26 31 18 
10 1 42 49 81 62 97 43 94 58 54 38 16 3 1 51 75 93 1 15 23 81 77 5 45 41 81 21 67 32 14 1 71 37 28 11 76 73 17 61 45 85 1 99 97 91 98 53 77 88 43 13 31 9 31 69 83 1 52 23 5 51 85 21 16 33 81 85 67 71 69 3 58 41 84 48 92 42 34 86 89 45 61 52 11 23 5 81 14 21 75 39 29 81 5 43 51 89 100 11 
51 58 41 11 56 27 29 15 41 75 68 21 25 1 73 92 26 32 41 21 61 9 28 93 5 81 88 29 77 21 80 1 9 81 10 52 98 75 97 1 28 13 37 6 13 9 14 9 23 23 21 13 89 22 39 18 37 97 69 70 77 1 43 57 26 51 29 65 27 87 7 21 49 44 93 25 98 17 77 38 26 94 9 1 71 91 64 13 56 81 23 13 61 13 51 65 62 41 80 77 
31 77 5 85 17 25 67 55 77 22 51 45 43 43 51 55 81 33 27 78 46 23 1 41 27 89 29 89 81 68 93 62 61 45 47 87 21 7 81 40 51 57 1 17 14 1 23 33 97 37 11 26 65 7 1 55 18 31 61 81 17 33 17 41 65 31 72 31 8 16 25 89 65 13 98 46 1 41 76 43 10 21 87 73 41 37 75 46 23 41 42 94 45 61 61 83 92 1 28 13 
1 16 11 6 88 49 17 57 91 21 55 77 73 21 36 5 6 99 86 65 36 69 93 30 51 62 61 66 56 97 61 79 5 58 21 52 76 57 2 46 76 47 83 70 29 17 21 49 41 42 77 99 67 61 21 68 33 61 45 79 90 7 74 59 66 91 85 67 7 9 61 59 70 77 8 19 81 19 89 51 45 20 23 45 1 6 98 1 25 1 61 41 5 49 79 25 85 85 81 65 
69 76 89 53 9 89 82 32 87 76 1 49 81 81 58 7 1 95 25 1 61 79 57 65 85 69 93 81 76 88 61 73 45 91 91 1 53 57 49 49 91 96 32 17 69 92 13 18 41 9 11 66 81 37 27 32 69 97 7 97 98 1 45 5 34 37 70 9 55 79 1 57 6 94 76 13 65 41 97 72 63 37 97 1 6 51 1 57 7 86 23 1 13 21 51 50 71 44 78 92 
79 70 1 77 26 45 75 61 37 89 37 85 86 13 96 89 33 4 51 61 77 81 1 81 21 56 85 9 37 14 61 76 99 1 35 1 64 17 70 51 17 55 85 97 31 33 37 74 77 41 17 83 91 81 77 61 73 32 31 95 13 97 41 97 19 85 89 61 55 24 51 80 51 61 3 56 56 51 5 54 65 52 53 45 5 93 75 21 26 9 63 65 65 23 61 73 73 91 46 46 
29 8 37 48 45 5 93 16 99 9 18 93 31 92 37 41 17 21 1 97 31 77 51 100 51 99 5 37 57 65 13 66 74 1 61 86 1 6 7 26 37 1 61 41 49 51 33 69 33 76 33 16 9 95 54 57 51 45 16 35 76 11 21 68 81 81 21 9 5 1 53 21 45 63 53 96 92 1 61 91 3 83 34 69 91 35 78 86 94 81 63 81 76 71 11 93 53 81 23 79 
95 13 45 85 97 51 49 15 97 69 5 5 85 76 49 31 10 51 61 29 13 55 7 13 46 76 20 81 97 13 76 11 61 67 99 75 39 37 69 14 11 57 1 6 51 52 1 53 83 73 96 21 9 53 63 35 49 49 37 66 21 70 91 20 75 57 53 69 26 35 54 60 93 34 80 75 80 33 5 85 23 59 93 44 11 13 24 97 97 61 69 21 17 65 75 6 68 43 33 9 
87 29 16 81 71 17 27 5 89 51 80 23 47 13 21 25 60 99 53 5 28 18 26 1 56 59 71 51 93 26 23 35 92 53 65 53 29 65 74 94 21 89 62 59 31 85 89 45 96 91 1 91 13 36 41 22 99 39 23 42 33 19 93 9 83 41 84 95 33 31 13 16 89 34 99 66 17 66 25 81 33 21 17 64 1 1 91 86 96 39 26 13 45 49 16 28 85 87 12 76 
3 25 61 47 99 78 54 51 93 18 45 91 79 8 85 31 52 1 11 8 67 93 97 15 95 76 61 69 57 71 92 73 47 47 1 15 56 80 95 25 73 51 45 76 77 53 13 3 15 69 97 37 1 33 47 68 85 77 85 89 1 97 71 93 81 21 65 71 86 31 28 61 93 88 72 70 6 3 9 86 1 81 61 9 33 29 49 41 86 9 47 35 71 60 71 99 75 76 57 9 
51 81 94 70 77 62 1 71 1 48 83 85 9 52 27 26 17 75 6 21 21 12 51 57 90 13 89 27 97 11 96 39 86 79 53 31 9 37 72 46 47 45 17 69 47 46 81 89 1 76 81 69 29 77 1 65 23 25 51 55 85 65 11 88 59 29 81 1 41 37 67 9 33 53 31 97 53 87 1 1 37 81 61 94 47 12 18 49 88 51 97 67 55 34 78 1 82 85 17 29 
33 87 45 57 73 61 37 93 41 29 49 18 82 66 86 77 72 45 29 61 87 24 9 45 95 37 1 9 21 1 37 6 81 66 85 65 89 89 86 19 25 66 77 74 37 9 34 97 30 81 94 17 41 85 34 15 80 41 9 81 31 79 97 26 5 51 60 61 85 1 47 80 89 78 92 4 15 86 16 1 79 17 81 63 17 3 57 30 55 79 32 53 65 10 15 81 75 82 21 45 
86 71 5 81 93 28 47 37 30 85 35 21 1 13 67 16 41 31 48 5 89 95 69 17 81 43 81 12 81 33 71 56 97 57 96 99 15 5 88 93 99 24 61 32 53 82 1 15 35 76 67 72 91 51 41 95 19 1 53 66 37 70 95 87 91 31 41 4 1 41 17 34 55 1 78 1 96 2 45 5 22 95 3 51 26 80 8 80 21 73 7 81 81 11 61 21 1 9 5 79 
61 29 46 13 26 41 73 77 31 4 93 70 51 97 41 97 24 41 16 17 24 80 45 11 52 5 39 29 4 78 36 69 69 51 33 21 21 23 63 77 1 71 16 71 96 21 46 61 97 91 37 74 40 27 5 21 49 97 18 99 76 78 16 61 1 77 87 78 31 51 26 59 61 55 1 21 87 72 5 1 67 4 57 1 6 1 35 51 53 51 84 13 71 29 1 97 25 71 26 2 
61 81 42 39 83 65 57 1 21 71 69 27 17 14 1 66 3 17 33 46 25 73 45 21 93 76 41 21 71 11 1 16 5 21 44 26 96 71 89 66 1 51 1 39 69 81 11 37 65 91 4 33 53 31 49 73 85 19 37 91 15 3 11 25 9 33 51 7 16 58 77 86 81 21 81 9 62 61 51 93 53 23 12 40 21 67 46 11 70 24 33 31 51 33 46 89 91 81 45 66 
21 61 30 11 31 52 90 97 1 25 69 57 81 41 1 83 86 51 29 41 71 53 63 3 69 65 48 58 29 33 57 62 18 1 17 84 86 1 94 11 36 75 57 33 45 36 33 1 50 81 67 93 41 59 26 77 75 96 13 37 84 13 61 1 53 65 85 17 95 61 7 16 41 9 1 16 57 91 5 12 28 41 39 61 57 57 41 17 5 77 13 1 17 88 75 5 46 75 81 5 
64 11 40 91 24 29 47 85 33 96 11 89 61 9 61 75 53 49 7 41 54 37 43 86 57 9 11 85 86 41 83 52 43 96 95 46 59 47 25 55 21 49 3 47 45 59 21 72 71 71 49 96 80 72 11 46 6 92 59 5 56 16 53 86 57 72 3 17 26 65 47 61 43 81 100 43 14 56 49 8 8 55 74 10 77 1 81 100 39 16 17 41 85 39 17 7 9 85 60 51 
81 23 51 34 1 5 45 76 91 65 93 29 59 81 15 51 37 38 53 69 85 36 27 63 11 76 93 1 89 50 86 69 63 1 21 71 91 1 42 21 13 6 61 85 49 33 86 46 37 73 41 81 71 29 93 1 31 1 80 4 63 64 9 27 11 12 37 21 1 93 81 100 23 75 31 55 81 41 91 41 87 81 81 38 31 47 89 3 13 1 40 61 46 77 5 21 13 1 59 20 
52 74 26 1 23 49 69 23 91 83 67 31 36 85 10 81 33 82 71 3 1 29 1 51 99 17 65 11 61 49 81 65 81 53 15 80 21 61 83 55 40 6 81 61 73 11 95 21 52 1 57 100 92 49 51 33 96 1 83 69 58 95 97 11 41 9 72 10 89 61 1 94 16 90 21 81 70 57 61 46 73 96 1 24 51 41 50 95 3 72 1 27 54 61 77 95 21 77 1 20 
51 16 11 26 37 76 5 77 3 85 63 86 96 2 11 58 31 46 23 1 17 96 86 19 72 85 49 94 41 35 21 29 81 52 30 94 1 79 79 100 81 21 49 81 25 47 43 49 21 25 49 1 49 85 83 5 1 71 43 97 60 9 89 31 25 9 33 41 65 40 36 21 67 37 6 61 11 75 21 81 66 17 66 65 69 42 52 67 36 16 83 7 78 89 81 19 64 45 21 99 
78 25 53 17 71 25 26 69 31 89 79 67 37 81 13 61 3 8 13 17 9 59 53 39 57 39 12 49 60 84 96 52 77 3 26 25 55 98 97 26 5 10 17 95 29 85 41 21 86 49 75 95 91 55 46 81 22 87 29 1 96 41 26 41 11 41 100 41 13 61 96 17 77 93 57 26 8 41 89 23 87 97 49 58 96 21 9 32 93 37 89 33 82 21 33 78 45 17 29 5 
14 16 73 93 83 13 13 93 55 98 61 14 68 1 58 98 93 97 68 100 45 89 1 49 56 51 69 72 5 57 91 1 53 61 20 47 82 87 91 86 53 1 24 79 11 31 3 60 33 56 61 78 83 9 6 97 71 29 77 77 33 1 17 65 74 55 40 53 17 29 49 29 29 85 41 40 77 32 65 21 41 50 41 47 61 5 31 29 100 65 79 1 80 34 76 11 93 21 35 23 
52 45 81 71 7 36 21 51 73 41 35 9 71 55 98 9 31 61 15 43 47 27 38 59 21 65 85 87 14 9 57 69 26 81 1 16 60 5 71 96 1 14 61 22 10 71 81 57 31 93 83 1 3 25 100 37 5 67 57 92 33 52 57 91 45 37 61 87 46 41 26 97 63 91 86 11 93 1 66 63 45 46 53 1 61 53 97 1 91 55 1 1 50 71 51 71 81 51 59 79 
53 4 41 6 6 45 90 11 57 89 26 20 25 65 45 31 88 34 51 63 69 89 77 5 26 71 89 51 42 37 57 1 87 95 84 41 63 69 37 49 67 76 10 73 76 43 1 97 61 13 43 72 40 31 91 65 57 85 99 61 61 85 81 27 53 56 9 9 44 61 84 31 84 1 8 69 100 1 28 99 51 96 52 65 88 98 89 7 4 32 41 57 53 69 72 17 51 59 59 27 
39 51 5 93 1 71 78 81 94 11 55 61 98 1 7 95 11 92 73 65 69 41 81 49 81 43 57 47 47 69 35 31 13 60 51 56 35 55 33 69 25 92 85 41 83 29 92 85 21 77 41 78 3 51 97 1 79 38 50 49 57 65 69 6 61 25 56 100 75 10 50 1 93 77 7 2 96 91 56 66 51 85 79 11 23 5 21 85 31 75 11 29 45 7 23 15 29 54 78 65 
71 95 21 82 41 56 9 81 51 51 41 25 86 95 9 50 29 31 77 93 21 76 1 72 99 26 20 1 3 27 36 61 6 88 33 85 79 96 51 77 85 73 95 41 99 46 21 41 1 44 54 7 3 21 31 37 9 21 36 45 54 29 21 76 13 73 17 81 53 13 48 86 61 93 41 76 1 28 25 85 9 5 48 77 24 71 37 21 99 23 66 46 95 11 7 5 35 13 98 9 
85 5 28 94 77 21 23 5 21 81 24 25 44 14 3 17 51 89 67 79 73 13 1 13 76 41 63 81 89 1 61 88 7 99 46 16 26 57 67 61 13 95 64 25 1 79 53 55 49 51 20 99 61 77 49 3 51 31 1 35 29 21 13 18 51 30 21 81 26 41 65 7 31 65 46 69 21 59 48 89 62 11 81 21 89 73 93 1 61 16 95 64 65 47 75 93 36 90 46 1 
9 65 49 11 76 98 1 76 48 30 70 51 21 1 5 26 31 69 76 11 57 6 78 93 76 84 42 3 75 80 89 51 85 85 93 51 91 11 45 21 68 40 69 69 57 59 67 17 93 26 86 94 41 26 76 75 79 48 11 77 53 43 29 1 90 29 26 53 33 57 24 39 54 62 31 11 33 86 3 98 95 81 41 96 91 67 39 99 5 11 29 29 23 31 86 89 17 13 61 25 
33 61 7 9 71 61 61 47 69 67 41 50 26 25 66 17 58 53 13 69 43 85 13 61 76 91 81 22 13 71 9 58 11 73 85 73 73 46 49 11 19 89 11 61 4 81 69 85 35 82 1 69 61 78 86 1 33 67 43 13 1 37 66 43 96 21 97 61 36 29 81 28 100 96 91 81 69 55 51 16 88 41 61 49 17 19 41 29 41 65 25 41 26 23 61 77 16 89 21 13 
21 59 38 81 79 21 45 47 18 91 76 64 11 11 61 1 57 84 21 77 33 91 41 85 11 57 57 21 97 12 11 17 51 25 19 65 24 1 89 75 96 20 9 82 45 53 69 57 1 14 76 75 83 79 53 55 51 29 33 5 53 71 74 93 1 41 85 81 15 69 61 57 78 69 54 77 61 86 13 42 37 83 57 31 31 74 81 73 75 92 73 53 65 85 41 31 49 49 67 16 
88 49 74 93 41 96 28 31 37 79 21 21 41 85 2 66 78 19 1 87 61 17 1 4 6 65 30 56 31 65 48 53 41 33 54 13 35 51 15 71 51 11 54 40 49 85 81 21 71 31 13 1 75 17 55 36 81 19 11 45 7 55 33 63 3 62 1 17 55 62 51 99 98 41 11 97 39 5 85 63 30 21 11 7 89 100 25 81 11 80 42 61 73 31 83 49 65 54 28 99 
17 16 56 69 43 38 81 61 77 96 75 15 46 76 51 65 49 64 65 15 17 59 51 25 45 71 98 56 77 51 51 84 69 9 41 9 36 91 20 81 85 37 13 92 71 19 49 5 1 70 59 32 21 40 14 89 31 1 77 41 6 21 5 88 15 73 1 97 75 91 31 26 13 95 53 82 73 89 41 85 35 33 95 71 85 1 71 13 77 72 83 29 57 34 21 62 82 61 61 4 
