1
100 100
355 801 977 211 433 800 265 701 947 597 165 201 951 421 713 798 536 483 8 522 353 966 451 65 17 903 557 510 489 441 401 681 217 811 745 811 673 833 151 1 766 166 32 829 846 867 531 521 377 813 17 693 339 105 41 766 881 281 89 875 381 49 665 681 601 16 985 142 563 65 399 870 465 873 77 345 282 537 963 871 89 641 569 585 51 173 621 676 160 152 67 619 41 401 702 471 221 771 273 451 
481 651 897 131 81 134 491 757 905 529 281 37 891 233 61 221 757 265 737 466 994 414 730 301 909 113 981 503 241 374 601 336 694 12 968 287 157 521 569 647 241 713 726 114 456 395 947 129 146 497 216 937 941 336 207 767 425 591 521 221 245 101 649 1 217 419 53 793 44 610 39 663 961 801 752 876 51 625 410 296 118 55 70 900 43 889 916 289 305 301 251 95 15 953 481 221 501 277 333 90 
361 821 317 635 670 1 905 321 45 230 166 721 495 136 921 487 521 337 544 588 893 417 266 996 295 953 707 393 665 961 943 593 41 346 991 21 416 570 753 101 1 993 1 153 225 356 341 405 601 809 981 165 247 902 571 289 834 231 686 417 605 296 810 141 667 972 529 791 135 31 423 585 457 624 306 241 91 451 156 826 34 921 157 943 418 421 737 117 485 395 855 169 311 203 214 31 145 286 881 812 
726 932 825 189 117 41 919 645 41 791 899 921 501 641 857 821 961 657 641 791 775 429 41 582 901 551 489 534 581 386 944 859 331 563 201 836 637 359 681 413 321 406 519 563 121 511 492 665 419 905 713 365 361 255 278 441 738 173 621 509 326 907 185 537 449 791 825 193 557 199 485 26 201 574 154 805 25 33 818 717 130 201 649 151 357 617 695 83 359 652 239 727 757 289 853 445 337 141 401 113 
501 525 113 270 47 647 481 653 105 441 471 905 485 41 357 121 409 883 201 267 612 716 699 771 560 266 498 436 205 921 801 286 262 58 881 701 641 513 945 977 833 579 984 759 616 976 925 302 96 206 126 97 504 725 231 146 429 225 494 937 155 111 25 351 41 875 76 443 151 689 845 19 669 313 496 889 762 347 329 965 715 576 325 231 701 66 712 967 581 219 314 831 636 487 777 921 737 17 743 387 
889 641 509 779 885 543 417 29 175 888 997 423 261 327 33 651 592 593 896 125 288 328 991 521 991 829 977 89 529 533 341 859 577 513 17 109 413 966 821 228 93 847 653 683 881 401 355 839 5 81 681 965 41 767 52 476 793 569 473 600 829 849 811 425 461 730 148 542 589 329 769 895 839 847 183 370 221 491 271 993 565 151 901 486 572 474 705 761 263 487 836 521 961 751 581 537 251 579 405 415 
861 121 996 781 128 833 641 323 5 481 997 18 893 605 723 71 513 375 601 295 307 569 115 886 48 972 753 573 137 703 523 770 577 14 498 329 121 981 344 211 685 203 431 225 761 113 854 191 264 281 993 858 281 825 763 841 683 456 789 499 501 330 765 315 409 91 384 426 947 389 369 337 405 433 784 455 451 216 993 277 195 301 449 785 457 701 7 601 813 944 149 129 661 444 489 568 664 900 676 415 
819 886 341 359 565 716 956 837 226 661 161 378 255 853 121 376 783 975 195 231 460 117 781 24 359 477 489 833 536 811 664 909 177 605 601 153 645 611 672 534 579 714 453 77 229 455 961 115 685 216 86 875 941 195 451 13 924 201 545 211 553 847 381 507 313 169 113 584 101 274 21 501 21 529 1 989 664 900 392 485 183 235 746 112 609 219 617 426 501 96 501 986 757 29 32 347 546 1 897 894 
569 518 133 501 739 17 949 307 963 183 827 299 511 771 255 211 369 397 131 160 257 137 881 517 511 701 161 284 23 401 850 715 661 785 673 251 886 357 971 726 575 834 111 449 51 972 441 545 920 159 811 75 116 789 579 381 533 666 652 732 657 393 51 381 21 218 211 55 281 361 601 449 511 601 947 829 101 958 84 653 159 510 229 489 222 921 776 1 973 515 778 261 218 489 692 1 230 885 602 487 
113 497 168 895 395 353 903 369 969 268 677 43 505 515 340 952 549 273 337 780 646 833 921 451 931 531 921 576 201 911 511 931 249 292 435 831 89 21 178 801 35 536 663 373 73 423 151 967 123 201 37 865 170 201 664 382 395 903 449 337 281 61 801 146 369 609 213 482 715 717 921 861 651 432 407 571 59 383 721 221 917 619 116 345 871 681 296 191 98 169 733 335 551 31 757 741 46 401 373 467 
225 297 186 133 515 641 933 543 599 449 801 126 143 677 957 253 926 937 669 953 661 737 665 146 421 705 712 420 793 353 914 981 389 947 601 968 975 425 501 99 839 920 359 833 486 605 721 641 237 233 299 601 313 77 633 511 796 415 202 488 931 217 126 953 777 951 211 763 725 817 276 953 845 345 445 46 817 765 371 126 792 163 651 147 113 397 594 887 216 946 218 761 601 917 425 134 130 675 575 754 
207 681 441 562 671 85 338 468 326 129 265 245 983 549 516 751 76 169 827 777 177 769 195 871 691 135 347 755 548 481 129 701 95 597 479 705 237 501 816 515 48 744 129 1 789 39 91 262 813 479 877 697 296 9 575 289 161 821 183 695 251 351 626 361 561 751 463 434 146 313 206 195 47 303 941 783 597 105 289 528 885 841 794 906 143 924 883 116 287 661 205 473 162 37 119 293 429 909 586 520 
107 906 7 433 446 445 648 964 381 800 677 453 157 935 391 761 647 455 11 10 121 41 251 66 502 252 451 481 41 993 544 183 511 351 751 703 601 821 271 891 623 116 521 361 973 595 141 856 347 355 691 852 92 651 332 1 121 105 501 239 481 663 555 651 145 509 719 436 501 986 6 473 876 905 788 528 381 52 543 241 989 897 337 767 26 157 424 365 173 769 916 809 271 718 833 101 926 1 473 477 
889 301 266 26 797 536 163 443 633 883 230 61 509 261 713 217 225 919 515 121 157 784 837 907 803 205 249 539 962 611 799 583 128 791 1 153 689 309 366 538 477 125 523 657 630 576 456 59 81 891 701 966 786 41 81 343 977 737 975 456 990 131 836 101 617 752 270 71 520 801 337 750 481 953 301 494 893 577 753 836 911 397 893 26 185 481 228 287 721 320 821 111 841 1000 719 945 277 751 627 856 
194 501 801 95 594 793 351 701 829 158 113 367 93 177 998 63 327 182 725 621 628 725 966 215 847 295 673 941 309 896 789 855 577 477 321 811 9 549 2 457 128 561 871 637 936 287 453 580 481 152 41 169 479 14 697 806 921 636 117 349 711 286 141 649 601 891 829 11 417 286 197 854 737 713 233 409 749 128 201 514 321 368 407 855 681 781 201 976 883 109 641 376 141 93 914 887 961 819 53 460 
626 285 57 745 429 237 146 877 585 101 351 405 906 513 921 339 175 951 501 335 692 853 176 679 399 551 131 543 141 474 752 875 241 939 389 761 873 119 933 177 244 721 257 37 949 309 681 431 516 515 204 827 613 353 197 725 21 261 481 653 466 697 859 131 816 41 38 541 623 825 877 541 305 857 51 857 536 825 241 801 897 924 827 649 563 456 591 332 226 180 59 238 573 41 654 569 515 315 957 763 
735 281 189 851 136 264 615 126 361 465 521 757 673 241 831 157 241 51 409 966 161 827 395 51 621 901 725 881 896 721 125 713 81 205 990 633 875 257 177 106 501 41 281 81 131 645 498 446 841 227 601 75 113 29 481 601 21 591 249 136 777 913 33 576 646 985 744 701 476 65 512 303 609 630 397 341 884 539 513 893 324 891 320 911 301 927 468 657 121 322 977 177 567 367 1 709 185 361 245 22 
821 601 585 696 345 387 92 281 793 681 537 585 867 681 721 69 265 229 630 56 841 621 361 109 559 889 209 613 525 374 982 621 451 440 589 897 493 340 352 137 729 337 433 753 417 221 321 761 916 389 297 205 573 577 697 681 9 661 689 433 615 476 135 373 287 965 251 641 490 971 237 201 301 874 284 369 643 890 609 806 933 41 255 511 571 181 236 533 951 567 979 164 915 255 945 527 441 825 874 141 
1 945 877 126 916 197 209 267 76 41 232 129 201 166 432 370 821 268 957 476 449 261 861 681 852 721 836 146 121 675 598 617 781 825 165 847 111 69 831 869 201 333 811 485 137 345 757 509 19 617 926 897 241 145 61 721 828 839 763 445 142 48 937 121 371 779 186 76 521 313 260 337 779 691 393 675 51 277 797 201 709 755 57 89 313 97 727 505 769 467 471 117 951 271 753 26 57 343 801 117 
93 421 689 571 375 905 80 201 583 901 42 116 361 373 601 697 522 125 635 251 828 819 887 928 403 585 679 799 289 489 391 225 300 557 278 312 45 553 23 19 935 687 531 829 565 457 481 763 343 1 61 700 947 127 772 921 327 251 999 972 601 155 713 717 779 171 648 909 491 481 546 753 221 967 953 377 193 81 205 993 151 677 151 237 781 564 604 101 346 699 751 101 571 451 367 905 121 798 826 857 
823 630 518 531 319 596 131 929 344 726 621 66 341 26 740 501 141 997 652 739 6 631 472 893 523 431 651 186 491 769 285 481 421 381 175 417 601 196 161 369 597 583 243 561 783 576 465 487 705 386 109 185 873 201 704 781 141 191 637 497 996 249 197 533 581 817 474 405 670 305 669 881 801 671 21 422 108 671 297 685 777 646 255 9 976 249 909 793 123 241 686 943 13 82 486 483 21 910 941 553 
981 533 152 731 409 776 895 701 736 51 207 81 277 97 249 62 873 597 165 101 831 449 45 125 505 445 761 554 997 685 137 89 435 137 817 745 733 1 526 653 972 883 748 977 730 962 777 185 761 446 255 202 387 755 326 750 919 241 801 469 220 653 23 443 228 574 317 321 651 413 41 53 325 683 389 745 647 421 583 988 433 337 974 839 483 603 491 680 676 311 647 674 73 711 761 517 21 633 223 795 
286 397 601 495 153 389 48 818 256 161 449 161 973 9 241 536 197 93 965 181 13 545 477 60 742 501 547 100 501 953 435 988 626 613 201 573 937 94 46 65 881 705 837 433 359 19 201 385 797 301 541 678 321 453 27 973 141 527 436 131 201 1 981 968 511 861 34 759 251 751 516 868 119 337 801 9 755 473 697 241 824 651 443 842 65 841 953 42 393 772 389 361 106 67 687 445 919 169 301 161 
729 629 532 553 467 729 112 471 33 870 769 293 477 157 831 953 988 536 989 291 371 337 113 689 793 625 655 954 161 431 453 969 913 401 44 484 390 409 471 385 331 684 201 961 726 465 313 731 259 537 845 841 709 836 766 731 340 458 71 953 724 385 473 837 1 805 977 547 209 874 643 699 939 221 851 409 229 231 674 905 785 736 133 915 619 690 357 703 451 701 821 699 169 168 221 47 593 638 165 814 
211 497 561 207 665 846 953 2 217 631 453 407 473 582 513 905 64 261 753 666 357 219 468 784 231 991 831 235 409 601 801 75 54 905 439 117 54 730 928 631 203 301 105 815 676 377 801 169 565 420 213 207 101 626 601 123 101 928 585 675 769 771 128 311 5 136 801 1 519 1 71 316 273 933 639 837 711 276 451 415 53 325 917 906 333 172 433 921 855 887 463 780 573 251 46 254 529 507 791 528 
773 814 29 901 789 495 205 783 917 359 321 956 816 513 623 161 661 751 784 801 471 597 597 9 75 477 751 979 230 633 297 902 827 645 905 237 764 645 896 111 471 671 590 68 721 90 925 389 256 677 531 227 728 501 151 369 485 837 440 383 577 89 46 553 81 790 474 21 625 707 214 191 428 91 826 417 665 937 220 753 441 501 625 653 697 761 741 23 968 317 188 551 796 671 553 721 521 624 622 937 
801 601 401 664 537 279 809 807 817 83 151 369 186 33 161 961 615 892 91 346 364 989 157 257 896 280 568 163 972 538 337 149 421 89 121 615 957 251 567 261 108 447 793 391 503 355 355 927 976 953 9 262 736 144 301 248 881 671 243 290 370 734 895 170 894 869 302 827 451 239 853 977 123 385 811 876 441 161 277 425 210 253 301 233 937 315 529 476 921 534 313 91 816 218 999 495 611 272 672 485 
780 34 347 89 569 629 961 581 111 349 643 661 821 17 1 242 942 313 421 337 218 517 757 769 391 921 177 152 256 549 691 528 857 915 309 897 281 825 901 411 964 417 820 496 23 413 917 901 734 643 403 941 226 833 401 935 557 486 155 265 107 582 295 613 921 795 881 483 617 854 606 575 416 938 65 188 125 21 545 167 589 298 415 65 533 785 186 819 41 989 76 49 941 975 985 441 914 521 635 821 
275 755 1 557 657 361 222 571 151 648 441 986 435 836 861 109 235 871 261 283 424 137 272 469 545 329 273 121 508 246 821 881 785 124 915 58 759 255 370 666 938 726 759 961 145 827 77 105 541 87 37 501 451 413 927 697 497 977 244 304 464 497 180 252 669 889 665 701 663 45 449 539 449 287 325 543 881 73 117 789 641 253 985 33 101 186 45 257 527 197 413 849 265 907 107 89 717 697 610 705 
381 249 790 45 477 889 373 104 774 83 686 285 106 691 318 181 588 189 561 146 406 687 929 401 337 780 746 81 137 905 247 669 53 464 201 740 517 966 163 260 747 941 199 853 993 1 544 297 969 345 982 111 76 356 401 106 796 43 369 588 282 683 366 959 58 673 491 225 41 268 113 741 605 445 733 505 303 631 541 616 281 191 501 372 996 871 513 411 761 9 626 131 771 658 625 856 935 865 883 681 
153 581 33 270 451 702 221 849 547 198 851 138 802 86 945 373 76 6 661 176 461 289 700 193 666 825 71 357 185 729 858 121 721 359 773 473 521 480 426 883 551 136 33 824 25 883 371 581 529 11 116 117 426 578 827 241 472 325 541 401 265 658 333 446 833 729 654 687 315 831 391 313 370 383 81 400 771 413 201 477 716 513 493 397 884 81 41 735 558 287 345 907 381 843 127 877 911 629 911 275 
412 737 949 365 251 233 808 732 340 895 143 145 819 369 9 637 908 744 85 661 386 11 381 265 737 151 941 471 257 461 720 849 248 423 355 299 173 539 879 37 51 753 151 537 413 233 739 738 901 889 709 361 878 929 156 835 353 684 481 773 613 122 281 921 93 326 822 841 643 653 36 872 301 231 561 706 67 675 23 161 309 129 757 1 777 400 705 850 529 451 425 417 737 825 81 711 839 81 45 849 
901 851 890 11 941 437 848 751 44 928 257 641 476 993 14 514 181 204 485 750 36 212 816 151 97 817 785 759 990 439 91 402 905 301 256 539 945 557 509 776 265 679 266 515 833 201 452 696 697 812 721 377 433 846 142 876 707 921 9 237 233 117 352 699 592 516 164 193 617 649 69 689 537 942 326 909 641 751 851 558 993 297 817 353 993 531 73 192 816 923 809 565 71 77 538 541 854 751 51 861 
761 409 71 81 331 167 361 649 626 945 705 770 356 881 588 939 313 155 161 337 361 447 118 972 913 483 229 469 796 962 421 745 801 105 18 341 775 617 443 576 548 499 573 630 947 201 293 49 391 489 236 127 117 879 911 526 379 69 203 8 59 86 401 947 333 21 166 521 901 753 616 317 368 91 631 337 827 921 161 881 841 36 687 413 201 582 796 131 513 249 843 226 977 537 841 136 433 577 665 961 
201 501 161 218 129 298 281 81 89 309 593 35 673 81 835 410 687 581 521 661 126 728 239 798 196 114 93 333 129 611 229 546 908 900 11 25 137 539 691 955 125 406 359 997 207 81 66 432 273 241 821 857 821 241 999 321 541 881 799 921 406 392 367 159 525 44 349 529 348 417 309 753 64 677 616 693 153 625 221 919 326 721 601 929 529 89 103 293 555 427 318 951 401 575 75 60 978 87 325 591 
441 117 57 105 403 613 401 513 757 901 777 251 530 260 41 767 761 201 131 246 42 445 65 389 705 441 895 385 526 629 1 697 53 247 589 840 857 649 625 900 445 329 625 361 367 252 49 792 559 26 489 821 613 691 709 393 121 593 808 261 17 304 317 893 738 52 419 797 47 209 195 269 324 409 221 126 513 383 734 233 366 328 31 285 381 145 592 443 351 172 480 1 343 711 667 505 489 951 795 751 
712 836 437 266 43 846 985 971 601 768 497 501 881 79 367 326 201 99 641 762 315 567 497 89 333 705 1 117 716 442 981 953 103 81 49 664 801 443 860 501 312 199 664 13 236 487 937 383 249 290 807 741 609 645 701 953 562 453 479 195 581 51 848 951 821 897 986 921 976 521 277 941 97 810 905 685 601 827 945 804 170 793 135 143 514 53 475 98 312 204 553 501 531 71 41 611 939 375 116 177 
646 673 159 865 441 27 609 857 333 351 189 816 617 17 887 691 177 424 406 689 209 657 323 45 287 641 653 295 915 281 686 956 331 85 601 265 319 363 745 637 526 861 441 181 443 140 721 343 876 501 265 552 426 751 754 481 139 220 904 731 651 658 34 547 856 751 821 3 601 905 993 151 651 390 921 131 493 71 371 717 676 291 41 809 6 761 46 219 97 856 477 273 25 381 121 695 727 192 721 596 
210 361 209 161 201 408 161 266 116 775 641 373 493 247 277 25 26 440 58 561 901 661 366 369 553 865 533 558 847 924 173 85 276 426 790 629 749 81 121 15 194 537 190 545 316 716 753 929 391 218 241 975 753 29 338 909 473 451 989 243 510 519 289 353 557 321 777 739 977 273 585 977 879 849 393 953 425 353 261 497 88 553 793 65 977 313 565 616 301 261 963 462 45 317 18 263 573 351 420 386 
839 393 746 745 977 64 464 126 767 389 131 401 371 808 999 752 961 988 51 603 505 957 313 680 911 551 319 137 656 665 881 903 902 38 641 121 339 757 273 351 541 725 497 570 237 276 145 879 189 510 776 431 956 956 41 259 992 526 888 52 546 511 461 81 391 137 352 571 651 942 673 836 911 981 8 801 929 101 482 989 431 219 432 263 437 133 857 117 626 661 169 293 969 466 167 626 629 116 345 571 
41 305 131 89 431 528 651 636 281 793 953 89 997 551 473 601 950 264 261 961 998 441 941 274 40 351 279 791 847 39 813 823 596 225 869 145 59 163 421 681 871 289 923 561 205 945 141 33 521 345 956 981 139 273 259 137 221 53 769 767 560 781 851 681 981 877 426 193 737 418 821 109 658 16 121 207 899 709 73 819 913 699 636 404 713 383 33 142 281 17 977 759 526 321 401 899 883 757 781 947 
369 741 770 649 281 402 676 102 561 246 553 737 109 385 421 43 907 41 57 801 610 244 593 393 403 771 721 481 207 349 233 379 831 721 454 225 588 391 255 13 631 369 656 754 429 879 582 579 120 26 161 571 581 417 921 828 795 53 826 333 679 289 41 147 926 277 945 697 287 268 233 636 181 353 383 33 589 161 541 631 737 335 165 405 189 207 305 656 637 992 441 761 875 561 191 913 521 321 619 106 
793 724 360 755 31 113 41 215 632 649 55 433 237 311 1 553 627 259 668 513 811 703 268 441 321 329 601 457 911 797 335 625 761 521 265 585 159 282 209 429 639 701 541 993 479 98 9 307 737 41 367 841 94 657 807 807 959 741 771 251 889 764 349 216 225 721 201 611 671 246 423 859 677 341 691 85 827 276 776 209 953 511 394 966 349 831 81 965 679 902 831 51 25 917 219 313 181 569 447 6 
777 45 92 886 676 433 983 948 99 57 986 184 881 734 17 969 161 506 419 201 921 44 603 534 302 506 52 81 311 841 858 954 913 289 285 194 45 738 183 311 87 305 110 921 406 26 801 777 721 244 181 59 295 279 697 298 809 597 296 785 129 509 721 41 921 943 155 526 921 983 388 135 193 419 802 771 387 847 457 301 23 544 342 420 281 849 108 615 567 729 907 169 171 951 967 533 717 299 641 905 
233 51 401 84 851 861 881 57 295 876 37 147 777 357 289 786 129 351 833 363 287 401 301 577 241 661 325 693 729 557 593 351 496 41 249 6 309 732 6 323 262 135 413 461 518 435 673 641 767 719 688 226 323 655 101 458 711 721 481 366 713 781 201 329 935 537 769 889 193 969 695 344 897 871 760 966 311 665 233 47 251 51 554 87 521 93 126 145 297 587 353 856 823 681 641 251 593 145 493 237 
827 857 737 411 985 146 599 540 120 643 106 211 221 179 421 557 187 385 373 996 187 857 168 571 177 921 13 363 533 9 306 41 905 193 561 962 581 537 466 333 661 790 399 199 55 980 172 831 807 461 257 417 1 847 581 726 61 73 129 916 783 374 582 387 184 434 201 353 680 389 485 745 716 160 965 217 549 41 989 910 796 363 807 341 645 101 351 210 351 906 571 915 55 855 9 94 727 801 735 198 
45 23 529 320 910 405 563 704 946 170 461 431 34 171 553 353 155 71 864 841 489 337 120 841 163 3 186 61 733 337 949 559 201 807 498 630 501 253 726 646 339 558 467 701 621 875 139 593 790 646 777 281 259 636 625 311 389 486 303 681 545 501 629 1 633 169 697 746 153 18 123 181 996 185 157 609 629 225 311 201 273 263 426 401 633 681 821 788 435 735 51 973 884 609 31 891 671 648 673 733 
561 614 849 352 429 146 513 323 991 693 457 18 145 725 383 953 251 835 626 545 509 905 833 921 662 216 537 941 407 381 412 43 171 933 587 260 100 601 945 873 127 863 576 441 521 65 731 871 925 463 781 109 466 237 905 397 789 531 684 705 982 936 718 457 497 956 503 228 985 162 206 412 896 11 737 448 721 58 569 779 659 73 873 61 331 999 171 641 1 481 726 381 898 997 938 465 559 1 793 769 
201 681 881 882 239 127 653 505 793 981 321 971 521 205 471 845 26 381 48 761 857 579 847 356 39 206 361 16 641 181 629 914 741 605 633 225 313 237 971 21 940 881 417 521 109 51 240 501 496 240 163 769 809 650 523 21 227 887 401 807 149 777 385 953 273 761 371 936 701 935 610 657 231 681 721 983 537 121 723 633 190 553 955 395 926 94 736 701 347 129 90 281 605 535 331 833 837 989 843 176 
41 217 510 991 718 806 326 556 561 449 473 332 626 304 915 289 813 951 516 291 380 912 893 625 323 109 251 821 454 802 91 781 20 28 385 281 601 369 901 747 881 509 648 653 414 434 108 913 325 88 809 125 513 593 125 215 561 224 809 963 115 321 701 540 611 771 801 563 761 593 782 141 136 65 511 30 1 51 777 395 924 567 730 151 877 913 361 208 209 106 341 661 647 777 695 241 728 251 887 457 
705 383 71 965 469 53 126 105 555 1000 681 953 159 632 455 134 499 1 622 381 116 554 323 909 164 144 633 476 681 906 727 985 256 698 596 420 362 669 796 7 433 201 45 20 862 486 633 34 187 711 215 557 793 441 137 1 713 403 961 449 429 636 183 393 529 211 685 708 201 429 394 463 233 211 401 749 761 761 749 241 722 329 85 431 584 978 440 956 505 521 777 708 735 309 224 151 365 458 661 843 
817 176 379 413 676 250 735 369 410 175 977 414 923 497 539 513 774 139 671 233 49 705 526 525 509 761 152 257 607 851 195 321 417 929 803 200 417 415 413 185 756 765 845 709 201 157 498 984 319 536 439 901 201 627 959 9 297 991 549 841 809 734 405 276 221 715 238 881 283 561 771 751 284 932 129 495 798 201 185 361 439 252 221 825 261 440 544 189 246 636 301 921 941 538 394 297 1 104 969 337 
681 541 297 77 201 311 561 625 407 740 569 801 251 235 704 537 967 651 374 281 543 671 543 801 126 926 449 635 132 718 211 24 241 641 601 506 381 493 73 443 386 758 91 257 433 800 39 193 174 806 985 393 673 145 158 177 801 961 345 650 301 936 773 751 876 991 888 421 21 171 883 621 277 204 886 269 201 191 220 545 31 381 473 501 467 191 457 823 548 482 857 13 34 416 721 201 443 233 951 306 
801 391 167 401 724 155 321 401 892 543 414 103 537 449 521 121 506 612 249 151 301 1 525 168 305 764 537 587 401 142 681 81 889 689 907 624 45 947 181 98 961 304 64 861 901 681 986 325 710 447 449 337 369 329 819 597 425 313 893 881 501 573 597 773 981 241 451 881 267 193 689 309 81 433 536 593 377 381 209 687 71 169 585 561 712 208 775 325 737 255 593 38 916 392 161 751 709 846 771 455 
298 469 586 181 851 110 264 555 816 837 189 650 368 245 705 387 817 686 567 663 785 49 151 977 799 525 45 865 890 51 978 541 317 183 999 677 181 2 221 186 904 541 313 117 201 191 451 811 644 362 249 346 561 307 443 581 135 299 634 97 821 485 705 599 741 570 597 232 991 302 888 751 613 615 233 713 977 269 825 439 391 381 206 437 976 601 361 333 223 627 168 636 185 121 948 433 500 13 181 315 
563 519 241 789 304 817 921 199 17 433 56 185 224 121 368 1 181 53 713 346 281 577 670 743 421 819 17 726 943 385 78 701 216 220 460 377 957 931 40 46 841 17 255 293 369 827 385 377 354 37 1 876 243 66 887 719 755 871 913 506 473 961 379 142 401 1 462 829 951 334 435 923 197 157 661 795 191 461 239 77 9 597 187 983 515 744 809 453 332 804 861 945 177 199 401 845 860 125 801 641 
801 352 165 711 563 161 9 43 215 757 377 245 513 91 510 961 581 449 331 93 441 932 255 510 118 821 751 865 595 209 228 204 717 119 129 909 443 121 466 513 728 204 921 136 849 518 266 161 197 577 721 826 605 181 465 323 479 422 771 101 346 211 392 566 831 241 552 633 303 228 926 261 189 429 421 167 501 851 953 821 877 589 831 469 161 709 233 556 261 715 45 901 565 935 881 561 118 507 785 782 
129 999 81 407 703 754 493 34 353 763 641 696 333 251 552 193 463 101 735 367 598 245 561 253 981 544 519 871 155 200 460 649 529 86 495 125 365 9 589 943 204 776 256 841 916 476 835 261 133 715 405 497 471 270 775 791 551 411 161 791 825 51 898 476 22 594 951 561 511 441 385 721 271 866 161 811 641 456 447 885 778 761 287 729 1 761 501 485 1 778 169 872 508 449 535 849 355 921 761 331 
111 755 211 929 506 30 813 359 94 944 317 864 11 89 676 29 133 512 5 228 736 901 702 909 921 36 956 321 617 781 219 191 419 41 659 781 641 511 313 593 621 629 221 681 226 947 754 83 137 612 21 585 505 306 865 786 433 443 461 497 747 181 516 941 225 369 16 923 121 587 393 445 121 991 336 697 297 307 38 781 681 945 573 732 843 449 671 467 881 234 551 273 67 958 680 913 681 24 321 401 
421 853 59 309 255 551 153 253 918 761 570 49 776 741 515 937 609 416 449 143 429 918 773 801 281 976 751 551 885 325 1 553 281 148 592 464 53 677 886 213 121 706 875 481 529 881 211 114 458 351 111 425 127 505 121 91 176 146 53 347 738 290 963 239 865 441 641 693 356 147 509 921 223 817 926 761 671 218 221 134 965 667 991 861 93 850 621 377 570 766 1 275 496 441 61 731 592 461 330 182 
389 942 821 26 848 84 213 227 637 777 442 333 637 492 309 567 430 441 129 805 532 346 942 153 327 51 940 253 255 981 771 461 121 175 789 262 957 410 551 494 230 555 61 482 76 91 137 986 987 954 515 741 128 81 261 113 634 99 791 497 570 201 578 401 77 251 865 821 481 268 551 834 571 577 116 781 761 765 803 819 79 797 953 451 727 742 353 843 382 735 230 271 897 153 296 945 696 179 607 735 
57 355 159 461 943 473 916 833 101 24 626 968 758 671 151 381 985 569 179 327 905 737 761 73 633 506 341 287 601 561 557 219 514 501 257 813 513 519 861 634 61 591 449 841 903 401 755 289 140 198 449 577 641 725 759 998 181 911 29 124 1 1000 316 639 985 273 275 556 615 753 19 793 962 806 601 121 224 279 937 793 255 737 551 841 17 901 564 929 125 461 351 643 17 49 459 17 181 749 473 408 
544 965 145 935 615 386 341 899 308 626 183 33 7 682 903 983 226 321 409 192 265 791 591 761 44 653 393 901 751 256 893 757 961 181 376 671 423 158 374 678 223 441 715 346 964 485 545 841 781 81 197 461 892 713 361 321 77 761 1000 219 159 521 905 607 145 577 458 916 189 297 355 871 391 97 885 843 389 651 744 137 371 230 641 293 575 201 390 113 97 321 921 591 645 99 824 69 879 95 445 485 
561 260 213 537 306 12 825 369 469 683 893 447 9 700 857 825 106 3 143 701 901 74 914 289 741 721 86 361 501 236 536 563 116 555 21 126 941 591 913 495 426 86 837 367 481 976 865 281 257 750 189 313 157 91 54 352 259 690 149 161 610 920 852 343 186 1 778 301 551 497 605 966 921 155 663 345 338 273 549 141 841 381 921 587 571 709 241 701 772 201 141 829 593 181 433 323 345 561 166 765 
105 401 262 411 881 951 474 801 393 581 471 246 45 301 331 801 246 413 26 378 657 755 436 1 913 676 907 733 637 71 677 797 651 381 741 105 380 163 174 139 588 692 593 475 161 26 381 785 261 207 821 216 546 709 656 649 406 707 713 569 553 809 165 194 917 792 336 305 65 170 801 571 193 57 447 700 417 819 207 906 857 223 155 663 660 729 287 547 31 475 384 985 395 351 6 29 506 481 542 993 
389 23 117 183 833 65 551 686 376 473 789 417 577 480 851 161 54 800 98 653 757 532 106 779 951 257 421 251 475 334 33 177 515 183 711 241 121 734 103 740 431 613 865 626 258 811 985 544 1 557 169 326 572 873 245 57 776 554 41 5 316 961 437 421 785 289 155 765 201 273 626 753 210 961 33 24 675 444 651 735 512 961 801 506 448 373 956 301 929 177 225 819 881 161 86 226 601 249 895 83 
765 284 278 398 873 475 953 693 826 85 560 785 144 341 753 175 381 553 876 290 137 897 281 513 581 813 282 343 881 873 120 627 922 617 282 522 313 805 133 191 448 929 953 590 383 711 205 481 229 162 933 596 431 751 705 688 234 37 841 1000 985 747 944 353 849 329 409 329 229 379 125 191 358 241 839 493 791 166 737 129 466 201 404 198 642 776 289 646 190 289 849 316 313 389 841 645 235 135 679 327 
117 9 409 875 458 433 926 254 681 473 71 108 911 955 481 451 205 901 779 511 185 977 777 405 551 41 37 207 851 769 87 37 881 436 428 668 558 887 1 44 361 991 245 251 869 531 96 63 793 309 785 945 85 765 955 201 569 268 427 373 915 617 987 806 396 814 247 603 689 534 905 539 235 579 379 101 216 113 530 289 466 184 563 841 891 609 89 993 678 180 350 73 169 878 711 448 95 223 671 265 
913 863 241 550 570 220 389 497 27 802 492 321 291 47 289 516 751 809 676 904 393 883 801 403 499 601 829 609 938 756 716 46 249 801 941 137 486 230 609 229 779 643 768 863 224 851 859 601 612 854 559 442 525 401 281 319 603 419 501 46 41 776 111 436 537 271 629 211 341 383 773 471 601 501 508 948 186 441 265 369 454 372 940 912 465 201 5 333 969 857 661 839 281 741 166 451 97 130 121 708 
857 760 321 356 46 969 865 945 879 33 553 573 168 839 737 473 513 408 929 881 841 667 100 541 781 225 946 261 39 437 432 961 117 465 221 779 827 119 609 83 953 774 529 165 961 793 324 63 135 395 253 271 881 839 633 575 441 951 798 369 507 961 245 47 451 708 250 393 995 121 983 829 331 266 506 171 211 951 753 869 413 753 139 675 151 321 105 565 625 501 49 577 921 975 993 369 657 941 291 693 
353 693 776 917 521 539 921 439 551 372 849 359 554 821 121 763 565 293 836 563 56 651 324 6 933 801 895 281 461 649 496 711 841 347 251 677 513 307 148 121 569 675 434 989 571 236 640 609 423 63 537 799 335 146 436 401 136 609 296 749 105 301 601 710 329 741 391 609 461 756 985 730 621 255 361 219 460 609 75 889 241 185 835 920 7 523 211 569 283 225 373 501 521 135 749 146 697 483 561 872 
81 565 9 477 754 596 779 951 456 329 221 451 237 933 527 111 813 805 211 307 137 94 425 856 377 129 895 289 73 454 55 601 461 401 913 492 335 461 593 977 341 143 693 255 452 941 146 475 919 833 565 73 21 1 145 167 103 585 941 961 279 305 951 983 665 801 361 561 415 786 799 581 976 472 618 805 233 961 681 311 861 126 501 857 304 317 893 25 381 55 201 151 536 345 889 381 874 27 1 87 
593 998 450 587 101 901 86 713 830 133 381 488 307 433 668 45 287 710 361 332 23 715 217 864 761 444 222 802 347 915 810 701 9 401 458 861 633 11 1 263 613 135 341 431 813 557 485 521 817 281 546 774 461 841 673 473 420 601 95 817 201 231 831 206 42 338 161 261 781 415 731 705 177 665 641 281 833 148 137 647 139 877 771 553 185 921 241 875 651 927 521 273 978 231 648 861 473 121 401 971 
645 412 975 755 471 401 21 386 911 405 27 692 533 611 86 315 929 481 653 173 294 985 183 434 121 402 877 41 521 218 477 766 795 136 821 959 445 81 612 656 197 177 245 861 395 465 689 485 961 367 560 537 593 33 93 111 695 229 525 190 467 241 837 395 381 353 379 687 61 943 181 204 217 793 448 209 381 683 689 309 945 368 626 941 207 233 979 233 594 257 729 527 808 929 733 785 601 42 516 33 
304 337 441 645 801 394 911 921 929 604 626 686 968 556 886 336 1 327 16 251 485 501 723 825 850 9 11 281 869 129 704 925 277 751 432 961 885 129 949 931 521 1 105 441 451 915 74 725 595 509 801 17 573 968 270 615 953 401 321 610 59 41 859 803 577 405 291 617 261 520 881 491 481 284 821 453 609 101 117 577 591 481 726 876 973 515 991 623 829 842 595 679 606 147 957 691 651 837 458 41 
769 289 878 402 521 322 368 124 960 355 430 292 913 796 283 356 296 749 231 80 693 705 809 779 489 97 53 231 790 525 152 933 319 561 677 245 124 777 805 665 230 815 91 617 237 414 505 672 589 564 211 776 561 201 421 124 197 49 126 163 391 379 559 842 799 203 191 418 973 111 403 31 755 93 5 926 771 788 661 471 727 179 714 897 601 640 549 217 425 260 781 181 996 345 609 127 491 321 841 284 
486 101 97 817 861 337 541 649 863 217 545 998 241 9 321 516 168 339 289 721 457 849 921 971 843 361 821 104 197 21 913 251 97 101 277 159 891 81 717 443 631 815 255 133 753 609 961 649 726 545 51 129 734 650 567 219 561 369 351 329 739 413 33 970 777 266 244 393 937 783 939 609 951 503 516 757 133 739 497 284 676 841 214 905 841 489 729 461 413 473 165 20 517 301 969 421 241 21 513 297 
486 81 73 733 65 509 857 305 585 526 310 281 725 431 819 465 660 89 347 541 385 37 246 273 31 931 407 121 37 223 177 201 783 666 717 812 958 97 574 939 753 914 473 629 881 968 695 142 533 701 295 311 719 773 661 370 685 941 11 281 504 275 175 801 511 267 177 401 663 641 639 451 873 25 701 189 8 215 814 121 403 509 241 61 238 537 621 249 533 807 330 621 81 537 843 955 612 380 665 473 
687 121 393 806 642 789 821 123 301 974 673 696 841 737 136 387 412 892 187 449 167 349 321 401 883 553 636 109 1 514 956 153 772 281 901 381 423 236 370 969 201 901 753 769 399 192 593 923 793 121 88 123 721 405 183 599 621 609 817 764 526 244 947 631 652 387 421 661 669 767 495 701 722 401 254 651 13 225 565 615 324 366 156 901 296 757 749 616 28 246 601 751 641 609 619 851 748 691 331 103 
802 985 161 311 957 289 101 905 868 571 363 61 147 501 751 545 453 404 76 380 77 559 471 921 547 937 991 220 687 323 912 96 969 601 661 527 537 621 391 949 778 201 274 437 908 937 215 56 673 713 61 843 769 76 47 561 827 199 920 311 587 118 201 254 276 775 185 131 377 237 847 643 257 7 598 871 421 165 753 761 609 994 147 591 321 390 61 739 148 381 252 465 633 865 691 961 663 181 809 133 
601 981 437 769 641 565 921 611 149 801 426 730 324 897 877 271 728 189 626 11 289 284 605 832 813 941 51 823 732 975 341 193 569 947 421 154 71 637 425 635 361 277 229 485 211 227 793 429 957 961 996 306 121 113 842 27 740 926 473 951 569 597 967 193 261 929 545 501 457 21 751 651 300 1000 185 659 385 399 654 757 425 751 333 691 863 681 67 830 879 632 901 751 241 986 401 634 693 215 616 91 
760 519 687 41 95 537 385 11 55 579 608 785 917 466 690 386 269 881 41 543 753 724 493 33 507 385 587 133 797 718 920 572 489 297 399 987 417 526 5 17 408 396 922 517 107 7 782 401 591 563 157 957 817 281 186 428 429 601 505 215 491 80 248 766 801 981 936 591 821 873 441 449 871 573 465 701 919 85 577 493 501 281 57 617 22 411 221 147 871 555 93 591 658 343 417 951 231 461 760 381 
763 609 603 841 321 992 305 501 790 931 330 721 289 301 925 547 439 1 705 831 225 696 501 968 197 761 321 413 625 61 525 665 63 371 126 577 491 137 582 996 669 183 851 849 346 45 197 912 364 579 357 433 161 9 891 295 285 915 41 105 152 999 653 15 945 101 201 91 412 840 801 283 71 541 891 371 243 1 969 545 361 58 950 369 225 933 436 606 537 880 643 26 867 667 887 385 392 769 886 297 
401 606 949 901 221 776 501 828 553 435 301 951 115 293 503 379 826 240 873 227 303 675 842 973 572 945 718 195 1 436 976 829 433 833 195 152 162 876 897 177 227 537 815 957 121 459 277 601 229 711 237 61 121 133 99 901 29 913 929 631 490 665 551 841 557 567 585 763 757 20 685 115 245 201 27 601 941 889 171 701 611 575 265 526 28 420 951 937 223 376 521 767 78 318 575 747 784 579 751 201 
330 513 432 379 96 823 583 617 609 65 867 933 455 537 932 265 255 767 669 645 87 783 945 25 769 188 561 623 673 481 1 377 256 205 820 125 897 523 831 376 437 125 399 289 551 613 476 31 135 634 76 96 41 129 345 637 187 57 697 926 65 614 317 597 118 69 931 530 129 998 31 41 528 445 641 412 976 902 348 561 545 886 114 711 1 131 801 325 929 379 111 761 973 553 129 117 954 569 662 357 
505 881 154 329 505 166 703 561 648 802 473 901 167 721 594 21 414 576 947 859 178 421 725 880 188 461 336 911 766 721 169 201 857 241 248 548 396 721 23 489 376 457 396 220 313 826 963 103 47 543 465 124 716 320 953 299 551 901 351 885 545 166 289 869 525 271 420 586 18 219 893 337 221 711 121 276 121 57 517 345 599 785 696 470 437 285 425 301 793 954 993 674 895 561 225 939 333 137 57 209 
919 63 371 802 507 60 336 341 901 938 615 228 991 115 871 414 146 249 437 655 51 606 111 976 401 441 571 728 775 966 857 197 119 616 641 521 941 881 998 457 89 317 41 714 826 648 5 691 558 827 971 473 800 63 453 406 897 701 901 565 229 837 713 743 781 912 671 921 121 1 651 706 453 811 779 356 806 31 721 1 346 300 636 987 91 977 318 226 621 537 571 129 691 720 491 657 217 1 617 961 
1 985 680 965 569 753 227 204 501 17 226 234 651 525 893 598 441 793 346 702 805 876 32 639 502 117 441 713 167 148 81 107 689 1 348 641 809 875 425 920 32 665 334 409 876 451 441 601 447 21 81 81 771 673 401 953 761 81 593 476 313 749 417 376 289 351 525 605 867 258 252 181 1 776 313 975 771 760 395 668 236 559 299 695 929 369 601 383 209 54 459 913 921 47 251 220 401 319 113 81 
305 145 713 444 129 221 751 720 961 568 246 142 213 873 740 831 17 531 197 202 128 989 757 297 241 985 531 335 393 91 97 726 318 921 997 945 121 881 543 526 837 397 876 836 681 307 991 249 340 31 271 534 231 695 859 101 671 437 603 219 261 657 16 267 589 244 323 505 621 541 801 158 833 177 181 319 337 305 367 401 11 466 26 289 691 551 876 91 201 521 751 646 825 189 230 233 701 599 361 783 
931 479 467 231 655 641 161 22 16 561 737 908 259 665 526 889 505 705 866 781 527 569 571 731 477 721 787 549 883 345 298 455 731 1 884 137 186 76 937 794 661 490 951 201 605 585 337 459 810 745 230 460 301 586 894 601 829 929 113 9 359 433 259 611 565 89 797 178 169 2 203 665 961 651 313 665 956 863 218 341 627 201 226 11 1 641 689 953 780 221 517 441 644 961 609 1 51 367 583 581 
216 201 224 85 321 12 268 881 407 161 141 937 688 218 751 481 94 257 360 901 876 303 1 575 436 385 571 500 887 913 501 653 503 756 475 333 539 817 381 785 203 481 109 671 677 7 206 432 191 607 55 915 740 413 785 961 993 525 590 193 33 246 681 276 639 896 839 510 859 277 171 583 583 564 901 899 871 81 665 530 97 289 521 366 609 852 379 641 348 286 796 335 742 701 631 102 777 233 1 776 
161 209 701 369 153 953 673 873 297 895 939 843 668 18 251 800 118 505 669 298 807 385 653 486 911 217 181 598 843 291 183 583 863 801 562 203 355 832 707 897 531 391 171 611 864 981 585 331 815 541 161 895 257 241 6 203 909 151 297 61 741 537 825 166 883 307 188 861 119 641 329 476 41 932 699 718 436 485 185 9 243 385 106 641 481 861 887 301 811 101 163 601 181 468 531 561 631 87 183 473 
381 511 111 93 804 563 621 601 841 613 526 660 811 335 283 85 665 437 335 157 685 502 561 26 601 634 43 85 881 381 551 329 349 41 257 18 31 16 879 511 303 336 681 683 905 785 533 276 501 817 220 178 249 560 127 1 857 961 385 341 657 1 601 56 777 701 395 536 306 613 249 81 827 807 596 530 905 997 959 610 374 809 961 455 332 321 647 717 601 136 204 49 991 658 369 733 389 757 624 789 
481 649 601 889 481 841 41 126 398 1 606 597 81 321 751 269 26 182 337 624 489 871 661 973 86 477 181 187 892 518 993 713 973 651 401 405 496 985 541 433 571 121 969 561 11 65 561 361 384 250 211 718 205 581 699 239 609 185 598 661 333 793 279 524 509 697 896 579 766 861 155 322 361 473 181 699 672 477 516 501 912 1 133 494 701 187 554 196 192 725 465 305 550 911 621 259 544 601 321 149 
895 545 633 245 543 742 51 845 465 406 848 969 433 862 525 501 865 839 406 571 783 739 231 609 933 609 125 763 876 663 17 989 745 614 441 932 107 41 826 163 469 68 353 115 337 305 215 153 851 283 162 101 225 1000 185 191 569 914 331 710 717 251 801 712 534 130 830 866 883 967 126 677 361 191 961 265 384 622 101 882 591 83 429 871 401 991 937 887 683 931 985 903 173 773 340 645 707 881 513 291 
760 577 23 526 815 969 851 521 579 76 942 709 366 321 956 180 169 675 811 682 613 487 355 926 597 906 776 102 656 984 616 245 728 241 937 907 181 527 489 686 473 578 281 221 201 839 983 873 643 900 837 473 396 785 855 872 363 381 51 980 417 349 713 285 721 343 702 480 521 852 849 781 356 622 805 284 1 507 941 651 126 606 106 467 101 969 65 963 371 340 898 706 389 897 777 804 807 929 275 624 
950 547 701 80 281 570 317 726 197 853 347 730 321 980 149 627 213 761 636 886 410 450 397 605 801 370 801 961 678 77 195 201 353 451 381 809 305 615 419 694 669 83 201 516 252 616 785 395 597 161 391 689 694 183 769 233 321 837 1 507 965 545 703 7 745 401 299 493 666 126 111 861 713 269 941 740 195 56 727 310 768 190 17 433 151 285 697 351 41 849 689 341 893 513 401 850 75 505 633 953 
665 451 184 257 232 15 81 255 965 937 119 946 481 491 441 4 569 869 341 289 787 269 966 423 661 254 587 263 645 626 764 385 287 9 941 154 987 517 748 1 689 501 527 838 1 511 963 847 615 429 49 901 767 13 81 239 513 713 107 241 516 486 467 421 676 383 905 201 302 574 675 603 569 401 365 961 225 486 157 635 669 357 491 885 921 481 972 433 329 793 221 601 584 761 493 489 751 978 181 373 
241 265 225 113 615 709 136 189 185 115 778 123 657 480 141 849 956 692 857 817 710 589 769 703 501 498 321 271 357 695 563 408 121 991 55 551 166 477 301 433 779 193 728 1 789 185 895 545 874 995 141 391 117 961 937 283 165 281 485 499 41 801 911 294 749 851 21 602 441 347 25 181 401 409 878 761 88 711 321 753 451 316 841 251 189 1 79 901 907 386 577 669 1 853 241 999 948 26 121 849 
80 741 48 707 501 51 543 869 793 174 381 815 261 455 841 397 421 280 793 259 471 985 357 709 289 326 641 629 777 395 375 945 95 389 201 496 721 609 379 404 561 945 497 851 197 142 401 42 849 521 953 892 417 333 481 70 161 489 221 691 353 451 226 301 673 439 430 711 531 584 967 799 375 401 373 844 885 641 65 671 942 128 469 89 509 289 766 98 585 645 681 26 691 167 705 348 961 494 199 201 
