1
10 50
3169 63 1681 5843 2571 1895 7335 329 2936 9261 7223 1199 486 4017 4965 2465 7158 1409 5521 821 9913 6301 5249 9615 4121 1197 729 7911 8961 4633 5815 5029 4813 5125 8461 1036 6232 5101 9626 1979 6445 7717 801 3869 6523 8797 2632 4697 3158 5633 
6213 361 7689 2627 6726 9520 5265 57 1903 217 4421 5601 5149 3645 3216 9797 217 4325 236 1976 9876 2101 5979 1395 1611 4851 4886 601 5617 9053 2868 3077 6001 1961 6481 5701 6702 7671 2229 3019 8493 4633 3303 1712 9593 2311 1076 9041 7342 4923 
4835 3272 4941 1885 1889 3672 2421 9796 7147 2041 7091 7844 2919 7784 1181 8351 4289 2804 2224 9587 8251 225 5098 2121 2021 7863 8129 3121 9401 894 4670 5185 2849 3273 477 1057 777 5745 2056 5268 2978 5406 8009 5187 3096 531 3003 7796 3205 4499 
7109 8112 1095 6321 3 17 7062 4651 4018 9633 1798 7092 673 9695 1389 3006 8917 5554 8948 5210 6339 8101 3701 2512 7365 7865 5349 7469 1064 9653 5113 180 8881 1901 6067 1229 2134 3861 8725 3761 7651 2533 1308 7695 1064 9285 9959 4356 3217 401 
5571 5673 8383 2961 3953 6969 7778 6968 3743 8207 7617 5737 3825 8673 746 5976 4557 765 7889 5711 257 1 4897 8713 17 2145 5931 8249 3526 3033 5285 9754 2333 1226 3511 3515 5191 8161 8417 8065 9301 4476 9001 1153 7357 6586 8825 9097 1963 4713 
6573 257 7201 4533 7741 6137 1601 6825 9544 8875 351 3033 8696 3097 1350 5751 2544 7081 8659 6723 7637 7620 7941 1289 4193 8236 7645 473 5957 4109 5201 8892 5905 6445 5517 2786 3176 7891 9041 4771 4903 8118 3849 4409 1697 2161 5647 300 8341 1393 
1341 8248 3723 2931 2641 5531 2365 2757 3031 7393 5702 7446 5189 5327 3577 7667 7543 4751 7488 6217 888 4481 5554 5198 4298 4304 8423 2291 7707 4417 2624 9026 2905 3531 5876 6402 5849 593 8009 751 5416 5910 70 8801 3587 8963 3453 1751 8208 239 
4626 4241 7616 5865 399 8277 1881 301 9953 2825 9386 8731 2017 17 977 3988 3511 4401 8738 33 8226 9856 2515 5545 3476 3876 8756 151 3600 4164 6549 3027 1259 961 8457 8237 9089 5736 3461 4719 7315 3123 9256 6973 1552 7680 5141 2280 2254 2705 
1561 1925 9631 44 9590 6767 801 914 5552 6928 7663 8391 4796 645 6881 9237 7078 9491 4753 2644 2225 933 6979 156 7861 1857 2241 246 9986 9351 1769 9751 1991 9777 3506 730 7739 3783 1645 511 4906 5223 7833 4377 5623 9201 3805 9641 7537 4674 
9269 749 6048 3116 5710 3441 2757 6508 5676 9189 2173 4031 9127 561 4859 839 4605 6751 9005 2396 1794 203 7097 452 3311 6038 8166 2465 7091 900 5673 2921 217 3999 5751 3891 6871 7689 8862 5631 4524 5941 6993 9267 2323 5465 1913 4641 3511 633 
