1
50 50
580 49 611 59 201 249 365 926 343 801 97 983 73 335 357 292 401 976 975 158 240 461 554 716 321 527 44 578 979 97 491 80 289 350 985 337 951 840 521 721 105 507 561 985 703 751 779 956 672 701 
996 481 785 517 719 773 337 23 561 617 21 665 141 971 247 69 279 681 913 83 263 681 217 185 411 51 817 7 28 206 861 733 137 249 964 583 393 337 190 466 714 201 149 53 656 803 607 626 949 249 
71 89 194 503 305 567 411 88 677 776 51 411 891 821 342 187 345 897 61 146 294 641 201 70 443 641 201 64 619 841 437 95 269 81 441 51 101 321 149 937 281 636 161 737 20 599 240 121 333 125 
429 949 789 281 385 942 976 9 947 923 696 818 891 924 826 626 748 1 703 965 854 393 25 274 750 404 416 51 531 81 958 811 276 865 351 241 31 249 956 725 883 452 71 705 963 821 913 129 891 641 
211 921 427 668 533 521 335 25 442 697 996 318 509 159 745 423 409 460 811 705 214 935 769 465 421 126 276 151 282 767 621 172 873 287 129 885 322 927 353 779 287 61 701 702 517 801 201 101 851 213 
981 587 399 53 709 266 801 285 816 143 158 169 765 665 189 211 73 465 488 321 821 104 121 478 316 236 546 571 681 617 268 867 511 885 161 774 377 481 386 93 241 239 214 531 65 865 526 381 324 501 
347 568 850 276 856 465 731 21 283 941 97 33 49 191 425 705 148 686 441 761 641 744 514 306 892 982 106 860 805 777 351 261 540 710 666 670 313 549 451 612 37 789 751 98 836 217 661 481 177 777 
929 557 861 801 529 315 271 62 810 219 56 433 283 409 169 931 287 159 207 307 645 849 585 825 347 561 776 639 378 405 321 324 923 73 821 770 855 778 791 551 705 908 657 345 345 701 151 2 760 273 
8 916 945 106 697 495 832 234 865 896 251 839 124 213 701 751 57 960 262 1 971 141 16 411 613 485 385 984 865 531 753 396 936 817 401 792 615 259 553 121 309 136 991 743 636 245 829 617 91 713 
193 334 391 381 366 979 331 97 257 273 853 671 97 869 66 31 937 413 817 921 226 749 147 921 661 220 270 117 857 193 289 17 990 973 217 836 617 550 65 300 393 721 737 944 736 31 275 581 121 205 
505 67 965 691 346 717 894 585 73 51 72 321 776 459 901 382 547 171 61 389 721 827 361 461 82 841 138 692 121 983 841 253 965 177 58 777 626 78 237 768 379 481 800 500 781 324 761 961 701 313 
681 856 679 206 173 823 561 190 167 796 641 633 278 295 666 149 69 459 376 441 681 797 331 615 831 345 101 199 801 711 55 65 626 682 521 705 337 921 11 600 905 510 181 883 741 770 426 251 495 404 
619 401 947 184 251 600 225 841 933 999 297 121 793 53 26 921 818 625 740 86 461 901 552 971 395 186 784 677 641 167 969 145 579 535 842 565 661 43 21 756 730 911 668 701 545 621 897 385 973 153 
373 737 751 651 229 169 92 186 981 808 9 553 593 685 875 241 641 784 655 328 713 821 308 413 144 47 441 113 340 361 689 953 881 451 709 764 463 156 493 683 261 331 701 523 88 448 323 321 93 725 
261 753 461 88 201 901 3 417 713 569 902 403 84 261 353 857 650 625 29 985 466 68 201 940 575 36 751 671 825 661 105 59 171 653 861 811 709 21 601 101 887 97 701 761 331 560 351 139 101 129 
407 419 71 819 26 981 961 215 59 351 939 325 726 601 933 725 478 906 73 527 887 465 388 761 413 151 51 163 699 159 625 801 417 496 861 89 193 163 60 877 853 189 715 337 926 216 310 588 942 233 
441 141 661 131 311 465 73 259 901 493 466 633 80 115 941 588 953 824 249 881 761 926 246 809 26 201 985 381 699 211 75 211 666 465 257 692 494 166 506 689 471 693 131 25 983 821 161 638 709 634 
335 879 624 521 481 305 531 539 744 27 580 779 861 671 423 661 977 658 531 235 713 781 305 715 569 207 889 175 217 151 383 813 365 829 481 806 921 56 655 961 963 373 138 833 848 865 697 71 689 889 
215 21 393 673 458 801 958 333 564 776 721 601 231 363 201 233 827 114 812 297 793 83 237 201 1 917 371 325 705 639 1 569 857 748 639 915 298 251 676 133 195 546 375 876 453 957 476 547 678 906 
297 451 256 431 203 905 653 994 186 201 145 859 189 20 208 301 966 875 545 841 167 505 220 769 886 605 255 69 501 966 649 24 261 99 234 14 713 79 503 498 352 351 817 937 179 77 349 200 805 37 
875 829 907 881 583 1 171 407 787 345 507 102 889 514 181 95 21 519 123 226 6 432 311 533 161 806 168 971 361 176 171 158 566 877 117 393 27 651 925 724 311 558 929 741 482 801 169 224 61 934 
6 741 731 751 251 528 605 79 271 112 61 454 391 537 973 825 397 760 955 141 675 4 401 915 781 799 251 646 867 3 97 251 656 476 338 977 765 791 541 1 281 596 1 11 674 53 903 226 491 217 
481 471 736 846 327 100 229 180 23 321 149 681 555 940 553 302 633 206 31 799 186 376 594 674 743 421 175 986 299 290 713 665 206 101 681 835 275 313 365 548 489 531 499 554 935 202 647 409 234 761 
819 112 447 865 923 931 634 525 213 978 13 769 407 406 102 417 766 129 573 213 901 167 729 637 281 759 248 259 489 17 183 459 737 351 480 849 161 151 761 721 373 491 188 140 271 961 711 71 633 988 
621 49 561 601 943 346 500 265 49 725 312 169 342 981 408 492 923 727 361 967 187 403 166 23 321 777 340 41 865 298 265 977 61 6 847 589 961 669 852 326 364 471 143 498 857 953 149 701 980 187 
501 809 483 426 887 617 502 809 640 290 921 541 71 739 741 651 16 805 569 447 258 245 337 705 896 463 887 599 301 178 245 57 161 167 535 505 667 871 787 821 511 176 199 231 103 64 497 387 473 833 
255 331 389 627 945 20 33 951 969 65 293 209 419 721 972 321 251 661 921 39 377 41 1 309 601 310 666 100 857 927 549 989 466 86 481 411 123 833 824 575 139 715 926 261 690 165 977 113 497 801 
586 504 641 221 93 797 526 233 71 654 961 619 446 763 666 11 485 562 153 185 821 806 263 635 227 697 217 189 551 287 828 41 381 17 932 218 431 555 499 49 817 759 293 514 497 917 333 551 991 377 
725 551 452 291 811 657 793 529 271 151 948 565 491 491 797 16 743 417 271 815 441 801 845 505 923 10 993 693 53 129 64 130 526 874 776 841 873 633 564 334 827 650 151 153 89 621 587 133 813 576 
147 33 905 441 686 396 101 145 250 585 901 442 735 471 145 933 621 363 961 765 537 877 64 797 211 295 746 618 662 245 833 453 377 976 621 139 773 829 451 500 906 253 165 157 665 523 521 535 401 37 
381 965 305 421 689 286 397 521 856 241 825 566 41 461 593 191 451 345 791 455 181 549 548 789 233 971 681 245 226 587 517 821 291 705 309 185 483 685 667 941 393 217 235 249 981 303 293 594 544 699 
857 876 139 157 901 239 840 640 939 801 91 609 785 855 344 670 13 612 251 46 501 942 121 534 51 116 61 401 804 441 17 519 783 948 57 268 441 641 433 79 313 541 135 224 199 926 321 487 925 685 
969 671 921 381 749 281 935 682 351 961 61 214 132 685 277 638 251 802 471 757 868 326 550 224 313 651 225 65 162 397 811 261 450 466 607 96 33 241 555 541 949 607 527 529 91 671 156 419 141 976 
710 858 985 483 997 133 533 841 881 491 271 596 69 932 297 866 901 839 576 141 613 637 901 161 847 728 187 933 169 209 761 919 497 873 961 961 97 747 43 953 783 201 857 634 146 441 251 767 521 631 
90 785 57 679 633 651 561 645 4 914 869 516 869 311 81 661 622 953 453 436 593 579 21 481 721 821 961 751 619 961 773 703 789 649 231 293 521 193 699 261 29 211 608 281 729 701 973 401 733 505 
752 553 141 665 623 321 881 145 267 847 431 465 17 875 821 706 315 809 489 261 561 491 621 977 724 171 605 53 741 647 61 855 10 597 871 126 465 393 384 401 601 170 195 981 344 852 54 351 275 65 
167 455 203 721 961 276 506 296 701 881 560 981 402 36 731 883 417 667 403 617 636 11 551 793 717 400 962 897 526 208 533 1 976 541 493 143 703 201 889 932 521 230 881 196 931 823 787 751 161 601 
271 119 1 999 665 479 50 92 729 401 24 661 617 713 16 696 201 396 201 253 767 198 16 492 48 631 761 510 121 197 854 258 291 243 418 180 776 379 317 369 850 769 649 960 705 607 290 465 836 550 
819 955 963 487 901 607 351 363 453 104 404 396 758 917 633 86 844 863 316 17 396 431 735 496 617 321 341 289 909 345 911 369 435 331 39 377 813 1 132 956 233 801 931 813 501 858 586 753 581 636 
969 974 558 876 807 492 417 535 887 993 426 461 825 366 59 353 961 356 99 593 747 911 55 985 461 901 852 707 626 272 961 873 557 587 191 953 591 769 489 370 881 129 575 524 479 226 242 906 333 941 
437 67 539 169 473 101 1 349 73 916 676 987 659 972 500 595 857 571 857 230 353 703 437 217 372 963 499 999 906 445 493 703 453 441 689 329 241 692 797 61 425 785 185 541 141 429 413 733 957 721 
329 205 509 423 251 126 9 52 961 253 505 281 416 852 27 601 355 6 641 416 637 972 516 31 665 346 533 496 161 712 289 401 192 777 651 297 182 361 701 731 33 281 636 853 821 180 249 509 163 603 
802 81 751 256 295 593 302 161 767 259 937 99 563 45 993 617 229 5 993 201 385 984 461 769 711 963 961 566 37 771 537 649 706 391 974 89 20 57 33 741 75 237 921 395 474 501 897 693 329 481 
401 922 201 259 857 875 475 337 923 659 269 586 796 919 185 376 441 626 628 364 637 406 5 509 754 776 841 879 635 25 219 656 733 266 442 867 894 413 396 193 223 241 841 145 591 151 501 197 709 481 
997 40 634 158 106 585 197 45 873 825 841 13 416 821 561 669 621 999 988 171 901 153 885 900 355 341 121 121 997 551 751 657 479 980 845 548 801 417 949 185 141 199 371 211 405 115 601 69 355 276 
249 343 748 212 17 729 203 428 469 221 776 829 523 830 595 545 256 701 336 922 585 993 581 221 361 901 241 251 780 835 107 857 495 777 61 53 481 163 211 503 329 190 485 916 522 463 154 742 121 413 
153 360 540 994 25 93 989 310 8 801 51 421 567 877 295 793 242 977 921 656 981 489 718 640 903 421 433 213 66 453 677 467 357 697 865 145 636 973 831 637 621 772 246 734 241 593 813 631 425 993 
851 36 529 632 398 861 745 849 449 597 116 943 201 407 815 25 766 753 643 377 185 666 574 901 921 940 561 664 601 799 317 601 576 86 71 21 65 741 879 497 325 682 107 569 491 365 521 838 393 301 
493 164 956 29 801 853 451 983 741 800 401 751 670 295 39 943 423 884 77 491 601 264 221 569 281 173 737 11 881 801 115 601 960 169 353 698 489 1 733 76 287 611 661 683 393 541 91 841 271 1 
867 842 118 675 105 610 231 777 971 197 41 433 21 846 766 641 249 243 309 130 727 823 260 442 159 308 741 821 614 700 155 385 664 316 478 111 915 565 41 241 257 681 81 450 251 761 833 872 221 959 
