950 915
5173 9506 3725 8272 1006 966 8003 1611 4715 3282 9946 4549 9085 9969 3709 6011 2661 5276 5661 2153 9283 1013 1674 9239 418 739 7901 904 3041 7609 8158 9572 3256 9852 4915 4621 2540 9728 1536 2901 7550 1407 3650 8166 1672 1264 404 1046 5230 4205 173 8422 5039 9228 3681 414 9043 4997 352 6026 8815 3474 9097 1931 3984 5774 8207 8252 5126 2245 5639 3774 2756 9257 3130 7337 9464 4745 2367 883 4612 7344 5844 5060 8888 2701 441 7687 3917 2761 4676 6896 701 1472 2246 2700 9761 9896 5689 4894 462 7795 8027 2208 3975 4830 3763 1378 7266 4855 3509 6466 1230 945 1418 4607 8400 6155 3568 6153 3099 8450 3574 603 4371 3336 154 3387 1447 9280 1591 8774 6806 8504 2741 8130 7081 6083 9286 3403 6832 3390 1436 2346 9054 3702 4641 8412 3477 1956 7900 6652 5671 3160 7480 247 2919 2334 6108 2290 6607 4625 9813 393 9013 3103 9657 2266 5938 9512 5592 3031 694 5058 6717 8925 2859 2924 8753 206 2566 2119 9803 4672 3805 3968 2991 7911 2861 9092 7902 5004 3199 5082 4353 1524 9542 2791 3768 7012 1554 7468 6113 2111 7317 4799 9969 1713 2223 3862 4189 4506 2796 629 9799 9759 9965 9364 5373 5840 1658 8928 4871 787 187 1294 9960 4272 5899 4006 7885 9782 8143 1001 3898 7107 6559 8825 836 6917 4041 7188 7908 3943 9602 8853 3219 2895 7535 8050 9477 2081 63 3058 6414 9432 4202 5829 2832 4199 597 9259 3855 7441 4426 6412 914 5559 9623 6437 6558 8656 4920 4848 8334 4417 4213 8919 3353 8643 2586 23 5430 1751 2999 9145 7208 9129 4224 7583 8584 8863 7576 3739 8095 1588 1035 9969 3757 1564 1735 4048 1965 3292 7974 4922 9925 1054 2162 9683 6172 196 4855 6903 2581 1336 1158 585 5358 9507 8554 8691 3054 4773 2098 9025 276 7317 1420 9755 8293 3425 5384 2792 2243 9824 8133 4485 836 6012 7058 220 3030 7360 2030 7473 5846 4629 9630 7972 1448 7437 68 1740 8700 2438 6007 1058 333 947 8529 3642 5332 4892 5827 6530 8084 2830 5956 7618 7783 1330 5865 8655 5133 3244 1522 2692 1941 2222 7117 138 4365 8567 1837 1445 9327 4663 8798 1463 9360 7766 865 7663 1004 7493 2494 9893 7472 9642 8957 2653 1505 1217 8430 4558 727 4784 325 5421 1808 3976 3124 2579 6158 7402 2315 9803 8965 8147 9025 2730 8332 6958 8121 9974 5719 340 4926 3166 9975 4564 4321 1365 2458 7611 555 6857 4802 1187 8442 1276 1563 3167 9214 6439 211 5075 187 1533 4415 225 8718 2967 4283 8462 1093 4701 8281 6588 2211 6092 4612 3960 9359 2196 4480 8912 5095 6362 2983 9373 3635 7969 3619 8882 2518 6783 9058 6344 5387 7265 5355 1624 8012 5792 1832 9701 1308 3929 6991 6313 1957 195 6353 6427 9785 3488 3995 1837 1021 4600 5542 9424 2215 892 7060 915 1488 9373 9952 9451 6118 4227 6190 6898 1036 683 5514 7633 6403 9109 1140 6826 5867 7137 5039 8630 9740 7856 666 72 4731 9324 5874 2824 3432 2507 4334 9007 7753 7266 7396 6651 3590 2658 4878 7996 2288 6888 2335 4770 5993 2203 1795 2960 730 9798 9280 1612 1445 8708 5825 102 3873 7393 8032 270 5597 6253 3871 6564 8165 7533 932 2276 1180 6158 4567 8240 1289 5661 9787 2968 5091 2810 6390 2466 9245 6432 3059 2968 6117 1665 9488 7763 7223 7151 7476 6394 9135 8413 5186 4085 5131 632 4854 6318 8063 3299 6367 9583 5154 3307 5468 7508 6712 7197 1648 3928 6214 6973 1198 3011 1020 2518 3566 5010 4736 5134 8392 5929 3068 5680 9088 9244 5334 3612 3590 8381 4566 966 1252 3254 8992 9994 270 9963 3117 8288 1000 9248 5681 2102 3377 2427 7674 8149 7795 6811 110 5951 1687 2520 2284 5417 6405 1636 4324 9873 2695 4992 3884 1513 5219 289 7925 1186 7488 3849 2421 9267 3757 4195 3387 3856 9809 6158 7414 8892 4337 8691 7160 4638 672 45 8347 8946 2599 800 5879 9522 3968 5865 5948 1750 8518 9677 7861 4390 2708 5909 8991 6843 8721 5885 2795 5930 5467 6910 3316 6294 8845 6456 128 7674 8357 5623 2623 6978 6244 9619 5819 5584 1919 8357 4678 8699 9009 8434 278 2234 9350 3909 9491 6138 5672 9563 7098 8132 4327 2327 6471 496 8108 412 6497 9497 7803 9142 5254 6075 6389 2517 8124 6238 426 6946 6459 1808 5591 1735 733 2827 1539 4266 3455 9963 1402 4075 1168 2332 2551 2900 3762 2054 6658 8538 1093 2687 2165 1840 3312 7024 63 6303 9301 7505 7942 1411 1815 797 316 7573 877 9404 8791 302 169 7773 4054 9223 2943 4645 3738 7771 6157 6460 1773 5551 473 6676 6162 2251 9187 5433 3802 1035 556 2792 6998 2344 9050 6928 8612 8658 8343 2408 2704 3265 3484 1210 870 3384 7132 884 193 6795 2108 5646 5664 2218 6494 9170 9613 9587 9803 6885 6285 5015 7167 5559 9062 3138 1059 7673 9678 5914 8412 1503 2135 1813 8876 8914 1138 4505 7671 3464 7097 5522 7958 4682 5536 2004 4992 695 8585 9617 4807 428 1992 9113 7691 1660 1722 5209 5652 6048 1203 3001 8323 7882 559 1192 8637 7003 2409 9126 2269 9665 2240 5788 2933 1338 8097 9907 9507 153 1267 3454 3289 3658 3678 9815 2037 9480 9432 8664 5223 3596 9145 2832 1761 1177 615 2499 2535 7761 1404 1581 2307 743 8504 1832 460 8272 5784 4574 3687 9007 
1 2
2 3
3 4
4 5
5 6
6 7
7 8
8 9
9 10
10 11
11 12
12 13
13 14
14 15
15 16
16 17
17 18
18 19
19 20
20 21
21 22
22 23
23 24
24 25
25 26
26 27
27 28
28 29
29 30
30 31
31 32
32 33
33 34
34 35
35 36
36 37
37 38
38 39
39 40
40 41
41 42
42 43
43 44
44 45
45 46
46 47
47 48
48 49
49 50
50 51
51 52
52 53
53 54
54 55
55 56
56 57
57 58
58 59
59 60
60 61
61 62
62 63
63 64
64 65
65 66
66 67
67 68
68 69
69 70
70 71
71 72
72 73
73 74
74 75
75 76
76 77
77 78
78 79
79 80
80 81
81 82
82 83
83 84
84 85
85 86
86 87
87 88
88 89
89 90
90 91
91 92
92 93
93 94
94 95
95 96
96 97
97 98
98 99
99 100
100 101
101 102
102 103
103 104
104 105
105 106
106 107
107 108
108 109
109 110
110 111
111 112
112 113
113 114
114 115
115 116
116 117
117 118
118 119
119 120
120 121
121 122
122 123
123 124
124 125
125 126
126 127
127 128
128 129
129 130
130 131
131 132
132 133
133 134
134 135
135 136
136 137
137 138
138 139
139 140
140 141
141 142
142 143
143 144
144 145
145 146
146 147
147 148
148 149
149 150
150 151
151 152
152 153
153 154
154 155
155 156
156 157
157 158
158 159
159 160
160 161
161 162
162 163
163 164
164 165
165 166
166 167
167 168
168 169
169 170
170 171
171 172
172 173
173 174
174 175
175 176
176 177
177 178
178 179
179 180
180 181
181 182
182 183
183 184
184 185
185 186
186 187
187 188
188 189
189 190
190 191
191 192
192 193
193 194
194 195
195 196
196 197
197 198
198 199
199 200
200 201
201 202
202 203
203 204
204 205
205 206
206 207
207 208
208 209
209 210
210 211
211 212
212 213
213 214
214 215
215 216
216 217
217 218
218 219
219 220
220 221
221 222
222 223
223 224
224 225
225 226
226 227
227 228
228 229
229 230
230 231
231 232
232 233
233 234
234 235
235 236
236 237
237 238
238 239
239 240
240 241
241 242
242 243
243 244
244 245
245 246
246 247
247 248
248 249
249 250
250 251
251 252
252 253
253 254
254 255
255 256
256 257
257 258
258 259
259 260
260 261
261 262
262 263
263 264
264 265
265 266
266 267
267 268
268 269
269 270
270 271
271 272
272 273
273 274
274 275
275 276
276 277
277 278
278 279
279 280
280 281
281 282
282 283
283 284
284 285
285 286
286 287
287 288
288 289
289 290
290 291
291 292
292 293
293 294
294 295
295 296
296 297
297 298
298 299
299 300
300 301
301 302
302 303
303 304
304 305
305 306
306 307
307 308
308 309
309 310
310 311
311 312
312 313
313 314
314 315
315 316
1 317
317 318
317 319
317 320
317 321
317 322
317 323
317 324
317 325
317 326
317 327
317 328
317 329
317 330
317 331
317 332
317 333
317 334
317 335
317 336
317 337
317 338
317 339
317 340
317 341
317 342
317 343
317 344
317 345
317 346
317 347
317 348
317 349
317 350
317 351
317 352
317 353
317 354
317 355
317 356
317 357
317 358
317 359
317 360
317 361
317 362
317 363
317 364
317 365
317 366
317 367
317 368
317 369
317 370
317 371
317 372
317 373
317 374
317 375
317 376
317 377
317 378
317 379
317 380
317 381
317 382
317 383
317 384
317 385
317 386
317 387
317 388
317 389
317 390
317 391
317 392
317 393
317 394
317 395
317 396
317 397
317 398
317 399
317 400
317 401
317 402
317 403
317 404
317 405
317 406
317 407
317 408
317 409
317 410
317 411
317 412
317 413
317 414
317 415
317 416
317 417
317 418
317 419
317 420
317 421
317 422
317 423
317 424
317 425
317 426
317 427
317 428
317 429
317 430
317 431
317 432
317 433
317 434
317 435
317 436
317 437
317 438
317 439
317 440
317 441
317 442
317 443
317 444
317 445
317 446
317 447
317 448
317 449
317 450
317 451
317 452
317 453
317 454
317 455
317 456
317 457
317 458
317 459
317 460
317 461
317 462
317 463
317 464
317 465
317 466
317 467
317 468
317 469
317 470
317 471
317 472
317 473
317 474
319 475
320 476
321 477
322 478
323 479
324 480
325 481
326 482
327 483
328 484
329 485
330 486
331 487
332 488
333 489
334 490
335 491
336 492
337 493
338 494
339 495
340 496
341 497
342 498
343 499
344 500
345 501
346 502
347 503
348 504
349 505
350 506
351 507
352 508
353 509
354 510
355 511
356 512
357 513
358 514
359 515
360 516
361 517
362 518
363 519
364 520
365 521
366 522
367 523
368 524
369 525
370 526
371 527
372 528
373 529
374 530
375 531
376 532
377 533
378 534
379 535
380 536
381 537
382 538
383 539
384 540
385 541
386 542
387 543
388 544
389 545
390 546
391 547
392 548
393 549
394 550
395 551
396 552
397 553
398 554
399 555
400 556
401 557
402 558
403 559
404 560
405 561
406 562
407 563
408 564
409 565
410 566
411 567
412 568
413 569
414 570
415 571
416 572
417 573
418 574
419 575
420 576
421 577
422 578
423 579
424 580
425 581
426 582
427 583
428 584
429 585
430 586
431 587
432 588
433 589
434 590
435 591
436 592
437 593
438 594
439 595
440 596
441 597
442 598
443 599
444 600
445 601
446 602
447 603
448 604
449 605
450 606
451 607
452 608
453 609
454 610
455 611
456 612
457 613
458 614
459 615
460 616
461 617
462 618
463 619
464 620
465 621
466 622
467 623
468 624
469 625
470 626
471 627
472 628
473 629
474 630
475 631
476 632
100 633
109 634
534 635
400 636
568 637
156 638
140 639
7 640
345 641
77 642
271 643
409 644
573 645
211 646
346 647
80 648
236 649
17 650
631 651
502 652
100 653
451 654
386 655
497 656
130 657
150 658
104 659
10 660
449 661
518 662
346 663
173 664
649 665
354 666
25 667
221 668
426 669
127 670
663 671
603 672
517 673
202 674
424 675
556 676
56 677
15 678
622 679
92 680
288 681
51 682
191 683
529 684
398 685
375 686
45 687
105 688
13 689
594 690
21 691
301 692
156 693
206 694
160 695
623 696
432 697
68 698
332 699
379 700
372 701
609 702
485 703
245 704
339 705
491 706
426 707
112 708
363 709
485 710
118 711
555 712
430 713
596 714
293 715
345 716
706 717
413 718
572 719
127 720
535 721
655 722
627 723
463 724
216 725
93 726
306 727
150 728
593 729
491 730
21 731
319 732
441 733
517 734
6 735
448 736
649 737
130 738
520 739
106 740
650 741
92 742
542 743
613 744
181 745
270 746
686 747
160 748
308 749
396 750
391 751
738 752
218 753
723 754
354 755
532 756
451 757
66 758
426 759
85 760
467 761
325 762
260 763
85 764
619 765
662 766
95 767
268 768
397 769
594 770
683 771
566 772
501 773
587 774
252 775
159 776
757 777
532 778
35 779
748 780
421 781
717 782
259 783
604 784
353 785
714 786
253 787
237 788
252 789
683 790
29 791
526 792
761 793
754 794
418 795
608 796
367 797
210 798
277 799
205 800
664 801
356 802
346 803
109 804
94 805
621 806
640 807
127 808
656 809
421 810
404 811
55 812
276 813
509 814
768 815
808 816
113 817
393 818
766 819
727 820
520 821
191 822
520 823
477 824
527 825
285 826
120 827
504 828
754 829
479 830
95 831
485 832
445 833
59 834
349 835
565 836
463 837
615 838
419 839
97 840
580 841
666 842
667 843
2 844
479 845
488 846
90 847
425 848
259 849
448 850
712 851
640 852
844 853
660 854
647 855
626 856
248 857
398 858
197 859
264 860
661 861
781 862
570 863
297 864
523 865
572 866
530 867
7 868
863 869
588 870
94 871
313 872
260 873
64 874
65 875
356 876
683 877
687 878
245 879
470 880
15 881
233 882
655 883
111 884
496 885
331 886
747 887
33 888
860 889
358 890
650 891
90 892
13 893
831 894
721 895
428 896
550 897
81 898
160 899
449 900
690 901
778 902
39 903
534 904
407 905
125 906
63 907
719 908
272 909
50 910
19 911
751 912
73 913
148 914
469 915
710 916
682 917
469 918
506 919
598 920
740 921
669 922
639 923
499 924
405 925
129 926
210 927
161 928
664 929
918 930
728 931
610 932
392 933
139 934
220 935
317 936
632 937
697 938
778 939
911 940
824 941
835 942
707 943
729 944
694 945
689 946
266 947
126 948
681 949
711 950
346 317
930 306
939 316
469 317
9 950
224 226
318 91
778 271
920 316
418 23
791 496
231 924
347 315
528 559
721 862
196 200
269 274
1 312
229 232
75 241
708 201
198 160
714 917
799 280
937 319
199 202
327 317
628 318
607 882
179 950
645 575
627 178
9 307
172 176
122 802
536 950
320 508
338 950
769 67
356 585
7 482
336 315
35 278
833 315
261 387
256 257
743 315
703 737
685 318
810 380
283 284
804 204
266 267
938 950
606 316
188 440
481 639
73 58
523 950
374 950
96 509
289 293
110 515
875 249
438 950
276 278
710 315
687 950
467 562
778 319
78 950
767 710
543 504
391 753
515 316
1 315
486 317
716 315
503 317
886 317
338 316
870 730
326 315
87 227
418 622
536 318
327 315
524 316
655 810
921 210
204 207
743 317
798 216
742 224
753 223
715 314
414 313
411 347
637 318
788 736
420 34
745 497
180 184
502 314
134 180
567 921
648 823
945 639
447 604
292 293
755 316
742 478
509 669
517 315
519 314
864 950
182 226
937 950
393 317
893 304
784 648
167 171
814 315
473 334
248 253
306 71
686 318
247 374
241 441
937 316
123 628
294 720
851 318
334 331
590 315
574 681
378 316
761 317
407 315
176 178
182 187
790 194
97 217
188 191
513 315
505 950
855 316
826 623
615 414
193 144
119 548
797 314
800 702
20 295
123 191
611 583
888 284
153 160
504 316
515 318
130 185
733 187
292 432
684 382
225 447
519 426
76 237
944 319
411 316
941 320
107 250
4 312
922 950
621 316
359 724
581 207
111 215
774 434
503 314
891 146
594 315
198 332
670 189
892 950
318 316
391 62
212 213
367 314
521 950
96 216
630 814
716 70
302 780
316 319
443 950
261 263
468 921
270 360
693 181
397 139
658 164
766 318
828 318
127 950
880 54
64 916
178 530
441 514
180 299
152 161
314 950
441 903
398 950
362 317
155 343
556 166
593 315
948 187
435 535
181 292
553 944
854 305
179 197
758 848
612 950
803 366
938 315
472 950
41 271
478 657
755 316
785 317
330 950
871 115
177 180
798 212
226 228
614 314
144 252
541 315
384 316
589 317
334 316
880 318
47 266
96 217
615 315
587 317
715 297
384 950
672 315
701 303
194 199
433 255
690 317
214 219
172 91
325 367
523 847
790 195
170 950
615 317
866 318
198 950
292 475
503 314
563 315
619 950
606 296
323 950
817 203
648 237
750 415
282 950
330 895
3 534
756 316
822 194
665 239
351 314
931 139
436 169
785 735
727 311
337 950
922 873
102 234
461 613
95 220
571 316
369 602
514 314
666 716
399 634
873 262
945 423
10 11
594 314
50 427
774 239
28 940
496 314
260 264
777 317
897 316
357 950
378 504
656 853
694 397
528 318
818 315
825 825
667 292
719 575
504 186
680 223
671 950
278 123
663 359
178 199
905 316
173 940
94 220
618 895
723 950
21 294
895 950
545 317
336 33
30 285
287 65
2 311
468 21
137 300
138 174
750 321
771 483
860 267
234 205
296 677
23 164
753 223
441 918
143 172
801 177
806 292
447 314
573 317
138 175
43 273
387 337
225 232
369 721
735 308
870 950
174 36
229 231
664 175
643 332
865 315
512 197
431 765
678 299
467 950
540 317
785 314
305 307
417 313
9 274
310 311
550 317
867 649
702 319
317 782
506 464
886 219
642 238
248 950
765 13
257 262
253 950
317 950
875 249
103 212
774 442
178 183
477 315
491 455
929 419
731 667
415 314
18 295
584 918
947 268
924 316
336 14
414 313
785 890
98 216
788 950
74 238
518 713
285 286
720 518
656 316
258 261
99 213
23 527
558 316
376 314
657 186
24 290
456 749
224 226
177 756
300 395
9 304
110 203
61 251
261 262
428 317
425 695
438 315
742 223
758 251
853 950
502 94
363 770
898 234
799 32
15 950
536 630
160 281
503 316
807 489
633 351
88 950
771 197
79 510
888 282
428 275
386 317
860 628
810 317
142 170
521 653
305 725
694 211
366 315
577 728
289 419
646 216
276 277
328 316
399 102
407 950
86 228
390 315
950 196
500 317
582 317
772 315
445 316
136 81
205 208
810 316
351 857
345 571
801 270
770 316
511 315
178 950
223 26
208 212
321 315
573 314
101 215
5 428
396 950
143 950
559 629
518 538
443 292
453 314
536 950
827 197
87 760
557 880
858 317
94 749
947 950
492 950
585 317
353 315
589 317
152 242
851 319
6 844
634 207
589 316
58 830
595 317
439 419
141 175
665 239
306 311
577 950
48 122
569 653
825 316
914 356
128 188
401 313
218 444
451 315
709 316
411 835
600 318
185 186
737 950
204 209
606 936
118 950
128 770
281 285
685 317
142 171
592 642
291 293
618 315
130 185
86 540
465 295
758 248
867 315
537 314
864 165
937 213
194 197
120 194
293 163
795 515
467 316
823 318
680 223
568 604
309 313
436 313
610 318
749 950
253 902
289 290
195 200
353 316
335 427
235 239
287 288
914 849
196 707
93 220
216 219
883 244
785 316
469 314
430 132
324 667
205 206
783 470
766 319
174 628
59 619
733 314
774 317
803 859
817 201
63 252
157 158
845 317
390 317
555 314
43 269
90 654
801 950
526 315
383 919
192 195
5 950
305 542
373 314
391 314
764 230
763 265
187 191
105 207
2 221
178 928
304 306
97 215
638 524
840 216
141 175
239 414
808 689
720 910
437 316
841 569
273 280
635 318
647 558
316 950
673 298
625 194
860 267
860 406
655 316
744 210
711 31
860 193
168 171
600 214
778 858
174 178
609 318
895 950
857 250
360 950
31 614
921 209
673 319
652 222
832 319
531 316
722 950
330 228
589 4
765 392
167 170
441 39
321 108
612 316
398 77
46 950
387 528
429 315
705 644
710 334
142 696
372 315
694 209
599 663
477 317
781 950
893 282
810 315
896 457
725 218
140 174
198 27
672 316
419 188
131 404
823 316
323 586
391 313
203 205
770 311
585 923
11 950
428 315
497 496
344 627
234 236
715 299
175 950
782 320
343 898
347 315
764 232
345 287
397 427
281 950
156 161
568 315
20 293
696 316
310 315
428 315
635 673
391 317
463 471
508 317
50 441
48 175
9 303
816 188
165 170
322 39
873 729
642 237
443 317
533 767
454 490
73 950
509 314
944 320
130 950
345 524
284 582
854 307
443 899
876 941
416 315
374 732
615 338
716 433
15 558
89 342
164 255
583 110
833 950
243 247
211 212
694 208
521 553
298 300
175 127
316 950
424 314
261 131
862 318
591 317
206 211
166 950
28 301
840 434
812 390
602 316
164 352
359 426
470 313
622 133
805 652
800 777
888 284
521 889
469 315
532 950
583 296
410 313
618 316
549 97
419 812
428 711
667 291
377 314
283 284
587 318
822 91
45 596
878 270
874 950
356 950
30 663
178 183
247 570
308 45
117 196
540 704
723 317
551 314
643 274
668 69
282 283
203 207
430 313
607 113
422 315
125 631
253 424
472 313
461 673
797 950
686 83
642 240
316 321
577 316
40 275
372 950
820 312
683 194
63 660
19 296
611 950
299 301
386 430
942 950
714 317
636 316
260 850
683 197
815 271
609 316
390 316
667 852
514 316
19 295
239 733
308 331
316 522
56 950
365 398
291 296
325 316
346 158
473 950
713 317
277 950
468 314
134 181
670 190
201 204
711 720
470 778
713 547
575 101
819 321
148 251
361 950
825 881
817 950
833 559
6 309
124 585
832 315
613 741
330 343
826 323
451 950
871 221
271 438
78 235
161 897
708 202
656 950
409 29
330 278
412 755
206 209
910 267
711 779
23 290
643 277
438 691
506 477
461 316
204 279
122 950
778 71
309 314
417 564
572 950
37 950
446 950
835 950
742 223
887 950
41 273
392 316
291 295
430 314
51 950
58 255
361 249
912 316
471 314
918 318
742 89
478 950
272 950
603 673
758 250
187 463
533 317
413 950
550 316
800 209
839 317
534 390
221 223
928 167
533 950
727 463
482 318
259 263
190 192
342 313
587 318
325 950
341 316
788 668
421 313
817 200
359 356
892 223
68 907
667 288
739 339
401 315
903 62
432 950
685 315
850 318
229 231
54 262
138 600
