955 955
2076 1687 1355 4725 946 4223 639 1882 7692 4823 6965 635 9916 1568 4336 6166 368 398 623 5753 5452 7938 6876 7667 6029 3660 4138 3093 4459 8069 8766 7360 37 9341 5082 3994 7295 2943 6489 6132 2365 1909 9814 9764 4020 925 6817 469 574 319 1765 7538 7828 5798 3521 1350 4013 7229 6671 9385 4481 327 4911 858 6126 5454 5209 9851 7504 99 1943 5893 5872 4504 9803 239 9090 7145 7378 6360 2969 2931 156 1048 3873 6057 3221 6231 2476 3759 2036 5121 3517 4153 5594 4834 6629 3181 1815 2236 4913 9148 4342 770 5051 4325 1214 5449 5109 5107 7984 9529 1098 641 9769 4511 9958 8527 4538 8926 889 8690 3287 7360 8864 3650 3864 3782 6319 4256 8484 1987 7818 7713 5492 3675 3709 2109 1746 5999 5027 3491 7447 6085 7868 3607 982 9338 360 6000 9794 2736 8574 1248 6303 707 8222 520 1619 2714 6415 8487 2377 2625 2837 6670 8575 7203 6697 2805 6890 3496 5868 5988 2633 3881 5770 62 5745 2949 3620 2485 1658 4688 9527 5378 6984 4436 9788 2187 9421 7675 2586 1010 2656 7094 2441 7093 1823 508 303 78 1381 8312 2776 6653 3762 7487 8570 1605 5486 9554 6517 169 6080 2072 9382 8628 4951 7491 8056 6463 1570 5621 7453 7469 9968 8636 4372 9686 7982 8660 2305 8325 8520 7197 6143 9904 9854 2876 2334 3598 7648 1619 4847 9558 3047 3110 4328 4182 3071 925 7417 5380 7405 116 1324 5552 9344 4213 1529 9393 1815 6868 5028 6357 8426 4823 8282 5046 1100 1925 5249 7199 4945 1776 718 366 8106 4566 174 5832 5017 6859 629 6960 8658 7073 4106 6932 6694 8289 7148 4423 3205 4241 8282 4716 7808 9454 514 8309 5636 1649 3885 8313 9142 3604 5662 3768 8025 2404 2638 4122 7093 4222 1799 9601 118 1469 6476 2586 3818 8425 7567 1898 3103 9386 2187 5218 7121 1212 1501 323 3203 5640 5321 2835 2918 9370 9046 8035 2461 42 1851 8292 1722 3747 6517 3274 2135 3633 3307 6821 4313 6584 1965 9895 1700 9653 824 7384 6614 4 564 1117 9597 8575 7077 8014 3271 1432 92 4314 4347 642 4447 9973 6825 4015 3124 7945 2930 4983 3446 3762 5630 2801 6958 1568 156 9927 283 7338 3950 9434 4588 4048 6661 4478 4074 7149 6159 1843 8865 8421 4038 6163 5876 4268 7040 8555 9965 6382 9632 2556 8848 1486 7437 7003 4334 9600 9408 8421 5912 9134 6466 8942 4782 6890 8311 920 6942 4884 708 3260 9808 7979 8947 990 3607 3793 9796 8083 7127 4937 5267 2520 7942 5484 9223 5124 5835 8350 5786 8217 3007 5402 6949 4200 2281 9056 7641 9522 4880 7312 9613 9207 7438 69 5793 9465 4216 8188 9805 115 3938 3153 4957 4622 8328 4965 9970 8020 4283 3641 3887 5480 911 5544 2134 7299 9677 938 7913 2185 3395 7766 7923 9841 6875 7080 2475 5476 7502 5384 5591 6307 4886 7840 2041 626 9169 8522 3181 5072 3226 4427 7529 3502 8538 5525 942 998 2383 1962 8667 695 9565 3681 8226 7071 5686 5142 3574 6082 5235 746 6544 3114 7664 4934 844 2468 3256 2319 3664 6940 7022 8589 4085 4408 2183 6182 5212 8810 3741 2311 1052 7022 4526 5151 5634 2311 5666 9313 1904 7725 1114 8277 8980 4542 2071 299 4281 4020 8872 6676 9003 8186 3697 4229 9329 9574 5472 7928 2198 7034 3084 9055 3976 5223 5760 6653 356 8757 5333 1098 3203 940 6467 7793 1322 8802 1954 5924 8868 5645 2327 8539 4830 6903 5451 155 2088 3219 9749 92 4862 8985 437 1693 9291 2708 282 4047 7791 6546 9053 5502 1752 5321 5103 7714 8428 6311 9495 7193 7000 5878 6390 64 5470 8199 7647 8074 5355 3018 6942 4089 5590 1530 5462 9339 7747 9564 6602 9677 5362 7065 5396 8779 9716 2974 4472 8759 3184 9101 7919 8664 7515 5956 5622 4290 7964 2350 6425 2789 2010 4503 8092 3051 6747 4964 4086 7503 5197 1622 8285 2364 6127 4786 5811 8766 5038 9564 9463 6535 430 1823 6789 2111 1390 1756 8245 4900 9733 4266 1471 6088 6409 7005 2275 9765 8149 4564 3020 1695 693 1858 7166 8874 7822 8566 9786 6958 1150 7475 1333 2238 3473 2155 3309 7946 1824 1978 3420 6262 5771 5438 9058 2701 1530 4058 1510 1319 1908 3504 3519 6254 6573 8974 5881 9572 2603 5847 4036 9222 663 9784 310 4821 9880 9182 1812 638 8736 6242 8879 5355 5683 8962 5222 5939 2920 6421 6720 5685 7869 2658 8224 7372 7376 5839 4995 4575 2589 6364 8168 4550 2034 6068 1412 7293 3890 4147 2530 8493 3987 1376 6918 5945 5792 1653 7289 589 4606 8992 1337 5265 1207 4983 1213 6576 9364 1084 2152 9251 5935 6402 6666 5759 4432 5269 9747 2587 5334 5920 9290 9764 6964 413 1601 9957 8901 430 4355 5995 2063 6315 2286 7308 470 4528 2986 128 1979 6429 342 5199 5500 5627 975 7146 7094 1827 4285 9650 4238 7896 3353 8622 1971 6289 5355 1339 4790 6552 8289 8663 4112 2026 1126 9464 6157 2608 4044 5236 7724 1879 6091 6118 6198 5906 243 1371 9677 6901 9255 8174 9636 5262 2744 1784 845 3064 2713 225 6817 2561 2618 5141 5825 3633 6267 3013 4406 3570 2031 8767 146 1870 3552 8547 4099 4744 7705 795 331 8391 8826 2698 6640 9784 5403 6028 3006 5375 5986 8468 1836 9608 6418 9747 4706 3086 6422 2994 3503 6770 630 5726 7029 9307 216 8872 8042 7595 4726 6040 8677 6012 3542 2069 2513 
1 2
1 3
1 4
1 5
1 6
1 7
1 8
1 9
1 10
1 11
1 12
1 13
1 14
1 15
1 16
1 17
1 18
1 19
1 20
1 21
1 22
1 23
1 24
1 25
1 26
1 27
1 28
1 29
1 30
1 31
1 32
1 33
1 34
1 35
1 36
1 37
1 38
1 39
1 40
1 41
1 42
1 43
1 44
1 45
1 46
1 47
1 48
1 49
1 50
1 51
1 52
1 53
1 54
1 55
1 56
1 57
1 58
1 59
1 60
1 61
1 62
1 63
1 64
1 65
1 66
1 67
1 68
1 69
1 70
1 71
1 72
1 73
1 74
1 75
1 76
1 77
1 78
1 79
1 80
1 81
1 82
1 83
1 84
1 85
1 86
1 87
1 88
1 89
1 90
1 91
1 92
1 93
1 94
1 95
1 96
1 97
1 98
1 99
1 100
1 101
1 102
1 103
1 104
1 105
1 106
1 107
1 108
1 109
1 110
1 111
1 112
1 113
1 114
1 115
1 116
1 117
1 118
1 119
1 120
1 121
1 122
1 123
1 124
1 125
1 126
1 127
1 128
1 129
1 130
1 131
1 132
1 133
1 134
1 135
1 136
1 137
1 138
1 139
1 140
1 141
1 142
1 143
1 144
1 145
1 146
1 147
1 148
1 149
1 150
1 151
1 152
1 153
1 154
1 155
1 156
1 157
1 158
1 159
1 160
1 161
1 162
1 163
1 164
1 165
1 166
1 167
1 168
1 169
1 170
1 171
1 172
1 173
1 174
1 175
1 176
1 177
1 178
1 179
1 180
1 181
1 182
1 183
1 184
1 185
1 186
1 187
1 188
1 189
1 190
1 191
1 192
1 193
1 194
1 195
1 196
1 197
1 198
1 199
1 200
1 201
1 202
1 203
1 204
1 205
1 206
1 207
1 208
1 209
1 210
1 211
1 212
1 213
1 214
1 215
1 216
1 217
1 218
1 219
1 220
1 221
1 222
1 223
1 224
1 225
1 226
1 227
1 228
1 229
1 230
1 231
1 232
1 233
1 234
1 235
1 236
1 237
1 238
1 239
1 240
1 241
1 242
1 243
1 244
1 245
1 246
1 247
1 248
1 249
1 250
1 251
1 252
1 253
1 254
1 255
1 256
1 257
1 258
1 259
1 260
1 261
1 262
1 263
1 264
1 265
1 266
1 267
1 268
1 269
1 270
1 271
1 272
1 273
1 274
1 275
1 276
1 277
1 278
1 279
1 280
1 281
1 282
1 283
1 284
1 285
1 286
1 287
1 288
1 289
1 290
1 291
1 292
1 293
1 294
1 295
1 296
1 297
1 298
1 299
1 300
1 301
1 302
1 303
1 304
1 305
1 306
1 307
1 308
1 309
1 310
1 311
1 312
1 313
1 314
1 315
1 316
1 317
1 318
1 319
1 320
1 321
1 322
1 323
1 324
1 325
1 326
1 327
1 328
1 329
1 330
1 331
1 332
1 333
1 334
1 335
1 336
1 337
1 338
1 339
1 340
1 341
1 342
1 343
1 344
1 345
1 346
1 347
1 348
1 349
1 350
1 351
1 352
1 353
1 354
1 355
1 356
1 357
1 358
1 359
1 360
1 361
1 362
1 363
1 364
1 365
1 366
1 367
1 368
1 369
1 370
1 371
1 372
1 373
1 374
1 375
1 376
1 377
1 378
1 379
1 380
1 381
1 382
1 383
1 384
1 385
1 386
1 387
1 388
1 389
1 390
1 391
1 392
1 393
1 394
1 395
1 396
1 397
1 398
1 399
1 400
1 401
1 402
1 403
1 404
1 405
1 406
1 407
1 408
1 409
1 410
1 411
1 412
1 413
1 414
1 415
1 416
1 417
1 418
1 419
1 420
1 421
1 422
1 423
1 424
1 425
1 426
1 427
1 428
1 429
1 430
1 431
1 432
1 433
1 434
1 435
1 436
1 437
1 438
1 439
1 440
1 441
1 442
1 443
1 444
1 445
1 446
1 447
1 448
1 449
1 450
1 451
1 452
1 453
1 454
1 455
1 456
1 457
1 458
1 459
1 460
1 461
1 462
1 463
1 464
1 465
1 466
1 467
1 468
1 469
1 470
1 471
1 472
1 473
1 474
1 475
1 476
1 477
1 478
1 479
1 480
1 481
1 482
1 483
1 484
1 485
1 486
1 487
1 488
1 489
1 490
1 491
1 492
1 493
1 494
1 495
1 496
1 497
1 498
1 499
1 500
1 501
1 502
1 503
1 504
1 505
1 506
1 507
1 508
1 509
1 510
1 511
1 512
1 513
1 514
1 515
1 516
1 517
1 518
1 519
1 520
1 521
1 522
1 523
1 524
1 525
1 526
1 527
1 528
1 529
1 530
1 531
1 532
1 533
1 534
1 535
1 536
1 537
1 538
1 539
1 540
1 541
1 542
1 543
1 544
1 545
1 546
1 547
1 548
1 549
1 550
1 551
1 552
1 553
1 554
1 555
1 556
1 557
1 558
1 559
1 560
1 561
1 562
1 563
1 564
1 565
1 566
1 567
1 568
1 569
1 570
1 571
1 572
1 573
1 574
1 575
1 576
1 577
1 578
1 579
1 580
1 581
1 582
1 583
1 584
1 585
1 586
1 587
1 588
1 589
1 590
1 591
1 592
1 593
1 594
1 595
1 596
1 597
1 598
1 599
1 600
1 601
1 602
1 603
1 604
1 605
1 606
1 607
1 608
1 609
1 610
1 611
1 612
1 613
1 614
1 615
1 616
1 617
1 618
1 619
1 620
1 621
1 622
1 623
1 624
1 625
1 626
1 627
1 628
1 629
1 630
1 631
1 632
1 633
1 634
1 635
1 636
1 637
1 638
1 639
1 640
1 641
1 642
1 643
1 644
1 645
1 646
1 647
1 648
1 649
1 650
1 651
1 652
1 653
1 654
1 655
1 656
1 657
1 658
1 659
1 660
1 661
1 662
1 663
1 664
1 665
1 666
1 667
1 668
1 669
1 670
1 671
1 672
1 673
1 674
1 675
1 676
1 677
1 678
1 679
1 680
1 681
1 682
1 683
1 684
1 685
1 686
1 687
1 688
1 689
1 690
1 691
1 692
1 693
1 694
1 695
1 696
1 697
1 698
1 699
1 700
1 701
1 702
1 703
1 704
1 705
1 706
1 707
1 708
1 709
1 710
1 711
1 712
1 713
1 714
1 715
1 716
1 717
1 718
1 719
1 720
1 721
1 722
1 723
1 724
1 725
1 726
1 727
1 728
1 729
1 730
1 731
1 732
1 733
1 734
1 735
1 736
1 737
1 738
1 739
1 740
1 741
1 742
1 743
1 744
1 745
1 746
1 747
1 748
1 749
1 750
1 751
1 752
1 753
1 754
1 755
1 756
1 757
1 758
1 759
1 760
1 761
1 762
1 763
1 764
1 765
1 766
1 767
1 768
1 769
1 770
1 771
1 772
1 773
1 774
1 775
1 776
1 777
1 778
1 779
1 780
1 781
1 782
1 783
1 784
1 785
1 786
1 787
1 788
1 789
1 790
1 791
1 792
1 793
1 794
1 795
1 796
1 797
1 798
1 799
1 800
1 801
1 802
1 803
1 804
1 805
1 806
1 807
1 808
1 809
1 810
1 811
1 812
1 813
1 814
1 815
1 816
1 817
1 818
1 819
1 820
1 821
1 822
1 823
1 824
1 825
1 826
1 827
1 828
1 829
1 830
1 831
1 832
1 833
1 834
1 835
1 836
1 837
1 838
1 839
1 840
1 841
1 842
1 843
1 844
1 845
1 846
1 847
1 848
1 849
1 850
1 851
1 852
1 853
1 854
1 855
1 856
1 857
1 858
1 859
1 860
1 861
1 862
1 863
1 864
1 865
1 866
1 867
1 868
1 869
1 870
1 871
1 872
1 873
1 874
1 875
1 876
1 877
1 878
1 879
1 880
1 881
1 882
1 883
1 884
1 885
1 886
1 887
1 888
1 889
1 890
1 891
1 892
1 893
1 894
1 895
1 896
1 897
1 898
1 899
1 900
1 901
1 902
1 903
1 904
1 905
1 906
1 907
1 908
1 909
1 910
1 911
1 912
1 913
1 914
1 915
1 916
1 917
1 918
1 919
1 920
1 921
1 922
1 923
1 924
1 925
1 926
1 927
1 928
1 929
1 930
1 931
1 932
1 933
1 934
1 935
1 936
1 937
1 938
1 939
1 940
1 941
1 942
1 943
1 944
1 945
1 946
1 947
1 948
1 949
1 950
1 951
1 952
1 953
1 954
1 955
221 -1
317 -1
56 0
892 955
31 955
431 955
176 4
646 955
436 240
303 955
263 -1
924 580
126 130
24 -2
519 596
152 -1
354 955
391 328
632 446
242 2
771 2
803 273
716 146
819 128
314 0
87 2
113 27
595 912
284 468
170 1
505 1
406 483
337 -2
257 0
723 0
410 2
612 879
385 -2
700 955
927 186
461 707
255 2
161 0
189 -2
582 306
684 850
223 1
437 955
724 955
96 379
248 595
343 -1
7 955
929 0
29 -1
424 235
805 644
344 0
773 1
38 794
31 686
330 0
482 549
560 846
421 -1
111 -2
56 -2
44 0
263 0
49 1
667 528
318 0
940 955
748 955
441 319
494 517
180 -1
409 1
643 818
322 51
268 952
479 2
337 787
15 35
498 916
197 955
179 911
711 0
157 -2
354 2
784 0
519 678
660 955
716 171
490 0
941 2
153 -1
119 2
62 -2
404 0
894 738
547 955
875 955
746 1
150 0
384 1
558 2
533 2
40 2
646 2
26 -1
353 -1
800 955
294 955
109 1
15 1
225 2
51 955
149 955
640 690
121 319
940 955
154 2
531 -1
543 -1
641 955
432 2
942 955
711 2
50 1
145 17
373 955
448 1
782 376
253 655
116 0
920 372
493 458
912 -1
115 634
897 413
38 38
517 -2
456 -2
88 32
944 70
822 484
32 731
195 790
311 0
392 -2
526 0
804 955
186 2
419 2
924 -1
485 494
627 614
953 955
200 134
334 677
458 656
898 69
827 229
133 854
791 858
287 955
45 -2
393 955
858 580
509 1
186 129
679 497
372 468
440 293
224 349
121 0
656 955
562 1
227 1
948 -1
458 0
75 553
113 2
357 0
318 92
407 2
344 888
238 2
28 -2
700 955
286 1
639 224
846 681
164 -2
533 955
341 0
795 0
323 20
164 2
846 840
859 826
537 140
120 268
632 668
452 414
830 498
867 119
614 692
783 719
457 -2
851 82
115 -2
737 872
753 -1
820 141
51 0
698 -1
939 709
921 0
106 0
798 955
271 728
119 2
318 25
345 2
469 2
733 955
929 955
929 -1
64 164
191 2
533 2
41 1
729 514
817 894
581 199
392 -1
768 2
389 0
520 955
100 955
587 340
816 780
496 700
334 -1
787 1
596 1
45 -1
256 -1
91 955
354 955
730 0
935 418
242 -1
160 368
256 269
322 955
862 2
194 324
400 773
713 1
862 682
808 -2
22 613
608 475
320 46
756 -2
180 -2
752 -2
864 677
518 928
159 -2
330 1
752 -2
330 955
276 -1
77 773
345 -1
314 874
572 -1
369 1
614 -2
687 217
887 -2
242 0
54 112
947 718
615 955
246 -1
340 0
718 1
138 -2
722 2
640 -2
619 0
48 -2
154 -1
656 0
693 0
760 -2
362 1
814 189
687 2
869 -1
142 -2
97 663
225 1
390 1
759 284
911 -2
866 1
598 600
798 904
723 431
303 1
738 1
343 936
662 1
651 -1
483 955
425 0
135 -2
80 258
362 2
326 291
605 449
258 916
591 -2
514 955
77 -1
468 -1
273 -2
775 269
407 1
443 300
647 955
360 564
742 955
907 -2
186 872
358 457
2 638
822 955
940 702
779 302
908 1
295 381
575 1
867 -2
185 2
952 555
447 321
747 1
77 789
381 179
296 870
862 2
315 21
566 1
273 -1
248 -1
208 395
437 431
873 460
295 955
87 -1
938 955
7 -2
665 455
144 955
101 955
832 0
609 955
42 19
474 0
737 464
507 133
633 27
626 492
690 -2
559 486
302 92
8 955
342 47
812 334
329 1
648 872
700 -2
270 955
133 0
544 -2
890 69
377 713
149 2
167 2
314 1
813 544
335 -2
218 142
372 1
427 -2
741 0
447 21
807 614
599 1
954 1
845 -2
485 1
778 0
45 912
797 -2
814 721
725 479
104 955
635 844
241 517
247 322
832 200
177 -1
236 2
430 2
924 955
630 109
862 -2
805 428
551 -1
891 2
749 463
211 186
304 -1
118 0
461 0
123 2
745 -1
624 825
925 -1
401 -1
683 667
471 744
665 1
430 -1
168 802
566 2
22 1
508 499
429 2
465 2
336 1
546 2
294 387
753 1
340 222
230 268
64 -2
240 605
578 0
876 955
433 -2
765 -2
44 955
236 884
621 892
773 2
178 955
491 1
62 456
433 1
936 -1
416 1
132 2
151 2
492 629
696 171
869 19
95 1
809 799
549 597
222 955
634 -1
392 194
760 51
351 -2
955 0
755 2
418 445
331 2
826 359
369 810
11 2
783 0
38 955
743 -1
786 684
396 75
121 457
20 1
125 31
393 -2
702 955
148 623
104 1
709 2
326 204
854 -1
692 -1
672 955
842 132
664 -2
142 -2
377 437
802 2
454 663
650 787
86 374
209 2
501 2
585 1
172 955
506 955
231 1
728 164
434 1
542 -2
310 850
357 -1
717 -2
725 955
243 2
112 -2
367 1
548 877
644 -2
805 -2
707 2
174 342
275 2
796 1
592 142
243 647
398 -2
901 906
39 404
38 955
177 232
631 0
484 0
933 948
816 920
81 2
641 955
238 213
406 -2
57 1
533 -1
821 -2
863 918
269 236
608 2
252 545
810 1
461 0
350 212
432 879
932 -1
559 0
112 284
247 671
371 396
448 -2
596 300
656 0
312 955
930 834
34 271
111 955
547 -1
469 0
471 2
537 71
240 25
480 0
676 1
591 -1
209 2
771 955
242 0
596 -2
920 -1
628 -1
274 0
539 2
641 0
793 848
785 120
555 955
808 729
866 -1
159 -2
452 0
461 -2
467 35
71 2
321 318
784 0
518 955
576 111
665 0
415 955
316 2
881 -2
615 1
911 1
399 -1
38 0
787 955
166 0
82 1
123 450
253 -1
848 170
736 955
720 72
24 2
40 955
628 -1
903 0
945 -1
30 0
129 626
205 271
498 498
450 573
903 739
269 2
80 1
163 1
57 -2
172 -2
311 912
606 693
791 -1
428 1
882 121
714 2
722 -2
400 917
168 -2
231 -2
497 -1
442 893
942 406
96 946
550 2
358 0
471 -1
127 82
192 0
375 0
227 545
77 119
454 870
686 1
675 0
21 2
106 1
890 0
51 -1
795 1
343 0
203 624
40 0
598 397
519 0
758 688
121 646
519 0
728 462
726 0
64 0
955 688
597 955
646 -1
25 2
271 2
794 0
93 92
664 2
926 8
497 2
386 -1
504 -1
683 955
639 697
935 955
345 2
836 0
370 -1
290 334
347 830
930 -1
891 955
250 2
360 106
259 -2
284 955
840 -2
668 780
447 955
55 788
268 364
187 1
118 -1
544 1
271 955
468 2
327 56
11 238
932 955
585 2
902 -2
293 0
46 2
16 955
13 2
918 370
255 2
496 783
41 288
345 2
266 60
895 95
534 955
173 955
616 -2
900 2
879 0
884 1
213 1
768 -1
474 1
760 58
717 395
400 1
595 506
805 568
754 2
781 955
473 -2
755 675
40 -2
273 955
749 712
137 723
238 -2
158 805
20 813
764 1
631 1
254 -2
322 -1
457 -1
757 955
555 197
189 -2
903 -1
427 558
208 955
599 -2
695 1
425 -1
496 0
573 252
795 73
26 503
415 667
794 297
216 -2
353 -1
297 1
240 2
760 0
282 -1
755 192
560 0
13 636
225 0
684 2
854 927
345 675
36 371
482 -1
684 715
400 0
629 143
329 1
739 21
505 1
68 1
324 -2
498 56
149 43
801 -1
91 0
156 -1
846 352
549 1
815 2
167 0
490 773
226 2
63 1
479 1
449 0
70 -1
873 484
836 -1
487 -2
707 410
627 863
354 2
376 250
777 407
31 -2
863 756
212 2
867 764
235 955
731 1
818 63
19 -1
926 2
53 -2
881 1
323 96
258 955
157 0
892 882
239 2
150 0
51 -2
276 898
248 563
328 2
259 2
139 1
697 1
644 542
555 2
690 536
312 0
298 -1
894 431
395 -2
455 -1
477 608
200 783
60 835
589 264
338 0
949 1
375 1
428 1
945 489
849 863
165 -1
98 1
363 -2
874 115
866 2
539 0
274 843
300 1
658 2
879 518
916 673
299 371
160 106
463 668
534 307
557 589
140 86
140 955
681 -1
710 405
383 283
540 2
788 -2
295 160
313 542
349 2
432 1
509 2
692 2
854 1
879 -1
486 1
529 2
586 2
408 209
95 -2
668 2
144 96
650 2
751 515
17 -2
928 955
414 828
401 837
25 291
831 -1
31 -1
322 955
53 943
560 -2
148 2
585 739
280 1
213 928
18 1
502 0
308 557
121 1
349 231
615 0
541 -1
550 381
711 955
79 2
603 -1
891 899
415 1
361 893
758 327
390 0
777 52
394 92
141 -1
806 817
639 282
635 -1
388 304
710 864
518 2
707 221
54 603
23 551
363 7
152 550
223 752
409 398
237 -1
549 0
265 683
856 0
