1952 1938
187 641
315 1491
1439 1853
1584 1921
303 1635
730 1583
1246 1645
91 334
1864 1926
1031 1346
460 998
757 944
829 1857
790 1236
1081 1506
1083 1841
886 901
1123 1941
64 632
451 1604
220 1932
418 1293
47 1811
1873 1930
29 1663
624 1355
268 1393
661 913
983 1140
364 1871
304 848
76 903
431 1463
56 1355
637 1107
737 764
474 1744
1631 1643
1599 1946
167 1017
192 1592
521 1347
125 338
176 1202
1312 1675
890 1298
1438 1657
454 841
155 367
1026 1078
507 800
1633 1839
432 1775
88 928
1145 1232
542 956
62 1419
600 1442
242 655
73 1910
847 1599
33 151
394 839
487 774
214 569
308 1343
1503 1619
1074 1422
178 1363
669 1122
187 461
843 1401
315 602
234 965
1408 1528
392 1806
68 1266
1268 1879
827 1673
648 919
32 558
829 1208
176 1003
915 1925
841 1296
1203 1349
534 1808
51 1873
868 1709
1087 1393
36 654
126 726
765 947
1293 1846
410 855
161 517
7 992
918 1551
840 1781
487 887
271 1920
374 1685
660 1454
1521 1640
1049 1267
270 560
486 1643
928 1311
360 449
1432 1768
120 1124
1495 1553
1408 1760
462 1164
66 246
829 1897
548 1664
1237 1625
253 1891
116 942
265 813
1055 1159
1121 1486
128 1212
445 1780
311 937
241 815
167 378
142 880
795 1854
144 1729
445 923
152 782
1109 1466
96 1242
1134 1266
859 1652
1282 1644
1285 1927
122 218
428 816
211 1145
946 1854
1179 1254
131 1347
756 1063
448 803
691 1950
331 1624
1230 1272
13 1247
1457 1856
1164 1741
465 666
710 1080
216 1786
1072 1189
621 1396
1025 1923
738 989
205 316
1226 1810
286 568
42 1936
286 1912
206 962
835 1144
887 1132
482 1856
287 665
1404 1469
31 714
379 812
861 954
102 1126
595 869
349 1128
95 581
572 985
262 728
1560 1828
923 1531
1251 1361
1429 1886
1208 1297
572 1076
676 1129
1159 1438
122 1511
903 1568
448 549
293 1339
851 1748
1030 1567
658 1703
1173 1797
555 1875
728 1898
982 1731
129 552
1225 1525
808 892
1239 1266
1086 1115
623 1861
221 1638
279 1356
1251 1339
440 1565
1597 1878
41 937
48 1411
239 255
65 143
1233 1252
283 529
1265 1449
986 1114
1076 1144
773 1211
231 1655
337 1827
884 1030
419 981
345 413
1082 1265
179 417
659 1590
1484 1627
129 964
249 553
934 1147
965 1033
155 319
26 702
443 483
1027 1475
27 1260
277 1750
191 765
721 878
815 1090
1006 1161
282 987
502 1779
29 1086
362 646
831 1140
535 907
12 429
215 1140
157 1494
398 623
819 1757
708 1235
739 809
834 1648
1472 1753
131 1075
188 1666
139 785
903 949
104 137
1479 1690
705 1642
1512 1872
1025 1939
285 1012
1138 1434
979 1101
476 960
69 1137
1492 1587
1680 1722
267 1941
550 1072
110 1167
337 367
638 1271
168 978
427 793
758 801
1211 1817
379 1162
8 1061
1338 1926
305 1442
716 1407
9 674
836 1609
1441 1772
502 760
1676 1746
115 905
785 1092
39 382
1315 1926
1626 1787
285 860
922 1827
153 1905
492 885
242 1244
1046 1194
1087 1427
214 1851
780 1885
1014 1893
146 1839
230 1427
601 949
385 1496
448 1918
266 1442
395 1190
140 1309
1115 1632
179 1035
54 372
1113 1509
1076 1839
558 1582
1191 1734
724 1015
997 1299
3 1393
129 769
1267 1428
788 1384
267 598
1498 1840
637 1301
1079 1151
529 1606
697 1693
328 1008
1486 1908
1690 1764
1046 1227
201 532
1070 1692
50 1356
205 778
626 958
747 1144
45 477
630 1213
649 653
395 1281
17 342
555 1206
1467 1755
219 454
137 232
146 841
241 668
1067 1253
1126 1678
90 327
1288 1784
1052 1215
170 496
1240 1537
237 1142
1521 1829
126 1738
789 1384
1326 1618
94 1611
1112 1160
600 1156
206 956
3 1126
698 1648
1144 1619
1469 1761
190 1582
963 1239
435 1608
1013 1392
204 583
629 702
410 411
857 1366
1099 1749
72 540
1427 1788
561 952
22 772
272 1736
1561 1580
497 786
1058 1355
14 1317
363 1454
1313 1404
1262 1436
121 231
1294 1673
361 544
394 1381
1017 1689
1016 1164
1174 1535
415 506
723 1789
1253 1753
760 1074
1398 1702
171 730
440 1267
970 1591
593 860
292 1447
835 1744
440 1920
282 792
737 1554
186 1840
1548 1729
325 1142
1338 1521
294 1071
1772 1946
450 496
1135 1467
546 1566
326 1796
1536 1642
1388 1430
1818 1870
140 815
456 1677
666 911
920 1058
115 796
81 842
1533 1597
600 1726
1108 1125
301 398
615 843
285 430
244 1927
629 1831
360 1613
694 780
67 1866
301 317
1109 1680
1121 1374
792 1284
551 1366
131 735
908 1139
653 1621
710 1789
1305 1764
50 1705
907 923
59 1146
1441 1766
810 993
160 1102
689 1618
190 474
1014 1667
497 1609
516 628
1705 1923
1039 1328
99 343
895 1493
785 945
617 1845
586 1798
193 1768
503 1906
127 836
118 484
1334 1646
487 1153
775 1438
384 902
720 757
1686 1828
364 584
157 1818
885 1145
229 658
313 1486
484 1589
75 1911
565 1459
27 95
1119 1307
565 1521
439 799
922 981
1167 1224
106 858
58 66
100 152
694 1842
1003 1356
974 1877
704 716
861 1789
911 1262
192 870
1616 1695
1498 1630
965 1468
963 1225
94 636
439 1509
194 873
810 844
916 1304
958 1021
905 1824
404 687
1665 1757
265 1519
660 1928
474 1575
1 841
1127 1289
155 298
258 270
1200 1269
804 1499
1785 1812
1132 1640
699 1230
1129 1262
877 955
642 884
267 537
480 1165
504 909
942 1148
1 1842
1094 1377
26 1556
1601 1816
11 278
382 1137
405 1923
373 782
1353 1517
358 509
1541 1619
1260 1537
307 920
1061 1202
477 1802
461 1303
788 1828
249 1419
391 1492
774 1269
1084 1396
846 1928
1062 1395
524 1395
129 467
1620 1805
921 1621
1309 1683
231 327
105 1324
1090 1781
994 1202
62 678
285 670
964 1522
368 839
447 531
1315 1568
121 557
325 1151
474 1694
1206 1736
226 1399
1301 1902
65 961
246 488
1217 1876
685 1795
654 1135
850 1767
1416 1732
237 1920
45 608
977 1057
119 1111
486 1794
291 352
158 1026
424 1489
936 1907
241 1633
55 1431
532 1241
923 1237
218 545
1051 1367
1470 1523
335 625
758 788
358 1564
98 1844
1155 1625
42 1286
573 1040
573 1732
410 1748
1712 1752
640 1914
310 950
247 1269
388 1331
530 618
1059 1900
1095 1405
429 491
897 1727
40 1942
709 1786
653 1860
214 1922
454 987
153 416
1086 1229
30 978
652 1930
409 976
577 1552
1416 1591
1370 1533
464 1904
1500 1531
14 1021
1056 1068
99 1077
998 1307
86 708
1204 1689
142 561
210 1280
540 1331
423 1431
718 1310
523 1388
158 944
286 1743
1470 1815
1263 1829
1015 1286
347 1224
920 1586
361 1200
1473 1693
10 600
867 1382
709 1116
1015 1697
193 1318
830 1445
326 538
357 1871
397 1861
92 127
196 1762
430 939
604 1529
902 1137
301 1824
600 881
693 1920
523 831
736 1886
592 1776
427 980
613 922
419 950
360 1425
713 1354
467 820
206 1699
96 330
580 981
210 220
1297 1308
693 1686
1321 1875
1475 1896
1241 1774
77 1239
482 887
234 1100
180 654
866 1286
830 1881
1797 1855
485 757
384 1248
523 906
322 935
846 914
628 1147
1077 1759
539 841
1088 1713
461 1293
520 809
341 1548
733 1540
318 742
1058 1458
129 1134
1235 1540
907 1383
63 1942
896 1932
976 1699
176 1035
518 751
820 1791
11 414
637 1386
278 768
1398 1933
366 1229
746 1038
152 338
1205 1746
46 108
734 1127
264 1710
1075 1570
567 568
864 1472
824 1816
442 1397
1046 1775
784 975
572 1248
1321 1524
774 1316
448 1405
290 1475
192 548
891 910
810 958
1168 1415
360 1941
1065 1650
24 681
353 1275
153 458
1151 1637
427 914
639 1079
1732 1828
758 991
961 1055
836 1815
939 1773
1275 1369
393 1498
345 1242
1188 1588
1127 1905
396 675
48 97
961 1711
74 1937
1315 1706
1185 1559
828 974
948 1871
700 1072
722 1146
328 1005
1252 1777
764 1702
606 1036
611 1453
268 482
484 1522
403 1415
209 1838
1536 1787
452 1478
393 1313
738 837
533 1390
40 1075
578 1678
292 1161
1855 1894
1219 1861
678 910
797 1305
88 1723
1506 1817
55 1722
313 1881
365 932
1049 1529
158 1238
1103 1875
1532 1804
117 1220
752 951
1423 1523
77 1352
133 1619
1067 1895
1263 1415
189 692
593 1402
1459 1942
518 1122
535 865
872 1103
259 1500
348 666
1223 1304
1011 1680
545 1754
435 1425
297 1783
1126 1211
688 1347
1321 1568
1549 1655
474 1813
1611 1715
1078 1263
85 1944
1263 1654
319 620
1124 1184
555 1175
1036 1446
583 1943
1173 1573
284 770
1045 1582
159 251
743 1326
499 705
1003 1017
878 1302
768 1603
1232 1828
1544 1644
84 1377
863 1359
211 1373
574 1741
495 652
388 625
314 476
971 1393
1291 1527
71 786
181 909
1014 1557
491 960
139 418
926 1790
39 1923
246 1869
885 1269
154 906
66 975
1242 1556
210 1020
662 1759
89 430
210 838
1206 1457
688 773
878 916
66 1023
532 820
69 1270
211 941
292 1393
559 1639
870 1376
464 1153
585 1941
1172 1513
60 682
22 987
301 1548
294 677
288 1725
1229 1525
1717 1950
2 1331
1715 1805
119 1411
531 1827
29 107
819 1475
1061 1393
277 427
40 663
23 1306
129 1352
771 1198
302 659
476 1669
344 1902
760 1802
635 1528
1221 1754
1370 1457
460 1683
1155 1324
936 1067
622 868
602 874
180 1945
608 1299
315 1677
1195 1703
1104 1493
430 1629
819 1698
276 1883
60 1112
373 489
926 1357
923 1032
460 1782
5 1577
997 1791
670 1114
384 532
334 651
389 608
667 860
153 1468
856 1042
1386 1603
1679 1798
365 1219
35 1755
719 1448
771 1259
306 910
531 856
198 1157
195 761
322 996
1428 1439
133 358
630 1405
388 1358
112 1535
1205 1862
337 1086
402 1599
1086 1247
598 972
1106 1239
1850 1882
1319 1631
810 959
260 555
914 1553
37 214
359 1476
946 1179
927 1200
301 1276
123 1196
1094 1886
129 1129
225 950
351 1672
92 1511
787 1505
892 1501
386 1384
567 1396
236 832
897 1828
506 576
1265 1847
17 1244
137 484
290 1294
825 1172
752 1923
156 228
182 517
62 1637
33 592
53 420
753 1147
478 1323
619 672
1189 1949
487 1401
755 1354
77 851
693 719
501 865
536 1063
1022 1905
500 545
1344 1597
1167 1320
690 1267
1346 1791
230 381
499 664
1086 1117
123 1922
40 986
209 347
381 1727
581 1179
694 1227
1517 1896
282 780
559 934
810 1863
941 1468
847 1937
170 1867
541 1454
1393 1492
176 305
1578 1785
648 1511
581 1475
1247 1934
1268 1446
1127 1893
215 1320
801 1693
437 1291
283 1101
66 169
1699 1764
662 1822
1172 1639
70 1725
759 1268
46 47
215 502
660 1550
1503 1581
218 1349
1088 1451
750 1167
53 1619
376 596
1185 1903
303 1634
159 491
152 418
125 593
1735 1824
92 160
946 1573
247 967
1121 1409
168 616
376 1776
562 1024
56 1728
53 101
84 774
925 1947
518 1021
1448 1951
676 1814
216 267
487 1822
1129 1171
1052 1262
336 775
130 485
198 248
692 959
1653 1668
1420 1502
268 1687
285 1455
110 1425
580 907
733 1570
74 465
839 1191
460 1866
445 531
154 1855
1062 1161
434 780
639 1743
269 1592
345 632
565 1233
1252 1442
145 1033
805 1055
354 1098
310 1513
1369 1521
660 1041
478 1460
736 846
158 1416
563 1699
691 1629
1153 1913
240 1915
1464 1572
120 1310
302 792
778 1695
1629 1763
105 1253
219 1081
910 1764
409 576
667 1762
40 360
834 1356
690 1449
1056 1581
126 734
1166 1579
418 1757
74 1242
841 1446
944 1363
1269 1441
773 1629
591 1725
1090 1674
1031 1886
584 883
216 1616
1238 1776
443 544
767 1703
137 712
427 878
588 1942
87 1402
278 1063
1460 1588
311 1111
336 1494
291 1144
536 541
231 630
1226 1925
603 1428
20 1457
381 1186
142 457
11 970
1568 1827
951 1332
1058 1613
982 1744
1145 1321
646 1800
673 727
495 657
151 1759
544 913
425 1062
800 923
195 1263
349 1924
126 450
69 663
13 1188
1113 1793
1307 1815
159 1943
473 1051
559 1183
1096 1687
841 1003
944 1841
798 984
300 1112
379 951
940 1002
272 392
724 1343
1775 1938
1288 1645
1038 1157
801 1210
200 1047
285 1914
151 263
1084 1349
1414 1560
231 302
407 576
27 1788
162 808
817 1635
280 1196
1141 1330
55 1538
491 684
1263 1358
263 1323
899 929
979 1027
2 769
36 1461
1446 1573
25 1128
825 1239
530 1527
54 510
137 560
650 1298
677 1839
273 1615
119 453
762 800
224 1025
705 1552
299 1842
610 1945
229 1455
1213 1928
1499 1578
739 859
194 1264
616 1332
1617 1934
506 552
677 1670
1135 1139
1013 1105
46 1946
785 1829
76 1950
640 1091
351 884
342 485
1259 1734
473 1130
271 765
424 1922
1086 1498
362 599
109 1267
1092 1902
1277 1586
238 439
454 1853
1140 1463
853 1678
939 1932
1547 1662
867 1358
3 1183
1182 1559
1375 1695
152 1289
1060 1176
721 1386
422 1131
469 1019
904 1130
86 620
614 621
312 1483
671 1166
1301 1601
204 347
573 1238
1221 1647
227 762
1811 1835
54 332
1349 1874
608 933
1003 1376
637 1898
1053 1880
1032 1890
643 1774
1020 1681
692 848
662 1083
76 1724
558 1363
359 1036
1535 1746
1519 1700
21 876
335 883
664 1209
538 868
1791 1797
999 1846
1679 1928
617 634
1232 1382
409 990
66 855
460 1415
273 844
851 1946
834 902
327 1170
179 1595
225 771
276 754
1885 1920
14 975
460 975
551 916
258 1623
754 1420
362 1622
916 1813
59 876
599 1776
174 1431
418 1412
757 1494
446 559
142 1126
329 1868
1158 1337
687 770
255 779
97 1808
107 638
964 1024
871 1249
1211 1420
305 679
593 1026
379 1508
639 1601
692 1125
1397 1702
409 954
719 720
396 1285
1100 1688
57 445
1462 1618
115 1048
450 466
782 1614
991 1645
1055 1480
977 1718
359 1765
366 1332
1230 1570
1380 1485
144 837
1363 1468
482 555
353 797
764 1927
224 1748
615 1917
1643 1777
501 511
572 1532
938 1240
357 1654
981 1734
748 1173
515 1341
123 600
1708 1917
537 1239
196 1234
1165 1302
944 1935
1544 1885
292 1164
625 1690
28 1227
46 855
308 347
110 936
891 980
235 527
231 1938
287 1493
444 1485
549 1827
192 578
831 945
261 635
672 930
1621 1718
695 1607
252 1952
978 1332
937 1130
662 1306
522 1151
1168 1727
981 1023
1148 1349
603 1061
191 891
258 1025
284 1523
905 1452
400 958
247 1299
1411 1950
1263 1644
328 1628
784 1353
140 1647
628 957
1550 1764
529 1085
487 775
550 1402
645 1155
642 927
134 902
83 1101
570 1892
332 1044
1407 1428
905 1049
4 956
745 787
640 1831
203 1535
1169 1668
882 1093
1172 1445
919 1144
1040 1165
28 972
657 1248
589 1371
199 851
147 531
1235 1309
72 225
648 1157
452 1083
828 1158
554 1912
765 1721
419 644
435 965
239 980
574 1206
812 1821
744 1192
1581 1844
1473 1502
1695 1776
766 1535
1559 1583
117 384
893 1624
1162 1183
273 489
947 1526
1475 1586
1110 1629
898 1284
424 1565
1211 1379
467 610
555 596
208 1766
146 218
610 1698
1325 1837
44 66
332 1086
673 1191
1081 1611
100 193
1732 1951
1213 1767
717 1710
753 1577
37 769
394 1392
434 847
670 1335
68 1812
704 1599
19 629
348 1023
528 1085
157 889
343 810
1601 1782
524 995
6 657
533 593
789 1448
1816 1867
1089 1846
329 1458
1323 1450
515 1767
1076 1400
667 1623
1005 1752
268 1503
982 1035
268 1383
1011 1378
62 1652
503 1297
1441 1530
1099 1685
1364 1505
196 1064
263 1923
632 1126
659 1231
880 1763
852 1485
770 1104
1042 1629
182 826
332 1701
562 1374
1736 1782
1464 1638
1630 1676
812 1399
445 528
669 1330
1225 1330
415 1860
713 807
98 1932
67 145
733 1720
298 414
1115 1787
332 1236
811 1235
323 1563
265 586
427 1152
686 1145
450 759
1319 1611
734 769
120 1791
674 1062
1738 1855
78 1514
1013 1305
317 608
410 1858
105 1116
1651 1678
142 403
175 416
238 1240
193 1596
1112 1345
494 1340
1013 1431
306 991
697 945
247 1198
426 436
858 1889
1667 1745
513 869
1229 1763
1109 1361
801 1411
1620 1641
818 1008
1249 1804
570 1218
482 1840
1306 1329
1490 1777
1076 1283
1344 1828
347 1553
846 1111
179 981
1265 1484
436 629
1101 1122
38 84
1195 1232
91 355
294 900
1751 1811
421 449
417 876
399 1192
610 1565
999 1726
898 1773
1162 1665
368 781
1107 1462
1018 1244
10 1670
1657 1682
819 1880
1193 1594
920 1583
746 872
74 312
303 876
1210 1576
676 1383
1470 1805
562 1532
730 1587
1121 1770
559 1268
965 1505
1355 1660
907 1099
1482 1848
857 1006
1940 1952
131 684
749 816
175 260
1245 1537
162 1490
41 1564
1038 1403
275 1626
650 1194
1051 1561
406 1881
662 1371
67 816
716 1921
440 693
1525 1776
414 1392
515 1195
800 1647
1384 1806
59 1831
245 535
572 627
212 253
975 1721
922 1354
1154 1529
10 1627
522 1764
728 1444
183 1342
121 1626
393 1509
862 1319
1732 1920
318 1723
939 1148
372 1592
781 1273
652 1363
950 1640
233 1434
45 1224
812 1910
118 333
1290 1762
284 435
219 389
112 1323
165 1679
454 1796
647 825
411 750
891 1394
981 1587
661 1231
677 1064
950 1773
1219 1619
972 1726
1233 1626
290 1542
282 1287
403 1712
188 1826
1147 1595
591 1062
289 311
1317 1673
1026 1166
1167 1524
204 1545
1226 1597
302 803
434 1339
39 1237
435 1061
303 679
1618 1950
28 157
627 1176
676 726
65 1820
564 1579
193 1021
1124 1441
325 582
1395 1796
252 1371
1136 1912
1174 1767
576 1805
238 1648
1085 1203
1448 1854
773 1295
799 1230
208 1707
390 1354
216 385
400 415
98 1768
341 1249
535 894
867 1644
966 1544
606 1922
9 1455
171 1431
329 877
764 1504
704 826
111 467
234 1133
386 821
717 1074
927 1932
676 1657
439 1688
522 603
338 1697
256 717
1313 1472
1351 1942
390 1337
514 1161
384 1742
1507 1731
1470 1593
842 1542
7 1026
730 1850
83 1119
801 1485
735 820
1065 1842
258 491
1430 1484
502 1185
691 1400
113 615
493 1049
678 943
761 805
120 1751
975 1415
534 808
395 1340
609 648
905 908
1390 1922
866 878
779 1731
228 337
276 527
109 515
407 999
837 1495
322 333
56 1378
96 1055
1070 1425
561 1007
953 1861
804 1718
156 641
1530 1856
958 1923
634 723
529 727
753 1900
791 1590
993 1822
435 1906
302 613
892 1889
113 1394
803 1307
1017 1258
451 1598
626 839
1788 1807
98 571
119 902
82 1335
911 1772
110 1754
1025 1656
109 680
1063 1574
741 1548
518 1626
430 1060
1017 1436
917 1720
924 1228
552 1462
275 450
228 485
263 320
967 1241
718 1395
549 624
1236 1780
734 1545
57 1661
581 1926
340 1175
1395 1474
45 1861
50 1087
973 1410
287 519
1683 1699
517 696
745 1263
1091 1336
209 511
419 1861
87 1089
116 716
769 1872
1374 1475
878 1093
1784 1818
764 891
610 1024
757 1376
482 818
567 808
414 1352
1098 1406
386 1648
670 857
638 1510
1586 1620
11 245
686 1276
307 435
557 1645
714 1829
378 1285
618 1372
1494 1621
1029 1139
46 1089
1622 1661
1591 1949
458 1758
858 931
1092 1337
17 1277
1506 1677
351 719
38 1575
1022 1337
273 1780
1170 1849
289 715
420 1414
176 640
1107 1824
1784 1817
72 1905
370 1368
840 1318
293 849
261 1580
200 312
256 652
217 1368
616 1344
231 1083
196 344
233 555
2 1179
1163 1600
272 1440
45 257
183 1505
655 1678
561 1589
119 1470
1327 1457
287 1453
26 1597
1299 1946
