1000 999
2 1
3 1
4 2
5 2
6 2
7 2
8 6
9 1
10 9
11 4
12 7
13 7
14 3
15 7
16 15
17 9
18 16
19 16
20 15
21 13
22 2
23 6
24 6
25 10
26 8
27 22
28 4
29 7
30 27
31 5
32 28
33 7
34 16
35 25
36 7
37 4
38 22
39 12
40 19
41 20
42 17
43 36
44 23
45 32
46 24
47 23
48 15
49 43
50 41
51 30
52 13
53 24
54 3
55 24
56 37
57 48
58 13
59 6
60 33
61 5
62 44
63 40
64 58
65 28
66 6
67 36
68 31
69 26
70 37
71 56
72 26
73 45
74 44
75 3
76 30
77 30
78 55
79 77
80 11
81 20
82 59
83 43
84 80
85 83
86 83
87 24
88 29
89 45
90 68
91 82
92 72
93 45
94 22
95 69
96 38
97 75
98 76
99 21
100 86
101 8
102 66
103 14
104 45
105 74
106 34
107 93
108 18
109 74
110 30
111 91
112 96
113 27
114 8
115 46
116 84
117 86
118 21
119 9
120 81
121 36
122 64
123 103
124 80
125 67
126 35
127 8
128 96
129 29
130 78
131 79
132 35
133 129
134 65
135 49
136 31
137 84
138 37
139 97
140 56
141 55
142 84
143 54
144 21
145 26
146 41
147 57
148 105
149 108
150 62
151 136
152 120
153 116
154 26
155 71
156 83
157 111
158 86
159 98
160 38
161 26
162 107
163 29
164 127
165 147
166 161
167 38
168 148
169 27
170 78
171 54
172 120
173 163
174 122
175 109
176 43
177 55
178 56
179 146
180 148
181 38
182 79
183 91
184 57
185 180
186 26
187 167
188 7
189 24
190 98
191 136
192 167
193 10
194 77
195 105
196 123
197 72
198 194
199 154
200 56
201 175
202 157
203 98
204 158
205 32
206 118
207 178
208 199
209 123
210 135
211 95
212 191
213 148
214 73
215 113
216 189
217 45
218 23
219 68
220 123
221 208
222 182
223 151
224 51
225 52
226 7
227 217
228 158
229 217
230 197
231 225
232 39
233 215
234 174
235 35
236 60
237 207
238 14
239 153
240 132
241 30
242 19
243 176
244 150
245 170
246 111
247 17
248 179
249 71
250 197
251 68
252 200
253 221
254 96
255 189
256 198
257 98
258 114
259 143
260 68
261 190
262 172
263 77
264 240
265 61
266 169
267 122
268 50
269 24
270 204
271 119
272 195
273 200
274 21
275 25
276 196
277 216
278 171
279 71
280 203
281 218
282 234
283 102
284 140
285 148
286 140
287 2
288 136
289 58
290 194
291 85
292 284
293 158
294 26
295 6
296 293
297 127
298 150
299 257
300 159
301 263
302 48
303 233
304 7
305 81
306 124
307 28
308 138
309 257
310 305
311 205
312 218
313 253
314 28
315 76
316 28
317 76
318 116
319 20
320 188
321 229
322 317
323 241
324 219
325 171
326 8
327 32
328 191
329 246
330 121
331 306
332 52
333 56
334 17
335 322
336 19
337 144
338 79
339 71
340 46
341 199
342 16
343 322
344 187
345 25
346 14
347 271
348 151
349 203
350 229
351 81
352 303
353 299
354 334
355 312
356 237
357 15
358 66
359 273
360 149
361 329
362 14
363 255
364 166
365 194
366 316
367 99
368 101
369 62
370 294
371 218
372 353
373 64
374 289
375 149
376 323
377 295
378 182
379 106
380 249
381 307
382 55
383 131
384 306
385 83
386 41
387 69
388 330
389 339
390 330
391 273
392 278
393 58
394 86
395 375
396 154
397 202
398 115
399 200
400 189
401 291
402 66
403 150
404 267
405 13
406 246
407 137
408 307
409 405
410 203
411 365
412 177
413 301
414 183
415 178
416 112
417 295
418 299
419 3
420 96
421 299
422 371
423 82
424 387
425 47
426 26
427 292
428 143
429 153
430 260
431 399
432 121
433 215
434 249
435 314
436 429
437 118
438 340
439 226
440 346
441 331
442 217
443 189
444 73
445 209
446 382
447 314
448 142
449 237
450 38
451 334
452 131
453 34
454 105
455 218
456 320
457 338
458 226
459 351
460 407
461 72
462 117
463 139
464 114
465 50
466 258
467 3
468 446
469 362
470 409
471 341
472 393
473 435
474 376
475 206
476 161
477 31
478 37
479 383
480 26
481 430
482 324
483 197
484 37
485 446
486 282
487 94
488 298
489 377
490 411
491 115
492 399
493 346
494 4
495 207
496 446
497 27
498 44
499 225
500 310
501 163
502 453
503 3
504 221
505 3
506 315
507 431
508 163
509 467
510 92
511 144
512 66
513 242
514 202
515 70
516 95
517 65
518 58
519 163
520 509
521 508
522 225
523 291
524 127
525 70
526 426
527 3
528 87
529 396
530 322
531 382
532 126
533 231
534 343
535 268
536 88
537 493
538 357
539 97
540 122
541 464
542 234
543 520
544 222
545 225
546 53
547 155
548 313
549 376
550 375
551 206
552 388
553 317
554 529
555 471
556 57
557 327
558 272
559 410
560 1
561 123
562 200
563 337
564 130
565 543
566 225
567 57
568 531
569 199
570 205
571 404
572 256
573 247
574 540
575 200
576 261
577 546
578 61
579 412
580 292
581 215
582 3
583 571
584 243
585 394
586 203
587 547
588 56
589 338
590 548
591 137
592 35
593 353
594 106
595 155
596 31
597 219
598 233
599 160
600 408
601 194
602 214
603 69
604 364
605 224
606 483
607 202
608 273
609 319
610 190
611 282
612 398
613 482
614 585
615 496
616 533
617 477
618 137
619 375
620 89
621 447
622 37
623 368
624 79
625 197
626 518
627 437
628 249
629 58
630 437
631 174
632 465
633 565
634 619
635 301
636 581
637 395
638 503
639 624
640 480
641 574
642 205
643 113
644 300
645 200
646 613
647 158
648 365
649 204
650 481
651 221
652 307
653 502
654 160
655 636
656 250
657 497
658 541
659 385
660 215
661 286
662 574
663 510
664 659
665 546
666 35
667 320
668 65
669 336
670 344
671 501
672 502
673 648
674 206
675 483
676 525
677 403
678 311
679 466
680 132
681 152
682 408
683 647
684 532
685 674
686 172
687 2
688 97
689 171
690 651
691 129
692 147
693 309
694 28
695 210
696 408
697 47
698 234
699 421
700 332
701 30
702 368
703 210
704 455
705 388
706 11
707 271
708 379
709 621
710 380
711 529
712 331
713 208
714 256
715 367
716 216
717 644
718 211
719 112
720 540
721 412
722 597
723 259
724 308
725 140
726 367
727 358
728 124
729 221
730 310
731 21
732 710
733 202
734 539
735 631
736 572
737 540
738 69
739 328
740 225
741 639
742 354
743 659
744 289
745 702
746 307
747 25
748 507
749 493
750 246
751 587
752 717
753 204
754 242
755 421
756 40
757 119
758 224
759 289
760 496
761 180
762 651
763 74
764 118
765 244
766 751
767 87
768 51
769 566
770 261
771 698
772 443
773 417
774 185
775 219
776 694
777 144
778 35
779 199
780 636
781 727
782 729
783 164
784 603
785 435
786 406
787 213
788 523
789 417
790 466
791 238
792 791
793 100
794 168
795 353
796 626
797 20
798 729
799 347
800 730
801 571
802 75
803 460
804 399
805 90
806 658
807 470
808 680
809 39
810 680
811 286
812 212
813 350
814 761
815 439
816 588
817 457
818 111
819 553
820 333
821 476
822 66
823 18
824 302
825 388
826 771
827 53
828 265
829 534
830 664
831 409
832 574
833 147
834 43
835 401
836 399
837 576
838 605
839 782
840 504
841 291
842 752
843 693
844 495
845 100
846 54
847 294
848 739
849 501
850 48
851 457
852 248
853 454
854 506
855 424
856 704
857 166
858 368
859 762
860 50
861 642
862 347
863 24
864 579
865 70
866 228
867 701
868 867
869 401
870 62
871 221
872 408
873 580
874 240
875 185
876 83
877 811
878 116
879 760
880 566
881 560
882 255
883 611
884 839
885 428
886 710
887 784
888 469
889 424
890 190
891 548
892 27
893 375
894 439
895 485
896 328
897 732
898 131
899 666
900 197
901 518
902 594
903 90
904 305
905 586
906 197
907 598
908 527
909 817
910 794
911 714
912 153
913 98
914 474
915 134
916 748
917 722
918 724
919 616
920 798
921 675
922 730
923 648
924 742
925 858
926 30
927 278
928 659
929 476
930 623
931 745
932 238
933 647
934 158
935 52
936 571
937 596
938 841
939 866
940 616
941 76
942 255
943 823
944 548
945 723
946 846
947 719
948 39
949 84
950 100
951 825
952 142
953 535
954 405
955 135
956 379
957 835
958 207
959 568
960 286
961 400
962 327
963 259
964 523
965 127
966 25
967 459
968 241
969 147
970 855
971 304
972 766
973 665
974 155
975 673
976 63
977 811
978 898
979 595
980 365
981 882
982 658
983 722
984 464
985 675
986 927
987 452
988 219
989 966
990 798
991 860
992 216
993 798
994 113
995 725
996 653
997 620
998 449
999 437
1000 10
