1000 999 396
2 1
3 1
4 1
5 3
6 4
7 2
8 7
9 4
10 3
11 2
12 4
13 11
14 4
15 3
16 4
17 11
18 8
19 12
20 10
21 5
22 7
23 17
24 6
25 11
26 12
27 6
28 8
29 14
30 27
31 26
32 29
33 27
34 11
35 31
36 13
37 6
38 29
39 32
40 13
41 20
42 12
43 11
44 40
45 30
46 37
47 34
48 46
49 3
50 13
51 8
52 21
53 13
54 11
55 30
56 50
57 50
58 49
59 19
60 24
61 58
62 55
63 25
64 1
65 15
66 14
67 47
68 4
69 21
70 3
71 6
72 27
73 67
74 33
75 53
76 65
77 34
78 49
79 63
80 41
81 76
82 16
83 35
84 19
85 64
86 55
87 24
88 53
89 84
90 17
91 2
92 59
93 43
94 24
95 34
96 8
97 72
98 2
99 35
100 50
101 94
102 84
103 83
104 23
105 18
106 64
107 106
108 90
109 66
110 88
111 20
112 26
113 32
114 79
115 50
116 26
117 102
118 19
119 72
120 32
121 66
122 89
123 36
124 98
125 93
126 109
127 36
128 77
129 48
130 11
131 37
132 77
133 127
134 9
135 16
136 121
137 89
138 39
139 53
140 41
141 12
142 67
143 46
144 69
145 21
146 2
147 5
148 36
149 15
150 116
151 62
152 89
153 149
154 36
155 88
156 55
157 8
158 111
159 108
160 90
161 109
162 16
163 41
164 75
165 139
166 111
167 100
168 55
169 145
170 86
171 29
172 8
173 103
174 171
175 67
176 116
177 133
178 5
179 76
180 144
181 171
182 110
183 95
184 147
185 115
186 171
187 119
188 128
189 92
190 44
191 94
192 148
193 41
194 54
195 157
196 25
197 165
198 138
199 84
200 34
201 24
202 3
203 107
204 26
205 98
206 14
207 72
208 119
209 167
210 131
211 126
212 168
213 103
214 90
215 186
216 117
217 22
218 85
219 157
220 29
221 134
222 169
223 207
224 157
225 43
226 54
227 56
228 102
229 67
230 7
231 50
232 215
233 56
234 134
235 224
236 93
237 95
238 64
239 193
240 183
241 98
242 24
243 89
244 56
245 1
246 71
247 183
248 90
249 164
250 76
251 245
252 49
253 64
254 118
255 57
256 236
257 59
258 188
259 164
260 214
261 16
262 193
263 49
264 94
265 135
266 17
267 11
268 27
269 209
270 235
271 220
272 15
273 48
274 190
275 107
276 60
277 206
278 202
279 169
280 172
281 111
282 1
283 164
284 184
285 7
286 204
287 155
288 102
289 1
290 185
291 102
292 117
293 100
294 47
295 160
296 71
297 199
298 12
299 21
300 68
301 96
302 36
303 65
304 233
305 136
306 142
307 192
308 167
309 223
310 302
311 198
312 30
313 149
314 294
315 231
316 76
317 272
318 308
319 293
320 229
321 228
322 229
323 296
324 203
325 87
326 303
327 248
328 318
329 327
330 18
331 18
332 207
333 212
334 10
335 229
336 135
337 178
338 34
339 315
340 3
341 274
342 42
343 43
344 135
345 8
346 23
347 43
348 340
349 334
350 3
351 278
352 136
353 175
354 258
355 96
356 141
357 53
358 193
359 232
360 184
361 71
362 306
363 107
364 363
365 193
366 7
367 226
368 149
369 6
370 205
371 312
372 22
373 49
374 22
375 70
376 251
377 15
378 75
379 85
380 53
381 156
382 57
383 331
384 49
385 167
386 72
387 71
388 193
389 159
390 124
391 176
392 204
393 303
394 131
395 45
396 131
397 195
398 52
399 194
400 399
401 316
402 351
403 382
404 123
405 319
406 194
407 32
408 299
409 82
410 346
411 64
412 161
413 216
414 154
415 9
416 1
417 341
418 329
419 302
420 403
421 227
422 40
423 315
424 330
425 358
426 320
427 347
428 90
429 371
430 92
431 247
432 179
433 429
434 96
435 249
436 272
437 151
438 50
439 288
440 358
441 25
442 223
443 74
444 69
445 313
446 101
447 5
448 374
449 193
450 408
451 41
452 198
453 306
454 382
455 175
456 297
457 414
458 71
459 56
460 277
461 447
462 443
463 344
464 151
465 79
466 415
467 152
468 266
469 395
470 242
471 391
472 368
473 380
474 135
475 328
476 158
477 127
478 394
479 427
480 91
481 179
482 211
483 104
484 327
485 440
486 134
487 357
488 104
489 430
490 146
491 61
492 446
493 344
494 84
495 122
496 87
497 363
498 287
499 6
500 181
501 498
502 16
503 416
504 153
505 203
506 370
507 481
508 428
509 149
510 398
511 316
512 168
513 372
514 329
515 58
516 261
517 470
518 362
519 425
520 284
521 47
522 45
523 477
524 326
525 227
526 516
527 82
528 517
529 10
530 64
531 134
532 316
533 20
534 223
535 443
536 295
537 278
538 130
539 8
540 364
541 65
542 243
543 10
544 538
545 426
546 262
547 325
548 226
549 34
550 341
551 468
552 318
553 519
554 70
555 280
556 144
557 294
558 238
559 203
560 475
561 178
562 363
563 525
564 506
565 385
566 495
567 161
568 263
569 541
570 290
571 262
572 558
573 270
574 126
575 480
576 100
577 446
578 138
579 152
580 514
581 478
582 237
583 157
584 438
585 415
586 240
587 227
588 47
589 179
590 160
591 1
592 299
593 12
594 342
595 32
596 557
597 269
598 519
599 452
600 81
601 161
602 454
603 360
604 521
605 312
606 284
607 244
608 430
609 601
610 138
611 500
612 571
613 436
614 173
615 209
616 163
617 223
618 432
619 146
620 596
621 232
622 508
623 464
624 456
625 385
626 89
627 189
628 246
629 100
630 596
631 121
632 181
633 32
634 324
635 455
636 131
637 332
638 421
639 79
640 493
641 546
642 374
643 260
644 597
645 94
646 140
647 447
648 551
649 440
650 271
651 129
652 238
653 455
654 177
655 57
656 177
657 408
658 64
659 189
660 99
661 447
662 633
663 392
664 571
665 371
666 95
667 198
668 133
669 600
670 513
671 192
672 601
673 416
674 522
675 405
676 22
677 439
678 505
679 251
680 52
681 528
682 229
683 543
684 217
685 287
686 602
687 468
688 438
689 296
690 461
691 440
692 624
693 612
694 16
695 206
696 230
697 507
698 380
699 90
700 417
701 125
702 476
703 535
704 432
705 605
706 651
707 76
708 235
709 7
710 306
711 224
712 214
713 368
714 362
715 19
716 44
717 128
718 497
719 618
720 135
721 315
722 166
723 702
724 644
725 96
726 582
727 676
728 617
729 294
730 666
731 261
732 82
733 223
734 228
735 277
736 77
737 480
738 662
739 734
740 610
741 253
742 52
743 432
744 449
745 433
746 459
747 184
748 725
749 158
750 137
751 254
752 184
753 248
754 363
755 180
756 169
757 675
758 525
759 588
760 534
761 710
762 720
763 274
764 543
765 39
766 52
767 326
768 308
769 49
770 96
771 551
772 102
773 715
774 31
775 305
776 44
777 554
778 383
779 513
780 1
781 536
782 16
783 31
784 15
785 119
786 604
787 511
788 211
789 274
790 458
791 479
792 294
793 401
794 622
795 700
796 787
797 583
798 619
799 351
800 162
801 279
802 621
803 16
804 264
805 104
806 82
807 396
808 233
809 690
810 320
811 162
812 205
813 408
814 3
815 214
816 443
817 176
818 78
819 134
820 253
821 727
822 231
823 781
824 177
825 385
826 749
827 100
828 125
829 321
830 204
831 434
832 506
833 220
834 456
835 22
836 299
837 776
838 428
839 248
840 786
841 59
842 594
843 41
844 788
845 253
846 375
847 502
848 755
849 91
850 41
851 618
852 613
853 808
854 504
855 329
856 381
857 197
858 228
859 151
860 471
861 631
862 598
863 582
864 759
865 551
866 672
867 780
868 54
869 847
870 552
871 322
872 377
873 724
874 743
875 580
876 116
877 296
878 705
879 546
880 149
881 544
882 652
883 19
884 647
885 692
886 796
887 177
888 749
889 749
890 691
891 322
892 518
893 419
894 246
895 610
896 112
897 801
898 511
899 877
900 603
901 298
902 841
903 755
904 344
905 701
906 817
907 748
908 469
909 659
910 146
911 624
912 909
913 695
914 866
915 312
916 413
917 762
918 182
919 474
920 756
921 1
922 182
923 92
924 817
925 580
926 208
927 725
928 551
929 368
930 701
931 94
932 618
933 95
934 97
935 521
936 873
937 294
938 224
939 816
940 732
941 391
942 319
943 231
944 303
945 56
946 825
947 304
948 791
949 264
950 174
951 949
952 478
953 201
954 935
955 543
956 280
957 562
958 331
959 834
960 174
961 317
962 573
963 534
964 171
965 503
966 547
967 404
968 592
969 495
970 367
971 21
972 569
973 844
974 670
975 814
976 588
977 91
978 212
979 916
980 783
981 321
982 441
983 859
984 908
985 717
986 183
987 756
988 49
989 624
990 334
991 905
992 870
993 624
994 706
995 708
996 474
997 534
998 83
999 424
1000 661
