1000 999 334
953 685
429 216
983 429
429 341
422 429
192 413
722 910
904 790
507 985
483 429
144 957
993 429
254 121
947 678
429 396
257 915
859 288
189 899
429 68
729 382
760 798
717 429
593 114
523 429
501 553
335 429
216 294
429 616
875 429
429 611
763 33
827 828
655 686
564 761
429 732
597 62
406 795
898 666
4 920
306 637
656 290
860 502
560 815
202 658
268 432
142 429
379 736
520 537
801 220
551 178
822 396
604 203
52 981
278 683
429 911
897 763
198 940
320 631
49 429
656 429
429 320
233 528
284 78
135 809
870 424
604 429
247 159
115 879
109 429
499 429
972 867
30 429
868 39
697 13
691 921
429 594
643 51
365 314
129 983
237 693
429 47
578 687
429 46
779 890
142 767
983 245
519 570
360 823
560 429
871 11
316 887
625 252
313 309
391 155
429 801
493 286
217 429
299 889
565 219
717 317
244 912
8 320
24 207
548 995
159 603
429 488
429 743
894 336
72 498
990 160
348 857
429 135
844 200
518 225
972 737
496 762
148 659
467 438
231 429
353 606
482 103
995 462
445 531
429 470
429 874
928 429
813 732
429 688
429 440
468 80
395 429
668 429
871 429
942 153
429 537
357 446
513 579
429 478
96 429
141 497
429 430
635 531
933 172
46 227
174 982
429 762
930 429
335 266
182 584
798 866
499 751
618 966
307 707
587 594
429 834
26 91
112 789
1 233
864 59
175 93
712 598
896 429
853 512
518 429
331 30
625 429
538 928
681 616
747 707
326 978
526 429
429 114
807 75
280 537
990 458
472 231
452 429
429 460
582 806
200 429
355 463
9 776
452 745
429 380
164 778
641 429
705 608
341 924
429 103
951 302
499 106
850 113
159 429
70 479
673 968
429 182
936 421
429 59
999 429
542 68
143 240
429 249
334 440
895 588
429 207
397 178
429 912
793 973
776 429
941 875
146 788
782 373
870 429
98 429
541 243
333 884
429 575
439 30
50 441
601 925
630 217
950 429
479 429
830 930
961 943
429 277
420 692
372 452
429 431
799 429
429 780
483 959
932 434
605 429
641 354
117 474
429 962
374 446
743 35
61 311
621 971
707 429
57 126
429 519
381 685
344 721
263 429
629 810
505 335
435 429
426 818
81 987
429 288
429 295
918 197
491 254
373 716
955 429
296 492
544 657
180 429
346 429
338 833
140 461
97 402
764 756
682 950
116 429
913 429
410 604
326 429
429 855
651 351
967 40
564 389
371 429
884 312
279 84
900 378
590 429
465 971
162 756
937 429
774 81
318 480
989 828
22 803
396 636
435 980
487 67
575 273
305 176
260 139
517 459
343 429
527 235
885 249
879 515
748 665
344 230
1000 429
877 933
436 913
356 457
615 429
838 48
823 429
455 3
3 958
610 511
901 234
429 188
712 187
429 62
429 982
79 863
653 368
535 47
429 939
429 836
173 512
429 164
922 400
934 429
429 474
49 711
927 519
429 315
405 429
657 429
336 429
645 887
387 474
377 829
527 429
994 264
441 429
962 89
429 282
429 660
221 833
429 379
670 18
984 909
263 746
429 128
956 53
28 998
478 679
127 668
429 951
429 223
902 459
823 428
804 429
772 801
755 359
845 460
429 456
288 339
346 794
168 824
993 529
246 839
485 100
459 429
341 134
676 182
153 429
429 806
61 429
385 98
609 376
264 429
429 729
467 347
805 702
795 429
253 430
429 434
433 295
429 886
429 189
429 92
429 922
709 429
819 485
818 63
835 194
991 429
623 429
429 67
414 560
86 937
619 680
804 66
249 133
798 429
726 488
212 662
441 7
147 157
205 179
2 492
429 168
752 724
914 906
250 970
493 638
554 417
293 405
504 780
945 677
429 38
429 446
509 967
204 871
489 776
464 217
37 380
905 248
328 616
327 911
855 500
922 735
733 534
212 267
41 534
766 874
254 429
148 429
904 429
193 12
417 429
292 342
955 303
946 362
869 502
931 394
579 429
697 429
895 429
478 21
429 178
461 262
677 429
692 880
240 416
231 854
108 460
199 53
952 812
909 429
278 429
456 16
224 429
779 540
477 960
429 444
29 802
878 264
643 269
388 834
429 754
926 38
883 826
47 690
429 120
283 613
171 193
572 732
191 523
886 938
315 390
493 429
477 429
429 687
442 427
131 970
699 668
954 810
784 238
596 301
585 481
188 297
900 429
183 429
282 949
740 882
407 257
973 177
694 469
431 42
314 429
849 270
429 757
522 429
888 795
20 524
429 193
600 84
298 468
323 418
731 61
10 539
98 409
156 723
49 251
920 5
429 933
109 17
427 429
939 873
429 299
449 242
78 370
672 886
71 724
838 429
429 453
111 399
729 184
796 802
714 750
727 164
992 855
192 27
921 429
993 862
429 461
580 851
559 456
717 675
363 119
429 940
277 476
239 14
865 919
440 741
758 57
849 110
900 150
429 480
842 128
256 109
443 477
346 163
429 521
429 353
799 841
156 429
608 568
454 486
612 147
429 323
404 228
31 934
644 599
480 591
345 448
306 975
594 358
429 973
224 633
209 155
65 146
837 377
569 896
215 642
120 663
914 73
611 562
756 429
586 353
144 398
910 429
757 261
471 664
750 759
818 429
849 429
779 429
780 34
429 402
137 425
536 523
377 429
258 83
429 970
274 928
291 1000
429 449
226 479
800 429
701 114
444 614
743 145
765 429
429 363
135 840
342 123
447 92
415 883
319 806
944 506
698 754
216 366
429 212
652 950
502 429
955 646
754 304
429 268
210 626
919 429
590 620
430 44
329 88
742 417
429 179
95 58
977 836
402 154
817 999
271 142
905 429
963 576
272 384
639 1000
429 643
429 770
943 419
665 969
605 124
581 62
724 429
965 200
429 175
336 411
552 911
170 175
800 814
901 429
113 589
373 429
565 429
265 429
350 92
429 803
197 429
429 194
183 321
118 547
429 492
46 369
122 781
507 429
101 820
531 429
963 429
305 451
368 935
429 712
595 453
355 429
384 285
429 879
202 429
136 925
401 563
64 450
596 60
326 76
429 673
241 573
831 395
362 55
429 972
69 522
429 925
966 429
429 84
484 329
32 168
309 429
784 696
429 3
376 429
847 623
689 874
214 518
622 351
615 744
161 179
917 991
429 789
222 239
856 896
677 300
661 642
130 58
403 380
908 507
429 810
277 308
619 429
872 450
808 610
434 695
429 146
283 545
986 913
223 185
276 590
615 816
470 997
573 669
750 429
77 399
686 429
506 281
104 431
556 68
67 85
368 429
599 429
429 943
803 105
912 627
208 156
916 619
454 367
305 429
399 429
719 623
120 23
344 429
429 883
812 429
833 429
501 429
167 966
429 26
749 910
102 18
94 79
265 324
791 715
233 429
963 903
195 268
861 660
348 429
429 384
684 395
429 468
429 887
895 713
686 138
386 343
429 981
332 770
453 567
190 660
526 349
466 137
371 624
263 74
450 429
186 688
429 558
224 412
39 577
828 429
666 907
710 180
103 821
457 337
521 229
57 429
408 999
534 429
642 429
580 429
429 240
429 564
437 444
429 239
96 725
429 237
96 738
363 322
53 429
539 429
768 483
765 19
429 329
929 688
155 429
611 196
558 708
678 797
667 901
59 634
188 149
923 771
931 429
734 348
967 429
429 990
139 429
210 429
202 787
118 429
585 429
429 79
964 299
375 563
773 211
773 429
838 549
666 429
530 656
541 43
330 488
392 561
18 429
728 543
605 181
770 706
763 429
974 951
905 532
429 258
674 799
429 524
429 457
834 571
429 471
278 832
265 310
429 755
429 113
805 429
132 921
694 893
429 58
792 309
448 429
527 769
998 628
364 427
948 122
473 804
700 982
306 429
429 236
429 665
914 429
884 429
671 194
785 422
429 936
429 137
36 673
791 429
125 128
649 579
289 657
470 533
449 720
201 315
429 608
875 54
692 429
585 988
495 931
641 852
376 516
429 283
753 180
503 981
805 891
647 904
287 471
429 839
72 429
362 429
807 151
802 429
72 848
429 512
703 139
783 355
525 765
811 501
998 429
650 934
236 777
454 429
510 991
152 687
429 541
429 807
962 876
429 101
771 429
435 592
575 82
429 351
976 539
282 730
352 236
580 881
192 429
429 144
979 258
343 218
937 640
429 228
694 429
882 607
485 429
183 566
791 475
812 557
909 648
920 429
494 379
685 429
617 323
141 423
56 939
6 197
166 189
210 325
429 563
340 757
565 393
429 573
429 257
709 169
596 429
632 422
26 232
762 275
295 490
429 784
429 81
165 755
555 526
90 405
429 342
514 870
728 429
574 101
118 583
599 158
467 429
506 429
718 773
940 739
771 843
786 448
508 697
429 147
825 558
839 255
550 789
709 259
429 995
996 936
45 930
625 107
39 429
237 704
522 892
207 361
153 775
919 87
728 99
429 971
78 429
429 122
654 524
15 148
882 429
429 141
602 38
678 429
383 371
561 846
800 25
213 228
223 858
314 206
429 561
521 546
610 429
