300
257176798
15487483
7097573
804184165
442351899
793381137
565013517
34745987
952765060
239638785
106995429
552247337
267372605
605798597
331658385
835186584
48796093
365724541
516788524
282997864
755078312
241000439
386187597
423557160
251478
728191118
715045517
554188980
426155377
728463635
584595189
275357198
136868638
821026511
430299291
4275763
155514924
988298067
805019155
579219208
635160163
169082838
515650576
992224958
604956494
113416132
730190262
55873444
68456169
526284256
875028017
161566998
16307979
796878190
538052657
709534145
318523929
870584436
725593942
101130672
195562974
291914297
21958485
427938832
522895612
639263895
83619227
57201999
949975708
653731352
950173852
466914732
535611958
172331723
273085798
498198132
851690685
468498318
453050956
172822699
996614159
676614400
343776314
999493208
627982910
446077585
127215975
371753031
675481179
136637484
549022994
114237941
946135366
333188201
112324367
468356850
190568113
69702446
115599923
790235991
248056423
964193536
122525332
244877957
163632712
592222777
777408303
427274551
675142457
271807949
519509094
645013594
973357949
345217505
690604175
227100319
34222999
688107093
200719017
20645107
286908864
946135692
935343960
175591950
158022339
293130712
749319942
834737291
14004091
907495652
18825571
230218077
11591737
187918259
648180760
772334520
346715685
252311947
525752893
61770094
592836340
363620748
676059006
781807850
606128551
393727525
850570502
878705231
695863920
778670671
330993264
42438521
275243697
286296455
724824193
628052062
976900516
987810957
205819245
963788428
800821417
208039569
44652370
176623271
731632337
655115982
475170389
959399951
790399076
781393678
383042334
236083324
841559492
871676893
738432774
457643899
866548662
118549406
979325941
494821375
600571143
928615200
907018063
359513636
276354207
344267130
265815644
534516005
685618451
589105298
360691676
138251357
880846238
28447905
98819783
350135404
126999400
763083732
81226842
2223262
13238118
203808959
3431506
829497402
567928907
626839434
532739585
84188532
686383880
832953557
46373167
686737332
7012460
448442344
991213640
239361781
484089935
553170806
574011371
704444281
146880180
555379485
217165927
794739195
866793174
367734051
509248921
844421265
45941531
255919640
307966190
940246874
275015456
547296795
25966468
885296506
659109920
471486915
592489368
629659359
614455224
326062242
127304177
441379106
47696223
658110123
896512541
819273663
297213208
138859668
835209231
113641284
471917654
988379330
874299313
330849748
360023019
174477526
201797164
56415080
300503370
774771888
225625959
629412028
611741153
686491369
401945535
951649152
692252399
482062284
124576431
756444104
89163300
313944751
751741920
125081321
442183740
785382856
46257068
488431434
1469745
193363006
103454535
401158213
987602064
267882657
537249285
905864619
667599009
147664696
837395427
393424493
250328324
626282845
605110142
89454176
376696856
799839497
313397921
541402755
