2000
879
84
783
799
1232
1362
908
1108
1786
1351
1834
1132
1248
273
1871
653
992
776
1641
887
864
1261
187
35
498
1315
1197
1275
1013
1098
304
543
1656
1504
803
974
770
1194
1761
316
1816
1103
227
26
884
1880
966
438
773
471
366
1716
61
1215
1432
951
1082
159
769
52
964
1001
880
48
1439
736
34
1085
1100
924
222
526
910
875
826
1494
298
1897
1447
1364
575
620
1112
1759
1699
747
1311
404
1833
71
1753
629
816
581
1093
455
1416
863
599
92
402
1904
1457
1719
988
367
1227
574
1943
1707
1840
1265
872
1548
1126
1610
1580
373
1701
1856
133
808
241
269
1535
755
329
430
1555
411
25
1724
1796
792
1531
1505
420
1297
1066
406
1222
857
1758
753
883
1490
1985
150
1327
1811
1424
487
1908
436
101
1690
1044
1857
638
67
1863
1262
1492
622
1367
1980
50
1359
550
1622
1116
934
1717
1024
1028
126
955
742
1036
732
1585
1849
109
413
914
322
1870
1703
758
363
270
106
1823
163
1146
1088
1521
1172
834
292
178
287
220
1631
1564
86
1601
854
853
1959
497
565
566
1142
449
900
898
1065
1846
1944
285
1413
1175
798
519
272
800
843
512
895
484
637
981
247
916
1557
930
5
1347
796
1268
1536
564
994
1986
1040
1599
1455
1966
1949
1895
174
600
1212
1575
7
1251
452
171
1287
1321
1488
591
1613
253
1931
1012
681
779
1501
1552
1923
426
141
1768
1393
459
146
701
1988
1896
712
781
1847
1128
1431
169
502
1506
1551
1771
1039
1894
1538
977
647
1010
1163
1561
308
206
904
495
1164
1825
821
390
523
434
1139
827
69
745
1182
1274
1151
1934
703
521
1131
1677
1214
1634
1711
183
625
1392
589
1478
278
1067
708
1864
1818
675
751
249
839
1731
398
1150
93
1672
890
1303
24
1056
1166
1291
1019
754
1830
1191
317
1254
1909
394
1738
1562
307
695
1929
1808
333
1860
1252
1401
1035
42
202
155
729
1714
466
635
28
710
244
530
1979
1790
113
201
1285
1682
525
99
906
851
119
963
1877
268
336
1654
547
1414
1314
31
1666
1642
1665
811
842
1374
942
384
1594
1947
1307
631
189
1209
944
1600
937
856
954
1817
1951
1109
1400
1405
1117
577
310
456
1686
888
1903
1433
1363
429
1572
939
445
1220
1809
369
1092
1068
1243
37
1048
1118
1422
302
460
1841
1381
1962
1887
1872
422
1284
318
1543
1387
1647
503
1350
453
1727
491
1669
1893
1354
232
1045
1916
1595
1810
1404
1402
810
299
1032
866
1438
343
90
62
1593
1541
184
1378
1835
1025
1559
1821
935
820
1113
475
1576
1396
166
1342
673
321
1888
1193
1326
643
734
1534
1883
1390
721
920
1373
1136
990
1625
1003
636
1624
380
382
624
733
1420
802
862
1820
594
130
804
359
515
1978
522
1858
1874
536
682
315
228
226
355
489
684
986
1421
1487
544
848
1842
1713
716
1442
1571
1230
15
719
481
144
1077
961
1154
472
1520
1921
837
271
1915
1688
794
234
1071
1078
1549
140
1475
1789
246
1991
1550
1957
1992
774
558
43
858
204
1338
1305
235
748
1127
546
1105
1022
514
1725
746
1129
260
738
1956
717
1998
59
1317
1080
1337
828
1952
1762
1516
1033
855
1219
899
1734
142
697
652
284
987
79
1349
524
1913
387
548
918
645
364
1993
1649
1397
1332
1973
556
534
257
979
644
1663
319
1927
1914
1140
416
597
47
1618
122
1158
1061
823
965
1472
18
1635
1805
1058
1495
1330
501
996
627
877
1839
1162
1735
1882
1271
1990
263
902
1239
214
553
339
1171
576
291
1697
1584
1861
1233
1149
1288
806
1935
1720
95
1565
218
400
1419
1050
1795
283
562
1530
651
385
1099
671
807
818
191
598
1996
442
396
1051
21
1064
57
1623
527
1434
225
348
1627
85
1353
593
1316
1264
885
1379
75
1234
1680
88
560
1822
1673
1755
3
1606
375
1334
454
372
1466
760
1721
441
696
1272
136
1204
1114
642
1657
1612
1961
82
580
1911
1237
1178
838
1620
650
1509
1638
1242
1448
1446
256
1073
279
1938
630
529
259
1933
1752
39
237
1428
833
1496
1763
1257
1920
365
165
585
1371
1101
1813
1331
1544
383
1773
139
789
473
30
262
1389
541
49
1948
29
1886
507
1746
1123
762
891
538
683
1689
730
1294
161
970
1281
766
51
568
1357
1987
340
1454
1799
628
1141
1514
1588
680
1409
1730
409
1210
778
116
610
1339
1476
1787
1226
1016
1587
108
1674
881
1055
1188
829
1507
1529
1643
12
356
1981
714
831
486
1399
1591
1211
1658
1999
1797
516
551
815
724
1815
132
1329
70
915
54
1249
1748
554
217
665
137
223
112
765
1203
431
1776
1124
590
927
782
327
886
1532
1910
1104
1574
1671
1328
1798
1260
1286
1765
1323
395
655
151
1440
1292
936
836
1611
1192
296
181
1646
1568
121
960
1247
152
1356
358
694
350
975
670
699
1560
1715
213
294
669
480
1826
672
1728
690
693
353
532
73
1958
1525
129
1153
1794
1977
1255
504
1681
1391
474
1426
962
1491
337
219
1693
16
660
1018
1462
1702
985
1592
1147
1729
1581
1678
1668
1640
971
1708
496
1341
313
1360
1963
421
281
1533
1086
614
428
1458
46
331
190
1030
1698
211
1346
361
1691
1157
1806
1760
1704
533
1583
410
692
518
1955
175
1161
103
224
1459
1889
1603
301
40
408
1121
493
579
582
1202
1527
1537
559
1605
1545
841
775
709
989
1245
1744
658
490
124
1676
1450
1901
790
1648
1201
1723
1072
1298
1179
55
1429
861
1902
1231
688
168
1181
1661
1556
1240
756
1430
1481
105
911
531
1026
1837
1766
1031
368
1053
1282
840
362
371
1081
488
479
1207
1427
1617
1508
618
913
469
1968
1283
457
205
1780
96
648
1851
1236
1443
437
379
186
1325
1037
1377
909
1394
928
728
1046
1229
1173
1737
341
1293
1946
330
569
325
1807
659
1461
897
1750
440
412
104
4
668
619
1876
239
1097
1989
1087
1499
1855
1542
1967
17
1319
254
64
570
1187
1655
905
208
1452
1258
767
97
1485
1650
860
200
1969
1982
1791
182
1907
1144
1306
608
216
360
903
448
346
743
370
626
1971
114
38
1511
44
720
1259
386
1200
476
1675
508
917
1629
1208
691
849
1518
947
1205
1778
1217
1170
1906
499
1289
1183
397
1831
616
1489
347
148
1049
127
1633
1348
179
1196
1586
607
686
107
1250
1824
1540
345
1685
586
1386
1318
763
323
1005
401
1008
1069
280
1983
639
632
357
1335
27
676
1408
419
393
236
293
1502
1467
1589
604
978
506
1510
276
1228
1021
835
1441
300
1513
8
1853
583
125
492
203
334
1659
1199
265
814
557
1747
1891
311
867
1604
973
1143
1195
685
196
1423
1290
1844
1868
1639
1279
1322
958
1995
462
1652
611
952
1524
1804
1554
1930
231
972
147
1739
427
458
605
1740
1662
1515
1885
1942
1630
451
1235
1779
1365
22
945
509
433
540
1057
1102
603
656
633
1636
1221
177
123
1225
967
1937
552
825
1976
376
468
1941
555
1090
1011
1014
868
1009
588
87
1167
1619
1474
1928
578
245
1091
6
1075
1546
221
156
1939
1302
100
1403
1970
207
1216
1522
1770
131
1165
1637
1425
780
1263
332
1169
485
1767
1185
741
634
1038
725
425
545
667
1782
1130
53
1512
1684
289
744
1407
1253
606
1726
1361
63
1273
1945
892
81
1079
602
1940
338
1769
1653
83
483
959
403
32
195
1742
388
889
135
1614
817
19
1445
612
1145
1751
1829
722
1528
60
563
482
149
1269
1812
822
1607
309
750
1436
1884
1060
1567
993
1497
446
689
188
976
328
1159
1772
1645
1519
641
1881
1333
1563
1246
740
1463
1615
138
662
58
1632
463
561
1598
1095
1878
1137
1733
1218
1788
1456
1096
435
1483
1553
707
674
983
511
704
1965
1312
267
1324
1710
873
1608
194
1406
1800
1119
933
595
926
1843
1435
77
120
571
143
537
1299
1479
1177
528
929
1186
1792
1785
1890
11
1827
777
1320
812
1832
1370
1936
925
264
1705
1905
786
1836
1670
572
705
617
1578
89
1198
1801
450
731
389
1340
312
847
14
145
727
700
1526
1277
1094
687
157
391
948
785
1083
1343
520
1310
950
805
1498
1879
587
102
1107
739
212
749
1115
160
1484
1471
938
1709
1000
176
354
1368
1451
467
1577
809
1597
1029
850
1309
374
1975
415
657
793
715
66
115
706
830
1503
1764
1621
418
94
613
1486
1152
1206
505
209
1267
1148
1644
1626
991
1415
1300
1866
1582
1376
424
1838
1616
649
678
164
500
615
1777
1660
968
1749
1437
1054
320
494
1122
1304
621
443
1493
1062
1862
344
1059
932
791
314
423
1919
1366
953
1994
640
982
91
1517
306
258
242
801
549
788
1596
303
513
134
539
1047
1470
1569
1828
1176
1664
277
1224
980
13
1925
1223
1398
1372
74
1385
646
326
940
2
957
1745
78
1007
1384
1110
844
154
1602
1125
949
198
275
771
288
215
1972
1845
1168
1020
1932
1679
1336
1375
266
1757
865
654
478
286
295
117
1383
510
1120
726
1743
735
477
1002
252
1027
1006
33
1469
1015
1784
1
759
352
1313
248
349
757
1667
698
1950
679
392
1388
1539
1756
943
167
1453
1155
956
1803
1308
1464
946
240
1355
192
1133
1411
1523
1480
290
1301
1775
664
573
1687
1276
601
1736
1628
193
787
335
768
584
1174
1573
381
819
1754
230
723
23
1892
1076
1732
1134
517
1184
1700
1579
1213
1547
1867
1295
1369
1695
243
1974
1651
1189
45
661
342
111
1270
666
852
941
238
432
859
447
922
1852
76
1266
764
893
1819
1854
1041
1875
969
931
542
378
772
870
414
405
324
997
305
901
210
737
1460
1954
1089
1241
444
596
1418
72
567
1482
907
1741
1380
1004
1042
250
229
1802
1477
912
1793
1135
1912
1280
1023
1960
1160
255
797
65
1558
170
1783
882
173
1344
1070
1918
1156
233
592
1953
795
921
1345
663
1859
68
984
1034
1696
20
1238
465
1873
876
377
677
1692
2000
1473
995
1984
464
1138
1190
1774
1706
1917
711
1256
535
1814
1106
158
846
824
9
1444
351
871
1465
297
1922
1063
1722
470
869
1468
1694
1395
878
80
1052
56
713
998
1924
1352
702
1296
1382
1410
1712
1926
10
1865
172
894
41
110
1718
1590
162
1278
623
1244
185
1449
1781
813
1683
1898
718
1417
923
399
274
461
180
128
118
407
1017
36
1180
439
919
1964
874
845
1084
1358
251
999
197
1848
1566
784
1850
1997
1500
1869
1074
896
1412
282
609
1043
752
199
1570
1899
261
98
832
417
1609
1900
1111
153
761
