300
814086680
768500894
381500475
770284987
503700957
172636116
703855838
523757202
698115791
325694322
492949452
60704933
74546871
185924206
694180458
385801346
301499576
68885726
888619868
654887225
802447112
199871575
961332356
126579856
942368206
36648819
4345523
577769329
774455142
239523411
839097903
650280684
253474028
945877626
653303500
103752366
569407947
439604895
37913421
91372222
554498905
828897059
732667599
931314051
26018944
27125606
501795021
198496233
866937404
561103625
978735530
821862948
58195688
865575891
615936849
583893856
642363543
377630612
882136640
787155915
427474707
664553017
107788215
383572018
31082230
890232208
736348404
844727038
456488885
73277302
606504859
465555742
842043635
952985078
104580592
41152636
58072313
193889664
18650263
62388823
491531574
471135435
428854892
296199763
440639300
657618130
200423404
241083097
463397787
729846928
556752870
735844433
740221399
894732311
648405209
663812190
29084060
220462240
901529349
279545054
124239868
365196121
30874819
295197921
877155884
549293181
55856278
259476716
53601805
725819269
837937400
823377476
409498793
647611360
132081634
669613452
86544029
79684872
77892785
315788922
463485829
360321313
402771526
915195731
402866314
959995380
476591770
218354261
466472913
886561588
631274200
433046949
118457263
866132414
514
264612043
225801165
445032029
44604279
840063368
120072343
620592305
82746494
852721766
352423212
44139092
460305802
941491093
815283802
335683221
842629542
805705248
908259485
965907068
902984548
691372091
171218051
98656287
767013162
340878055
137801439
265786477
777761792
857239883
20830129
156191288
119690863
884289164
429677662
585668320
376704902
715731357
510592070
836422694
539432816
240446162
348429099
840243409
283727834
200245047
860481893
130818349
2257301
122027238
873494476
494980708
42474787
794859080
694635269
531530277
81868729
382587764
209279019
77228244
855781634
29815525
446099680
962393384
619846029
937749281
128332972
561165442
123399151
527898957
916314760
795369302
117441823
792434456
543687222
956146673
74532083
292265524
273883607
591816266
39119394
150847233
169260709
172348978
8043188
333385808
841016735
99545785
591101774
150157189
556631547
691070244
779729289
435925029
107683131
626029931
92348132
80119855
489280846
1184127
749491978
263969999
450162282
355196785
610258491
707565921
78310716
908574853
986773593
203308108
632233886
572200534
795536094
655842464
838414438
849854181
46450452
794331514
315687830
221284005
987079324
498652011
652248381
43315227
470603167
722748375
764414980
651416839
222613655
159464549
89635630
45859166
890540626
118303917
422676865
69710807
434557488
961175695
927451099
389115626
71515049
579558711
5391901
54979808
554533217
66410954
713231874
733080114
308501114
484457728
971571786
30796472
275342553
735102942
283137101
579505478
144056800
980562272
342615276
655751388
936786678
956843225
83875082
693479299
873950555
736918781
