300
909466577
52706688
999354741
37679961
287641757
477392724
663836748
509814694
412836057
551706051
423003741
652588856
866396967
220574865
680109778
771024615
552255643
862047411
331293075
285806749
431240377
46299858
215903922
777255226
929274933
828400462
380395803
812538210
290323456
13779644
112371143
855168422
241293999
485322608
773375205
159403114
681194565
121659161
254286386
171401534
450737437
967380310
27792821
98323002
244862531
86444104
745952052
723712454
726323024
903852341
175970696
154265606
124949002
301020758
54978682
210493046
704079833
914409460
54667897
854908925
773650702
736525262
911442494
38482331
750449837
936593440
16336404
291394941
791590420
551898373
223761282
199662999
175716508
481158559
383912852
695460238
3448199
996924285
771934293
649573755
131740284
836798637
231247992
17885626
784355206
814250660
357632723
939051316
698612146
124551753
209310070
490689315
372406685
151613700
905927266
928894743
985028731
415068144
748598950
582153598
381951754
361628324
595010904
116570172
108302109
996807287
713816705
889306947
451544820
721913667
843306497
861953262
505011685
566893384
588563457
991516215
561818874
897280150
958044866
275893286
946936988
796891477
214945025
73540398
541898500
981177530
563080646
142293214
8600270
729995411
749502117
156989864
87725616
593609873
374638449
697209766
959372061
101272258
116926070
406893973
367988570
401361831
339812239
221055694
835706987
807530458
921978735
70798713
243896960
707368667
226117102
326168845
960977565
948621408
974025509
863633588
695144207
319687920
725581283
170147449
192557896
173764476
334221782
634637725
319980512
277123012
382253803
619648828
990395765
54684823
309427959
205825225
139612258
702914238
940692826
463843663
952518762
30494161
768523924
982387862
448554816
287544519
188824278
121415222
246078990
615914140
900470435
658009059
827543430
831022550
709547281
160457591
517588060
660298063
49250832
428016271
503339015
256699359
400313843
885793360
210635269
548645488
668493862
203095568
62031251
139611315
603713841
53883624
196047654
805050401
831782305
618862172
7739197
219270687
742355461
17375992
917941179
741892055
652287878
838315236
97072304
753239383
688248952
292782502
872109621
766705227
607346834
467986257
179329898
996606591
432250495
829082141
600122706
890909015
306790620
251755360
832694872
564489944
29605845
425436688
667776810
354658098
278069752
171459826
893701652
761751530
689631817
632316210
517709326
960899621
231510710
88671027
773230300
986050988
626360587
24543318
845787803
142384572
631044182
522790273
419820530
493405574
604530694
132843207
111120689
461198359
8976826
970345046
928058628
332694447
531116391
955415550
50846133
747353039
1293315
206147184
608214216
106735675
923521516
945759689
966041907
872781968
843862166
16603651
683235046
856415974
696102778
709072020
453500378
298048614
589361004
790061982
113112046
199566445
326425647
472851285
62364783
231071589
312236868
565427216
