100
52973
37925
107576
58756
6361
56879
103084
95781
38356
109772
38292
7010
107564
60016
14793
81002
67677
14468
33641
89699
364
58408
97065
29467
70618
43757
41081
25425
58555
59644
37147
109975
13281
61418
20361
83204
69891
106086
30070
47652
50756
5553
10403
23479
56947
14427
25201
9674
55616
90883
27938
15171
99459
100186
765
42369
106169
55762
86397
54432
33566
905
59293
65896
85534
73379
69946
80887
107573
6931
92951
87377
66055
30973
97625
103023
69785
109902
92137
90627
60979
20475
68155
80533
32838
81478
61796
84092
48068
28587
18085
36120
27315
67869
40242
21553
37644
46942
24967
40572
