200
4610389
4059755
3580244
3213502
3262272
3776517
1377565
650278
4186913
1410006
1320612
4667213
2872783
4083093
23124
2159202
2668325
3334005
231438
3352603
1068805
4163364
2371392
14274
1056576
4749907
2511760
1506627
751897
4278860
3587764
2026359
83578
4150485
1877748
1507157
475949
1023606
2575455
3016195
4623360
3113431
3884324
2645884
221025
1361448
1020203
4630848
3408877
4206050
1071793
1799589
2749305
4909134
1651559
1894843
4736415
3544568
4491729
2318507
228392
4987001
2488993
2051119
2953399
1951719
329869
1331976
640580
2082120
2831364
4274597
2525380
2507917
2431467
1343841
564233
1816431
4677415
4593156
3294572
2430312
816180
2840797
3585301
1464217
3690904
4201994
4201056
2063729
1212482
4495906
3326030
4201038
3479898
441287
4908658
491378
4070683
789555
1206507
1110758
1376530
3269581
3824642
4643867
2104853
4141934
540661
4008491
4712617
4874733
2711607
2688115
301186
1856648
3601228
2859436
180059
2819184
4971111
3551743
2649375
4730605
4404672
498873
4314606
610481
352672
4426980
3088718
3045482
2628681
4423792
2991776
2083001
3295047
2491833
518469
3334859
2010227
1758179
1818667
219469
4406255
1603704
3763464
1150923
3392512
2720894
4043649
1965958
1668832
1382920
2111513
4897093
3046233
3762221
4320224
848039
1058610
1807453
1788523
4321729
2741977
4975153
2501518
1641424
281403
3538705
271937
379351
591036
1817826
2331129
2433965
2803427
844166
4394776
3783405
244165
3476874
3297259
3993625
3555822
358830
4193778
2992225
2920227
2827605
4388452
2105038
3664839
4386626
4321380
2990420
4638576
2188689
549898
4506821
