2000
71484871
23657510
97251969
187531011
149664615
116476929
10925929
2943984
59160603
139276396
93752158
82783031
113446871
107363115
138973739
89787317
62552940
1034452
33341955
94681808
114227988
101343832
53705318
119840546
98513312
121249944
72099115
73043590
178645158
68636689
176532238
9943280
103029069
41950361
130825713
54580249
56171708
55709566
188490214
62940585
156296209
113973750
16232539
51328646
114518080
141206399
53290607
81977255
111615920
161058825
84387345
105820966
58245620
163899316
27353380
151851798
16397604
39669725
100602802
106036319
106647028
24599149
148614354
40874659
171117893
148793058
184105972
119489665
26157007
47892008
29447340
151043366
40918942
59652210
135211679
101815535
8119310
125507352
45362277
21756531
94737080
28110204
94984184
134020006
31313622
4229325
6247033
171316009
8980948
72749396
23619115
152311007
8520729
42612739
126415204
54461726
183610086
61803136
176078047
184312896
28041820
26800180
149407594
194304966
188939863
38809617
177799150
25511134
49867799
60813925
77002574
20786614
64434370
77302224
184695535
117000468
120055879
17932893
196228342
190717980
131837906
58938703
130987032
4334311
21930902
158508322
193214442
109577932
193559524
167207345
163621788
43026296
14216773
85513099
150063158
80838978
11693839
187168175
37333381
21293496
93240254
93858609
31532812
160605366
102215878
87965999
136331457
157173361
178592106
173973515
160517431
191987996
40148519
70218612
32944339
181308750
74221381
177638027
66731574
130057910
191650734
173106878
10634338
162279528
83812667
141789182
20369818
125492113
194436067
161100766
118230933
109185430
92640593
154153613
24806134
41200131
158663486
149452311
76889598
179709052
103261989
116563482
152430973
99448606
144596549
116526408
74049152
20581408
197068355
142157020
198543644
172512671
118071736
26137165
15874153
108918382
81261409
92258415
4123058
150509505
8798526
75422459
104949685
137112580
145125748
195466690
133547954
82924569
76444650
6174504
125713717
64880173
112271939
165906457
88375875
35283779
118287505
96351679
172156424
171178199
197492438
21753603
89805767
181230111
24533698
196505261
162816676
160641533
100461300
67828993
186361919
17621978
70519263
123347506
46085725
48790463
54596487
57275451
12209157
1960183
515225
82302962
105046825
49232437
82885786
2968714
128707030
168103983
27137509
33384903
141363724
155888546
188399183
12812199
109965328
192626630
38899996
87910434
142463346
8910241
162824430
7251526
48328637
102317494
61137886
61458837
46742357
18303859
23507720
93111928
184788145
124802755
56508653
63660740
183825923
8022907
103204662
36584346
145169125
181929067
35569688
74620374
22160604
16763291
45789684
106626970
40170451
68166967
20096491
146348599
186054999
424445
174567090
170875756
157149559
124208355
144395443
129752358
166510898
108937593
179470846
119906808
42118467
65335141
123855138
28854646
136357775
114568346
62480247
48248517
144536094
88767426
110530439
16088189
99661164
10063368
102636262
105915203
2355013
132845382
146208113
146934793
55706800
12821190
41463468
94921070
184988321
130186626
149329981
140952806
198452677
101589652
46331996
42311721
128237038
150173989
171237330
118112574
156992619
193314913
156907837
81731469
74927809
3492768
49638291
33841136
126017867
64040089
154484996
48450833
134322765
173605655
132912211
188853143
15831150
93507777
104290295
7866684
67111020
121108000
75656390
184582112
188101529
45012400
158278759
27179090
148080735
174572107
162945213
193550199
119028804
92901710
126297101
98149152
126049846
159906925
168966704
94722711
27541403
8302246
160565969
1266403
56169684
64256828
105530847
105229836
75735492
18659012
29954826
52399345
133604636
137535641
41687051
134170172
45094498
8601761
38964764
99964040
117546901
39411642
34988175
42775411
76980485
13309965
101180724
25228556
83151520
22709745
10642021
136831643
98266369
63694701
46367329
74570365
61563937
171886033
63716688
56859925
81980643
58726323
67799892
89455096
190436894
77145589
4905278
100827721
45155446
68914654
17443226
129101720
47465651
140486288
32200101
156340552
151675153
166320375
131983601
176227562
109900411
77458090
55665108
137789559
17027746
86612304
32854323
105870575
81520941
177814943
172627989
109015845
135707312
81770364
190203372
123425859
16712988
112739139
63974932
128280718
80264517
33768771
130402433
2354674
84711131
100291780
96185300
186512285
12877434
110585488
70171800
11565326
2957097
92098095
16375617
37787775
193371156
17773587
43627812
121391880
97193462
196731955
198889754
51606219
14529909
18269462
104963375
51991155
72582168
98364794
4370624
22841044
98476235
191719372
148510813
57744286
51234304
170053828
122654508
39950459
52983092
181234948
131418043
123774001
37923982
97273999
164005397
89165687
151000151
183696409
169512521
156961473
9161691
141019905
155900681
99639548
113731742
70023553
16012649
70899975
157025406
3196503
134611716
87736890
36051975
66417746
133410315
258340
76893886
194478609
186930117
150039832
106553419
154659491
148545611
125073445
124564388
108449452
122428648
191655450
139725257
15170211
34691552
150874542
97841898
72084353
58254740
175272034
97439591
177280961
8016510
123825292
168349499
77761080
57684015
70303805
137173107
174966094
106862111
5306237
30546736
178191586
103614076
133089446
23703582
132061030
98322885
95977852
40474128
177002394
21207812
113527724
54066972
27736334
167990316
40538217
24404543
112584268
5704631
56186282
191718042
105368543
30620811
188674249
71772627
170738942
115348519
80881865
121642106
45424017
23636041
30547200
68250820
193909946
32507583
169966623
67025293
121361252
179444561
155972158
91573947
194774269
97920748
180128131
177570128
29832466
93928291
45602049
97958739
119543100
180751108
195172562
171013441
95035106
53843341
190047470
47880822
90668520
134509933
194691397
194281706
74359304
42493884
107806033
114204438
77518350
62161746
134428953
139428919
12209239
172585197
154392975
137590115
132362855
140913122
60710813
95398049
60774397
161189262
126219369
57848917
88927878
130466275
28353400
132388440
66776532
152310796
172347074
31101721
43930740
144322085
109464230
114180974
147372660
122237586
61709900
6185919
182555358
11556373
7733644
177822633
95666710
174729617
124288099
96592696
84567991
48692331
107740712
169840262
27781877
146146677
87284965
114657665
139781853
71407834
25809958
22245262
90853307
155577530
173124815
188288905
75532344
5144603
128234103
3687428
175201581
83058231
10412535
127247151
67804246
33763015
102738088
106476442
33810453
104955987
180220201
170972778
38204533
144824795
105209871
58365601
156743217
5593214
71296376
171516786
105576589
63576789
101705376
49505007
162387608
194098460
94417301
146291842
90256326
64103880
11543785
107610481
81401819
107137225
15014768
110787204
130833770
155922640
160246938
80422173
185529314
149137043
31354489
129334981
37790769
86274260
92428942
146620086
146763581
181780377
39083090
187157628
31165848
98910826
199459124
16379809
35587941
128737075
160903601
54656965
15075974
67994201
33825764
129116855
125662522
140111745
81470677
97216094
184673907
141543941
100319076
124363481
86966949
196960026
103823045
43416902
89186275
146728143
46132154
5842853
188098610
93259044
19955776
164339457
92471000
178780703
131303688
194937241
90509077
25643548
6402835
37357870
133814676
161308341
127309071
17746829
89502163
49565211
116661818
166755510
165385169
165867632
56916643
42553405
169906584
41344580
22598401
97500335
13361222
161662115
156541459
24865112
84552698
47056334
71173397
191061702
147969561
124741041
136664421
39156303
141641360
27283388
114536227
35621579
174881696
107696516
18595045
134475730
87335868
95524149
36146064
175821234
66688389
185230610
2880097
4485048
9760655
7432998
46987354
183705373
43237685
132022280
36717328
63228866
32334215
115348611
152741149
75202889
98384186
162935897
141191689
50527863
15234478
141067105
130573303
130706416
81120205
128195635
105513150
184540167
27631960
29011391
84846490
111470974
13999569
82165165
114598113
16893934
163480429
98943923
146419417
26071713
114648079
124931107
25386157
181362894
132383256
179824460
65051020
78221592
134071368
163242002
177256561
157716148
115255614
152038762
197864574
52365135
147433354
161829115
99458525
96756930
194089743
182104408
87067604
80204576
198182103
87258504
2594159
8609265
87292837
142837729
108569883
51032275
169864975
138334467
125890554
120696666
148169331
190879546
162551267
40533543
28748959
123730912
165335082
198056783
15933434
120558576
48800682
141446667
66187636
95217127
97597314
127337764
51585555
177954234
7079782
141224015
168528692
33210165
60443693
91735151
76631227
12633041
157639416
72622953
185930667
67135534
56585385
133494569
54296355
18182471
113668715
122691366
199293189
21207829
30750239
142290670
108550282
84663911
118369447
111265747
73084213
183771865
163239924
135829585
73891354
127648538
27533070
108759112
74070943
164393304
455904
166867443
43764412
192710901
167726390
144443854
86852597
65319975
128448409
19184092
37852087
45924929
87081879
134305235
22159052
113883545
67759844
45195338
86709380
137332293
186406911
75922419
49493086
34873490
84823697
38728675
188007452
56969111
194400276
114091940
115387274
56223339
16480961
81587728
145287618
166559795
33039410
46991797
821495
25659630
37517931
30281958
79069954
189993389
175222394
108420185
109491179
133637932
26862598
14199523
147952741
14400684
155792335
31285612
58645575
152314040
85165275
64522085
116734995
13885335
122205746
13375280
141818556
189920649
16874310
171239329
75413358
157588240
185037205
24142515
169352208
159478670
56670214
11559044
205909
67004844
116458545
142416285
107001376
11988400
149873756
183594167
19911825
137424139
93479668
24165899
79799535
110997208
112839303
153315522
41842615
126683440
27561091
186586048
121763824
63189548
113475062
176594935
86891881
140457424
27332345
172907218
88236372
121718427
33860656
101058992
100494269
75200486
12786259
144220312
142467340
39216749
142300495
99693819
88752979
163297991
11644212
99058302
67902679
178155634
5213323
73571777
51230782
17334931
28808564
55721737
104195190
44942587
69129521
194145044
6259934
63145122
5917086
192201257
37884137
46731710
94725650
103740186
48410439
8867178
16033374
182029997
103745364
91210328
30197035
16735179
39734744
126600674
191339124
130356073
148406241
1182201
199123241
159049849
35713304
17180520
17056176
32354161
129337035
98098570
127890948
198723295
62135547
22627266
199669527
149731185
46970724
198920762
109220301
69285149
37557048
36782487
62507046
9274622
165710008
120040790
67269231
50141924
87525424
7322266
157896927
197854079
96877357
27696863
28974339
144788677
62655917
123163967
177606158
174072556
165368895
188609315
107213555
63373146
126730864
22998688
31529203
137344409
9242922
18981998
76024068
111845044
17275723
65302531
45674816
160278724
119379258
23867528
129651735
33690971
55216712
54453275
1724951
10982035
99515900
113955989
25157923
122705599
42578462
161319661
19421824
125357772
116264842
41027725
109513158
149023703
168508906
194572806
123931508
61968993
152016587
63978592
3901037
58708848
7851763
197155678
120109940
1811105
118229302
126177164
162687213
190804561
42149868
101259800
40392035
70605748
150594948
24330902
5013004
96940591
55287551
124346614
92573695
123516571
96741491
60922061
66748507
80374578
197113235
98614078
139269938
138825706
188825185
176943938
95203421
175375474
51288216
188223323
142876201
37630204
21839488
75421379
144792022
134036647
863684
132138875
71680734
188663359
164351451
63646058
126259656
182029063
134518807
114894582
31677818
110645231
174209638
93380340
8637042
123474691
75515278
113954874
27999187
140002643
178515439
135892979
100020309
104431195
138420176
170963861
108556500
84797264
84881031
44804761
171559200
8370105
171043152
45073926
128171425
73239542
84501960
62731948
162675958
115256022
39302688
177084415
18461127
11028289
22356504
185353949
305786
72890325
153589112
26636982
125266354
156379718
31476412
100891276
99806100
109996100
128383652
46364530
113593955
108257929
8537452
163269581
17615567
75024655
174471655
134232314
121116407
21393429
134578603
74208788
16072918
191237953
119069056
85457415
31507594
187591106
133813793
54525175
82643809
91766364
137659107
106345057
117706899
154276249
141448630
160060644
106312864
143561657
174564298
138284814
176345520
188373074
35379750
159685808
185819629
64660247
179144374
104657085
18970245
13722475
102128470
86288247
197568600
69052275
194737164
129826890
127586346
98301489
291485
10088203
123499872
176818605
63572695
194480642
38698314
73924823
9113291
178961425
95528921
14752165
33045477
111025439
198141162
22452597
194248092
36703092
8847575
193751258
135337407
175857538
1516413
167804781
160607468
105168848
108336686
99760793
185940419
142403247
149812925
96337587
92611016
196797954
26102219
56798320
92215373
5355935
88222320
119035108
137353034
187944692
117188354
80728660
141035454
182103001
166977030
72940839
194074312
10391914
188993674
176873134
184454610
6699242
159690951
2874445
67109054
48074056
115994578
25934166
158214284
96845873
5794802
21177766
172509084
34989737
127114717
13125915
193264559
104293282
70321674
171477384
2152768
139501503
38101459
10060382
1298315
132857048
51014700
58383717
110144460
108129101
33664756
117876211
147271058
115562671
25159732
38026256
75231276
138551864
28286876
28569145
50652917
145240645
168406022
169726331
3951217
64208249
141627528
101504802
23183700
11363582
168489534
23076361
10673110
52054645
99513221
185195171
58586404
33815552
56554023
22696006
135006747
64646790
61543486
48930754
105190252
163717706
182033577
144742052
63607169
83190066
140680650
194423601
2222580
146221885
125993900
98571143
181899416
158076765
24021825
49675058
19046657
41363030
177259262
103020739
63069871
94774390
100385633
91123010
8744263
149630827
49465294
8510037
104013710
169600370
46619932
17624234
149729434
72916882
170606926
90861815
82881232
127180294
103656083
151346694
25142686
72708527
19409148
51522012
153571580
24132983
95640527
145813095
150951014
50851878
196447410
160769467
71298630
56356100
21420621
32783754
75326931
130490439
52558456
26033635
93491336
85856938
34018333
66944862
79161633
136061038
179715516
458506
193453010
92735430
168949552
28628943
95104234
110613724
164059494
172498976
59184317
166288357
174926106
118807165
55698073
82053603
39475694
14527030
21631821
147542726
20136282
5484276
94015238
99058881
189819494
32588125
143504144
114687814
139767284
57924212
136451273
108450669
16598313
49180940
163093193
53280720
49954798
49880420
157223535
32115737
26608281
185666912
21999058
149856140
91355383
150544652
88804503
46855717
195823129
935246
123317513
26953296
159331668
166648599
5803454
145585388
173096242
112614566
116087537
94094372
117327052
10982673
197494565
112095610
2292378
87961451
161327191
119757266
95728954
116749017
89213471
105767724
65522806
191727848
163317922
21602007
111371512
28034490
143120580
179647949
91930398
15104396
137679538
195201963
119859020
157320865
24018099
188855968
56166719
135355754
52700377
122056752
35716241
70375082
82462341
164982902
100053005
134512108
75294815
27968719
195355055
18532338
133739017
94145468
27912699
129884185
124842151
93432194
47779383
35705203
166080354
89754667
122016796
197037944
61729231
63295702
165106220
47648073
89759416
78904937
144942115
20813427
45236338
29955495
62865985
165950383
79666177
98289381
7111337
96787393
108947429
190087974
112689957
81987991
5275667
17654194
77573426
115873598
95341576
34911582
50369577
44746396
14226967
103454752
183184654
98049332
113454998
193045840
158910782
61629638
63149560
170760550
88034840
708611
150836616
186208863
144646711
59254090
131217002
668819
67600366
67565729
101254120
165461399
72115392
199431756
79218875
87206558
66650658
93336418
121281080
86471191
97576550
47784015
101540966
11672138
25556865
78468367
194304841
9588383
116597696
100740808
16013362
65314867
51933802
73208614
128048161
102272781
14206335
141324816
66939988
115499576
6990301
27798234
144557893
105638221
128288762
117675945
187759315
165507616
74917559
15045929
82236311
83752443
111206780
87252619
161171757
149424166
174260794
137031452
51214740
121400785
176893805
11296746
130537466
15999693
41732835
103028745
3968410
43874186
77079068
86419896
107907850
77583391
51562541
20579945
105076110
37420253
109802676
126089932
100235841
9482572
65689525
119271585
138173964
970176
194767546
96024940
49086248
50888248
27995113
36437961
165469932
16853510
98955281
58355114
128444151
95213433
139660859
46091090
182930123
76587033
75721308
60231121
100779155
83113423
140056180
181698833
61063920
103317587
84776004
47753168
179814842
146952465
24223395
144066075
183116452
156218696
189186303
35451747
172250215
167431471
6209240
116772212
45807849
45565430
98553872
175178593
129805599
185744554
189271430
27483252
38282017
44096941
98719011
111253882
103095468
51272362
144852310
66026352
186695948
123986996
2544003
54233671
131786116
67597215
44757692
92232193
64859187
17854314
135052425
131896936
129587923
159848462
116269970
142072575
37207212
122544757
99686393
39540275
154487541
88991205
155481248
38004997
145926332
160193329
97275194
92367893
133780681
192381337
116623031
54338837
171824340
184438148
92437978
29380264
149487408
74680524
75431129
159125932
48882413
167093941
56598465
128677941
41547177
198965580
35083419
33510251
155507763
143487992
186586387
192368141
103033032
32113580
94834588
174657302
65469324
188179404
49366943
21080831
162493711
67536305
70476001
14791061
128886125
36718797
150335312
130206927
38732892
64818044
167603812
138243385
103489800
90058040
125022985
24766327
70952441
170529028
65505044
139767912
80880832
15972641
27404522
18365843
120617203
76027996
19745587
98787462
13171572
13315621
132740303
158892099
34676822
155624407
145033915
24585380
169698828
68034599
149258137
126250346
93437549
30992387
167110465
55917151
130781273
158736712
3224462
181301255
51668513
52439570
37614705
34680305
105547314
59921470
132691933
141169436
108503318
113204764
157353009
19412313
169501539
194749616
64728342
30401621
170167588
69429097
2818289
93400871
176307921
137861689
126509092
100900469
128636240
103076753
24010942
122719303
180307184
123300164
152724240
137540641
92521551
150610491
13559075
193657054
127757154
181213650
109922477
120377509
37665369
70131645
37458404
153662737
33717618
79641323
101660126
16150726
132103087
165041119
88503844
165407053
178624169
142760005
71295782
184463531
162785589
179865234
31953795
156836959
176215224
55062110
101765813
98732693
30982655
172441942
199196231
45353081
140293511
72054812
637705
117757641
171071142
44805281
114512263
28875520
29739015
98829739
2983930
126830069
60325078
173252470
111235094
78573477
126493736
155677991
9460143
165231619
188747089
91531800
178595454
4438066
199846423
