10
10 100
4673 2601 4901 9393 844 2625 86 3951 9198 6535 2781 2625 2211 2141 5137 7753 2941 3121 8555 2804 9036 6476 429 1329 8026 801 8047 3256 2690 9380 4911 2919 6543 9025 3681 2620 9449 3081 1859 5677 3706 9584 3791 3995 5265 5565 4327 9201 4593 9721 6049 6201 4816 9165 7089 7772 9910 9745 1553 4120 79 2071 975 3145 9892 8001 2367 1145 6289 3983 6410 776 5885 7760 1601 8601 6961 8719 346 9633 1095 1557 2903 2316 2821 5458 7943 9646 6441 6272 689 5817 9945 259 2492 4423 1059 2284 3201 9881 
1791 9409 741 8501 211 5281 8251 5383 9691 2255 2325 2236 7413 1347 3747 9053 784 8961 4725 9084 1075 8482 1151 9749 9951 1291 2753 2473 6137 6921 8276 1729 5687 3857 1775 4863 8033 8260 2363 5956 8578 1025 7213 1550 5156 2745 1993 6025 6561 2161 2379 3352 2501 3089 9396 4505 2593 6523 4395 6115 2361 3556 5371 1883 6895 394 8301 1343 7492 7393 2257 1323 4601 2513 1345 8684 3856 4417 1052 253 5653 4973 4659 8520 1522 9044 5571 6321 9479 6061 4571 5372 611 922 4473 5001 4277 5669 8585 1179 
8961 6847 5329 617 2841 372 6022 9940 7841 1453 7889 5521 1777 533 6401 5813 5192 892 1857 1153 8499 2307 5361 4513 4033 5261 6479 6066 2249 8096 9727 5695 7891 6144 8979 7041 6666 1565 3395 1752 5976 5913 8381 2353 2601 5025 6024 284 4501 7601 385 6146 2545 6346 5374 5269 7705 3113 9905 4766 9809 7370 391 4086 6953 8241 29 6215 755 1153 7465 9024 1751 5921 5871 5573 7878 5048 3625 6661 1562 4521 6645 7631 1075 63 1008 9209 7799 5901 3682 1074 5649 7928 2382 218 2711 9271 769 8789 
6605 5441 4475 2827 1519 343 5425 4921 3018 2993 9027 4388 8134 3921 5441 2076 7003 899 2145 7813 8355 4891 1198 5385 1793 3583 225 6321 5713 1846 6045 578 3226 9938 5663 2618 1929 1876 6701 7573 4703 6547 1731 6011 3489 8856 1140 8625 327 3185 2941 5571 9205 618 4737 5193 2936 223 3928 8334 2632 2370 7937 3103 1667 4728 7499 3327 6109 4195 6083 8607 8365 2289 5138 8292 6707 6874 6143 3848 8903 4206 2671 2673 9886 6723 5674 8411 4211 7609 6524 4027 2451 4617 3139 7910 7841 317 4721 9143 
2301 825 7213 9146 343 8095 7998 2243 4872 3967 9801 7897 9463 3329 9510 5484 5075 327 5517 5017 4251 7011 831 8291 6431 5781 9801 9819 5375 6911 1001 3377 8638 5987 235 7421 5686 7549 3201 2336 4071 9312 3373 4754 8059 2411 8225 37 4766 6221 9651 1181 3064 7848 9875 4779 2820 7071 5544 3460 7828 5661 9889 2093 9461 1083 8654 5969 7793 2565 6481 6135 7589 4729 8391 2689 7401 6111 6153 1838 2889 5281 9803 9564 2094 593 9511 9635 6602 7343 9698 7425 9681 6771 6633 595 3821 8231 8196 6175 
4369 4801 8075 6228 7149 9603 9616 5985 1521 7459 1929 8401 34 2961 1993 131 9795 8755 5344 9777 4159 4738 3181 4099 5965 6161 5541 9607 8984 8711 7877 46 2977 6103 2887 3663 7361 2185 5834 2267 5313 3641 1713 1211 3377 3609 5901 4691 7044 9431 7801 353 6036 3625 7396 3086 3523 3134 8733 7943 1 1452 3926 1747 3625 4337 3371 5404 651 3719 9406 6769 5495 9209 3337 8279 4186 8606 3776 9521 2803 8066 2969 3860 3675 9525 2356 1727 8685 3732 4041 6728 7799 4357 8683 607 9006 6981 3248 8865 
1034 3541 1281 5569 8977 6842 4961 4281 7412 3627 4305 5973 1025 8061 101 9425 8139 2237 5813 2017 8901 717 6629 3649 5697 1146 6535 661 2801 9857 768 6988 8577 5343 1161 3516 511 7515 1977 7352 4329 2951 817 3674 4046 3539 8161 5921 9250 1335 5643 6289 1866 401 8809 385 1927 3126 8092 6633 207 3197 8421 5649 8060 6791 4824 457 9641 6752 2945 3061 1426 8606 5001 3797 8287 5447 7300 577 6801 7281 5353 4751 6783 409 1218 8503 5095 7961 6785 9174 4777 7603 2199 8139 9611 295 8241 906 
9375 4257 1884 1337 17 2803 3140 7377 3430 3921 6021 8005 8667 2569 4976 583 8545 8598 2721 4399 4531 346 9091 7073 9943 4891 2967 6945 6465 5949 6251 5273 2343 7889 2811 5216 1805 5009 2377 9073 1844 6041 4314 8961 2985 4533 6466 1321 9266 561 3416 6203 9326 329 129 7164 1201 197 3278 2476 3641 8377 5759 2441 401 3985 2089 511 2587 8701 2717 4225 1217 141 4145 7558 8201 1211 9357 8575 8097 3201 4785 6065 8881 6937 2796 3441 9955 2985 5009 2897 4257 8345 3853 8619 1959 1355 6119 6077 
9039 1923 561 4056 7198 21 4165 5122 6001 626 5344 2824 6963 6671 9301 2789 6759 2753 9176 785 5129 1224 6521 8007 673 2653 4917 2543 2179 7047 2811 5483 9921 7385 5857 2657 4559 2153 5025 5521 1273 9742 9916 129 7786 1591 2885 5681 4646 361 2676 3295 6476 4095 1657 2031 5367 9665 6397 9133 6723 6245 2262 7197 751 5896 8449 5021 5843 8297 6085 654 9270 5447 4001 3171 8327 101 7441 9771 3059 8937 4817 969 7266 861 6837 8292 9201 9337 6125 7115 7367 9989 6970 5806 7284 9541 5581 2265 
6131 7886 4489 5409 5949 7961 5011 5515 64 8181 7281 9757 8460 3625 7495 2313 1381 981 6401 7911 2627 5406 7041 8401 2259 2919 1185 1153 1941 1232 2069 2601 5796 5113 365 7753 8281 4160 6913 8826 9001 5533 2626 9858 9268 9419 2345 6566 1441 8600 591 1271 5509 5537 7009 8269 6224 4258 6329 8866 105 7946 2113 6900 7657 2195 2951 5001 2326 2361 4520 5982 2792 1196 771 3565 2681 7745 1937 2897 6571 2479 4777 7731 8151 769 873 5597 6653 9855 9076 4101 9006 9511 1166 4978 8433 3993 2425 3561 
10 100
401 5637 4474 6515 4061 4651 2700 7679 8299 7845 8181 6277 4389 6305 9184 4276 1429 3047 3401 2371 5857 561 4813 8626 116 1992 2936 486 7311 7403 1789 8421 6739 1521 4844 7074 9071 3503 2921 4255 7506 856 4113 2661 5664 9723 591 6843 2707 8026 6282 6873 7093 1 9095 5276 6887 561 9821 1553 5477 4870 2021 4925 531 5031 6196 703 5021 2423 817 9543 4997 3871 5059 3059 4149 3360 9711 6939 4661 251 1126 6249 348 3751 8849 831 8627 2551 1 651 1039 1923 9252 7101 2516 3633 6196 4695 
3521 6330 5069 6073 8373 2505 6705 7157 353 2847 7761 981 1989 9997 2154 1291 1533 9564 5331 4053 4201 7586 6335 4271 381 7076 8593 8005 4961 2609 7301 9946 7257 8140 7201 4640 2209 6149 1796 3401 7548 5345 666 2860 8367 9083 3393 5446 5649 9743 8221 8401 613 3483 7437 7051 9393 8081 649 7307 8535 3461 1961 9505 6977 1244 8181 2766 7225 6111 2231 8465 7025 7833 7774 1045 9430 6966 4677 3217 6597 3730 4660 3201 1977 7389 3073 8937 930 1768 8111 5313 529 3481 6561 3821 4861 7621 1265 699 
6901 936 2693 6705 7496 656 8921 2563 369 8995 5549 7396 8296 8459 9361 5632 9579 4825 7074 8681 3059 1438 3421 6727 3069 2188 6944 8624 2745 5261 8451 8705 3706 7823 685 3002 5847 9557 7351 3789 2657 1454 3377 375 2811 2851 5551 7109 3877 5726 884 6397 1425 1075 4777 2251 7045 8910 7146 8640 4690 7197 1381 2533 2623 2806 3245 8501 8540 6105 4243 7660 9453 1245 4626 7281 897 8756 9079 5123 4241 4051 70 1483 6979 9013 1425 3150 7150 8348 2319 4241 1399 5821 9162 7148 1824 2381 5961 5641 
1369 6941 5425 5917 6177 1538 2949 7367 7403 5612 9026 4646 4105 6041 5417 241 4261 8101 5632 9266 6194 987 7943 9166 8657 7046 151 3249 4241 2161 8621 9239 2867 3155 7151 463 5009 8385 2069 9345 4516 3376 4320 2841 8733 4350 3841 4048 8088 6273 5355 6675 8141 6259 4428 4561 9586 7532 7505 6866 4679 8401 5133 806 5643 4233 7268 4051 1164 826 5041 719 9631 1405 8675 8401 9089 2001 9585 81 9649 3153 9398 2774 109 3381 353 1241 741 6047 6159 8346 1570 1883 5251 7451 8609 5145 8376 7076 
5846 5696 8200 3878 1041 4741 9617 583 2261 6784 4281 9138 4697 1423 4609 6959 3525 1957 2281 8255 6044 8283 366 5693 7406 7663 7561 5953 7841 5743 7471 4939 9558 4926 1571 721 1823 4945 3433 2304 6301 929 1061 9848 177 8473 8929 7144 7472 9151 4883 9225 5852 4291 1539 5101 9825 4777 6484 9913 886 3901 491 2383 1409 2842 4163 4592 8640 5212 8111 5245 4949 2461 5056 8611 2276 8465 5206 9135 8001 5509 123 1113 3124 2206 2165 1767 91 3603 1575 3785 547 2254 2361 9551 2801 8053 7016 2054 
3361 8342 8941 8742 1128 4311 6181 9145 277 5765 9821 5927 7777 7797 9943 7501 6721 2881 999 7509 4967 1401 9565 8337 4867 8641 6758 4916 3421 6993 5623 9408 5249 7931 2438 7277 1761 3861 4011 9440 4053 2841 4982 6305 4501 2753 8391 515 7881 360 6586 2266 7721 6487 4261 2241 5051 3577 5709 8247 5867 8826 7361 3687 9497 1355 6281 4721 934 4730 1337 3075 5791 9497 1441 4241 5441 1193 7857 4273 3503 9201 45 4945 3396 3963 9769 3137 5426 1251 6961 7875 8801 757 277 126 9516 2881 6933 5121 
8584 4331 9061 5165 8677 9536 7186 5475 138 119 3423 8437 31 4559 9185 1956 686 4160 7346 7975 5454 6733 8899 1289 749 1861 6034 9346 1673 6209 5513 5323 6053 8321 9076 5606 2051 4201 6847 1517 2476 837 5964 1336 5035 6089 8261 4217 2584 4243 7651 4576 1081 6310 501 668 5803 6116 4793 6625 9233 8686 9924 948 9431 3781 8461 2113 270 7028 7021 9641 7501 94 8217 790 2865 5841 3265 2261 6255 161 4749 3684 2224 632 6815 7033 113 7381 395 3589 7249 8061 1971 455 3461 2689 3126 1118 
3041 3457 9159 1913 4821 163 8926 1009 7721 9421 9096 3081 251 6815 1501 9141 6713 6789 8635 3707 8249 6698 7011 2225 9496 2321 5935 849 9380 3391 2109 2492 4865 183 2191 6097 1996 2349 2375 8237 8809 6116 7701 6526 3713 9597 6254 953 4337 7286 1193 7657 846 369 841 5382 6847 1284 2538 4141 5639 812 4611 2279 8712 1913 8301 1677 34 9190 1801 1989 410 4346 6041 2649 5089 5223 4940 4249 657 1018 1176 7196 141 2465 7043 6596 7489 1474 433 7553 2689 976 2357 8851 2319 6445 2461 526 
3483 2457 687 161 4821 1338 1337 2673 4215 4301 5821 8016 8713 2657 1885 8761 1564 4347 3896 2735 3983 6286 8673 21 999 7848 1183 6089 4291 4457 8326 3754 3120 4920 1085 5993 7719 257 9569 894 7834 7636 2765 2146 4263 7550 4971 2583 2225 385 3695 9230 8532 1893 5969 2449 4016 5781 4079 847 369 1573 8001 3549 1283 4453 8579 5576 7151 2546 5889 63 2165 8639 2005 6568 3503 5457 855 2871 3361 9401 359 3293 9371 7169 9092 3327 7202 4251 9831 3900 7450 3965 8452 7969 1773 3729 1336 5897 
3771 8063 9811 9717 7379 8306 2191 1476 9529 4726 5314 4676 6592 8256 8292 1611 8497 1383 6353 769 1801 4459 3916 2989 6331 571 8144 3399 226 1361 9041 1801 8624 9860 2325 8327 5001 9646 5816 748 9631 3388 4038 8095 3441 1405 1325 1013 2075 4735 2231 8509 9001 5429 9101 7251 5224 1426 2617 612 3251 2801 7686 3329 1376 2332 4261 6643 3577 2721 693 9749 1365 9554 3201 4711 3501 5778 5386 775 3056 2521 4036 5826 7489 9319 6537 9245 8101 8439 9393 4525 2691 1514 6835 3973 7352 4573 9556 139 
10 100
6162 2226 9340 5376 5973 9766 3461 3435 4839 4045 4471 1137 1749 9569 361 897 7325 1086 2636 5841 8991 7224 34 2925 5656 2841 5713 5135 2607 2816 731 8885 5777 9593 890 1309 5534 5322 8315 8532 7096 4921 5513 7377 2289 3969 3803 4146 3642 3698 7517 389 2401 2866 2311 3797 8033 7491 6741 4451 6774 4081 1541 9537 2463 2147 8856 691 2779 2095 2451 4051 9001 8715 5593 3156 8077 457 1848 7840 7959 3751 282 7997 5907 2961 1457 6301 4361 201 2705 3261 5737 9367 6615 1429 4995 1937 864 647 
3581 9510 595 6603 5291 741 7657 9285 1468 5617 2743 5389 3505 8727 8294 5080 2401 8401 8151 529 3321 9721 9239 8145 7001 1300 9548 841 1996 8003 8663 7089 1541 339 1680 4381 9063 2777 8681 5305 9653 7754 4718 7954 8601 1873 5825 795 5644 1083 6657 5588 1366 5303 2156 945 7461 2049 6025 4012 5226 7465 6401 2253 3817 5373 9840 6028 1096 9701 3275 445 9473 5881 4781 5943 9278 4297 5450 7149 8101 3031 5851 453 2593 6645 1585 4559 9593 3398 5476 8771 5883 7827 8801 6723 7657 8751 7569 2653 
6621 6661 4846 508 4925 8252 86 6519 9331 9913 2619 396 714 5651 504 6569 1751 3181 7782 5906 6337 586 9101 4081 8309 9831 4787 1949 3796 7962 5965 3011 667 6889 5201 1137 5057 6761 9 3164 5462 4461 5747 4406 6777 6380 5425 851 1374 8561 8079 3399 2161 1318 28 1893 9091 3481 8085 8413 6346 9839 7779 5525 789 9457 2822 3351 3235 8823 4361 431 6049 6981 9869 6951 1257 4233 2329 5415 9617 8321 5201 7849 6461 5411 7625 4151 2525 8541 9293 5411 9664 581 1198 7836 5059 9949 3401 2010 
3185 9023 9684 8593 6754 4633 3073 8135 4901 8433 7843 9238 4437 6695 2533 2 3877 6016 840 8784 5041 7996 5894 1646 4675 3325 5537 3221 551 251 4372 4492 8147 6533 8933 3070 7553 7914 9837 8609 9440 7846 4183 3722 1585 6724 811 9625 1701 9649 1326 9621 4768 6579 8293 4675 8597 2110 9993 287 9951 4937 8031 8464 9033 4725 4211 3876 8762 5031 7896 3017 7684 7991 1021 6015 7107 9496 3291 9335 1213 1783 4788 4071 1446 5439 6829 7105 4077 5361 2885 6347 9537 7473 5413 6011 7981 2183 7361 7703 
7932 141 3559 6790 6701 7549 9443 5025 6725 4173 7631 1869 1977 4113 9988 811 2060 1901 8460 4865 6056 5241 8309 6468 3021 8701 7401 4821 7521 5601 461 5061 7999 5089 1243 1761 4021 9965 3051 2141 3819 300 385 7413 2796 1821 636 5019 5347 7481 2961 9586 3583 5681 3253 4387 3173 8589 5493 2851 7257 5741 6701 1501 6266 2563 4806 4745 6885 943 3755 4360 537 435 8735 5840 5964 8095 4241 2321 2801 288 7177 6287 2333 6233 6791 351 8026 4169 6226 7401 4365 8421 37 9297 57 9627 4737 1683 
4155 2601 7425 5571 5261 2555 942 7976 3045 28 8773 5609 7547 1693 2219 5251 3572 801 4545 9015 2576 9113 2657 6323 1750 5769 6473 2102 7601 573 3945 4645 5763 3037 2796 9931 9867 5651 5093 595 2357 6935 4201 8913 4341 5438 3997 8516 1601 6393 8928 1835 2675 7310 761 4506 4033 9165 2471 641 9193 6423 2481 5539 6538 6953 9 241 4510 1941 9445 2685 4910 8874 5024 3778 3899 7377 8001 5489 9701 9411 2451 6207 1858 316 1461 7985 5688 4341 8299 6249 8831 5643 4557 6109 7777 5461 2609 5185 
477 7305 8393 9806 1607 5669 830 5619 4193 2729 4601 6401 1346 4161 2277 7747 7238 6668 6539 7477 237 2813 2600 3811 3857 5301 7597 3139 3767 3995 1048 9367 4445 2001 8026 9697 5451 3754 9503 6296 1601 1605 7161 9961 7245 9073 8309 5969 7897 6713 4955 3981 1345 5815 5717 5281 2939 7632 283 5473 1721 9757 5297 3576 1041 7346 8097 3251 5063 6357 6800 5209 3597 4915 9998 9729 2547 3109 8218 1965 2477 1121 4769 8288 7041 3833 2002 5609 7008 4001 680 3141 6431 3366 1665 7647 2689 2265 1 5445 
7177 9820 2103 592 4401 9741 545 1953 2300 1631 486 6257 4609 9524 1990 6195 1649 6287 8233 4401 5845 2904 5031 8993 445 3017 5501 8081 2372 2035 5617 4765 5297 9503 8671 3971 5761 1245 4172 5694 1139 8681 9433 8107 3226 9945 829 5026 3801 7368 4646 4049 5137 1386 3513 8625 2473 9821 6511 4781 1281 4123 8307 6381 9270 9581 2541 8342 7071 481 1285 7017 1325 5069 7115 9777 7509 1377 2918 8741 7590 8702 45 4795 4046 9451 9781 9527 7323 7037 3133 5929 6317 1201 971 3182 2951 9348 3281 1343 
5929 4665 7757 3136 7545 208 6451 5451 7471 8798 9332 5681 865 7301 1059 3548 4576 8731 1392 1797 901 1665 2407 8950 2081 6058 2197 4772 2001 965 4029 9177 9581 5221 7859 3961 2665 5509 381 3217 5393 3641 4605 445 668 8416 5117 937 3567 7697 6435 276 4705 174 5756 2133 1363 2347 1471 7483 8819 2925 6163 9638 9213 6831 2575 5843 4489 177 3127 3351 5573 3016 3009 5745 6577 1260 7585 8289 3829 3893 8017 6811 6305 1977 2141 5257 9634 9941 5435 4461 1475 5644 4303 7049 7301 548 9426 2321 
2661 8735 532 2463 2666 1801 7977 7901 4141 1441 1475 9585 3629 5090 7585 7033 2314 460 6918 7161 7127 2401 9275 9068 7471 4891 3837 363 58 1651 6307 1101 3337 3036 6840 8853 9741 9501 1781 8964 9809 2375 5429 5395 6321 2401 4977 7561 5961 837 7599 7403 2557 4896 5369 6598 3008 3398 2469 5625 8615 2017 289 4211 217 7713 2827 3271 9556 2951 8137 8851 3137 2481 6876 3831 2273 6757 5189 1015 7595 7971 8233 2324 830 5117 7467 6591 1040 6506 8661 5993 5381 3003 5229 8161 2217 7309 5101 3575 
10 100
6181 2001 9659 731 2725 7315 6323 2074 461 5163 9754 3303 9291 8542 8262 737 9801 2773 9335 6501 3425 9054 678 2620 4541 711 4803 3533 7757 2271 2821 4003 8401 5589 6037 9247 7134 9173 6658 3355 7681 1489 1221 1930 5089 7078 8917 7217 1186 5147 9641 7093 4883 7853 3087 1180 3275 2311 9755 7727 3310 776 6246 5307 6129 615 4025 2441 7809 666 1681 8218 3517 3657 2326 4551 7021 1063 9031 469 9136 4381 403 7669 5486 2696 5901 1661 7369 7451 2811 3851 225 3611 7485 971 6833 6401 3279 5997 
4456 5145 2973 3356 6726 8641 9003 1586 2097 4461 3767 4051 2484 4227 9869 5449 1561 3771 7581 1144 4580 252 1289 1292 4065 355 3969 9563 7185 309 8129 1835 1397 4997 8373 2803 9233 8806 5897 1241 5367 7681 8898 9845 5627 4782 2791 1088 2821 4351 8242 8097 8149 3793 3751 1358 1421 3829 367 8261 4642 1173 8976 9427 4657 5591 7376 6426 8185 7701 8071 1201 784 4041 9985 1092 583 8554 2349 7125 321 721 9231 672 4163 7978 8519 71 5303 5556 6757 6525 5753 2345 8771 907 5681 7758 8401 7957 
6113 5481 1393 3257 5465 1793 9443 4641 4770 7033 6713 4813 7537 3385 2207 7665 6629 6590 876 2653 1559 521 6643 4901 283 2935 3281 417 3673 5549 4933 5029 7709 3126 3835 7121 7626 6578 7545 6177 7485 5876 8349 9053 4313 3641 8585 4591 6750 8729 2201 3953 9633 2077 3 5011 6751 3535 4525 3873 3665 7635 5501 9929 7025 965 4616 5311 348 5075 5517 7852 6491 8705 6683 8901 1286 8141 3182 4625 8907 4194 5736 9402 6794 1265 9057 9325 1099 6313 8933 947 5726 1576 2061 5601 1280 5077 6847 4996 
3318 4677 2361 2003 7580 8831 6541 8220 6217 221 4001 2561 1253 1033 8946 325 4937 6861 4856 2155 3393 5761 2392 6083 8993 31 6926 2161 1243 2877 8231 1581 2049 5466 4840 5118 5125 5155 7915 4013 453 7130 7731 4795 9999 1253 5821 6485 2516 7236 4833 5293 9035 4433 8331 7545 9788 7302 7596 2323 5726 3317 1501 7815 2988 3241 3110 3883 9081 1153 121 6603 5273 3201 5953 513 3561 1101 1176 841 6372 6699 9781 2911 3679 8231 9766 8153 6521 4383 731 5576 4860 4751 6293 3695 5941 2100 329 747 
4521 9105 7411 8551 1969 3779 74 7589 6785 1669 1033 6877 7029 2042 1611 8851 6193 8017 593 8513 8051 2271 169 9788 6913 7012 4176 3285 8081 9285 7880 6985 9262 5727 6326 4669 2166 8659 5397 8149 6961 2521 7649 1361 4916 7909 7682 6517 4101 951 2269 4206 1947 101 4573 923 3017 2199 8881 9018 3326 4704 700 9425 5589 4541 9001 5152 4051 9684 6195 3873 5461 3189 9347 847 1981 825 830 4283 8257 5941 1340 9105 6381 2548 7855 9851 9645 6620 9259 7669 59 6561 1195 1496 8893 5481 208 4115 
3676 333 4715 5723 5163 5203 3007 3941 9631 2701 5137 8543 2747 3589 1889 4172 5261 7921 2369 4151 9072 6986 1983 4777 7061 6701 1863 881 5174 1828 1729 4017 5381 9393 7201 6033 1631 8121 1729 7431 849 6821 6025 143 4381 6669 6525 5693 2997 1029 7955 7433 6699 3101 6673 3225 1385 5493 3410 4239 1611 1037 8401 2921 3881 8656 455 3025 9446 8565 2505 7361 271 9757 1435 811 347 2691 8003 7761 4177 8149 2231 9869 5721 7268 1012 6119 2890 6161 401 8609 6293 9428 2675 4577 6390 8985 6031 7026 
6811 4744 2598 6372 2555 8704 7391 7895 2593 1825 2401 309 2735 97 2601 4601 8751 6941 5655 6224 1006 6441 6145 6429 3021 4913 5585 2149 1123 3803 9131 3811 1997 8935 2773 970 7226 8757 5739 8643 6565 2881 8709 8873 4957 8977 5165 1277 6500 5601 7769 1117 6113 3011 3581 9963 6971 5326 5097 8567 1969 2935 1321 7081 5869 4445 2205 300 9047 1178 9584 7385 4356 5581 8029 6181 1309 3474 8389 9901 8034 2386 9241 6933 401 2681 2677 504 573 5111 5446 8835 7349 9189 5479 3617 171 1493 8693 9596 
2193 6933 6448 637 8821 2621 3137 2126 5171 3215 6939 6565 7505 5297 9523 1931 5533 4933 2541 9275 3044 4091 9673 4593 8335 9574 6041 4156 8856 4091 5571 9080 8827 1121 6141 9001 6318 9301 4529 2007 767 6481 2405 5204 2809 2035 3495 7349 3644 9898 1348 4985 9161 1944 8436 4980 1511 6978 9033 4434 4044 8328 7261 8033 1214 7521 5933 4971 2205 8371 5817 9325 6729 9319 6800 3171 8119 7351 5305 2251 6585 1585 2501 8608 3584 2161 8697 8720 9726 4933 6721 9270 5901 9619 4977 8676 1473 7581 2031 5449 
7513 689 5327 8846 5395 4621 7729 9297 5049 1847 2504 2106 3761 1056 5003 3346 1833 4401 733 3829 1155 8687 1780 4221 7556 806 6397 521 9623 7741 1806 6491 9402 9421 9901 9448 4241 3265 9717 7776 7266 5205 3353 2758 9361 3586 1861 3363 2318 7921 6651 3721 6001 688 2409 9011 9249 2621 9521 3529 4009 4427 5809 8385 77 833 6954 3557 869 71 9133 7767 1191 3175 1930 9421 5433 1673 1745 2921 6411 6475 785 5302 8887 5101 3569 6486 3409 1329 4217 5359 6409 7669 2921 6935 2101 1982 334 5950 
5921 6766 1093 5417 2951 9958 7406 3521 4093 4205 5249 9829 3197 6411 7137 6901 2892 8077 3801 7355 1241 4817 4385 3071 1590 4317 1905 5704 9776 4833 8866 3250 5439 6849 5782 8153 7933 7449 1215 919 613 3762 6345 9793 1121 2292 2062 345 7454 5241 2033 9721 305 6715 3286 51 8201 7743 7301 2929 5537 1769 1231 3553 3323 9301 1658 6637 9142 140 9802 8473 9061 6605 3141 6959 8301 2806 1169 5397 4213 101 961 5086 5971 5011 2431 7545 5691 9209 2473 4626 8929 8005 9648 8363 9305 1826 5269 4194 
10 100
8970 8457 2945 8821 6741 5731 3921 4804 7125 8329 8416 719 2819 5307 4650 391 3334 3585 9892 8519 4751 881 7151 8679 9101 5329 4365 5761 7253 9483 4523 5655 9206 9473 3955 6571 9953 1080 2771 4921 1681 8999 401 29 641 9813 4033 6192 5531 1143 7126 2657 9311 7027 1497 2857 1486 6173 1995 6206 1145 6289 7496 7361 6393 1609 8543 6445 1857 1809 5392 9889 1137 326 721 2773 5728 8331 4784 3264 551 1081 9163 790 473 2931 4208 869 2971 9176 561 9596 9473 7517 3211 2906 2231 1275 665 629 
4921 247 9041 987 125 3272 4929 7884 6481 6730 9585 1921 2596 6587 4601 6301 8151 3149 8295 3989 5604 7217 4285 7549 2387 9101 2201 1104 3169 7218 6887 3921 7637 6318 8229 159 301 8047 7961 9008 6933 9861 6997 3259 4105 1110 5459 8819 2511 1927 1221 8955 8847 4878 9793 1643 9317 6216 2437 8310 6786 7929 1200 2292 7701 4237 3556 3017 9041 7161 9865 4313 1553 9713 571 4314 8177 8336 6010 3413 8212 3111 9001 7596 3537 273 9437 5399 7625 2177 9441 7562 9876 7245 5141 5121 4993 8861 1881 4196 
9973 5787 4094 8808 4753 4729 1417 8627 4161 6019 7337 3661 7914 8251 5978 5281 3321 2721 2240 4675 9906 2908 2001 3134 7341 8727 4031 3826 6571 5621 2001 4557 2733 6353 4483 133 5077 8556 6291 753 3721 7401 3821 7218 2297 2191 3726 994 4561 1731 7717 8011 7227 6681 4456 8521 2994 4819 8190 4944 569 6215 2451 6821 5526 9267 2708 2706 6137 4083 3738 5409 277 9591 1805 7055 6981 1004 6441 286 6395 9213 4491 8587 9697 4356 7557 8839 1833 2001 5201 3641 4752 2505 8761 1100 8553 8138 9001 2142 
8526 5249 1441 4357 2921 8249 1357 4653 6123 9217 9055 4041 6238 313 3916 6875 9127 1286 1621 8027 1941 1440 5361 3001 6086 1329 9041 7498 7121 1125 7267 5023 1971 1716 1111 5230 2438 2119 3843 6609 1231 4727 7683 1237 2988 8444 9901 6137 206 1135 6777 5721 3903 4316 5313 5332 7947 2401 8389 4173 4776 8891 8313 7986 5876 2845 5626 5685 8287 8897 8688 8326 5048 7386 7993 6481 8096 7321 9199 9136 41 1308 6994 597 6767 2836 5041 9015 547 7669 6496 5631 4112 8505 1447 4855 1469 5777 9033 6037 
1393 7876 4725 7209 5831 6388 9903 1402 5867 5350 5333 241 5182 6265 6588 4996 1561 8321 9805 9327 9551 661 6951 6102 2176 2353 2463 7409 8720 3863 3891 9051 486 4443 4065 8635 8961 1967 5620 5896 3875 9509 3698 8547 7643 391 3181 5789 6759 7113 3021 9566 4323 4529 734 9009 4041 7621 1933 3146 5070 5223 4997 8039 8081 4482 5935 265 2376 2969 5720 7105 7756 2593 5393 1301 9562 5393 2947 9673 5636 9921 3088 8491 6902 6262 8549 5221 5001 1766 619 4449 5711 3926 3302 101 5184 1366 1048 9681 
4633 1021 5447 26 861 5699 7753 1720 7061 9531 9553 2705 6341 2545 9827 3774 8689 5961 5257 8573 191 6103 2865 813 2313 2338 6705 3357 5720 449 7001 6006 7676 1700 6461 7006 4121 8769 7219 2857 8650 165 3489 4385 7003 45 7761 9544 7051 5887 8702 5385 5987 6401 8739 5511 693 9129 6321 6969 1599 8186 1356 3205 8663 8837 7537 5489 1689 2757 4401 2401 8825 5391 4273 3171 59 8950 3691 9751 4720 1761 1147 3277 7848 5267 1828 3848 4327 2169 1857 9689 8801 2649 6554 536 1352 2505 6070 6309 
8548 4376 9407 5106 3366 6050 406 1961 36 7517 8283 7061 8201 9711 1341 2969 5657 7799 4169 5357 5281 4776 9466 2426 3277 2367 2751 7937 6877 1193 7341 3525 7511 3457 4236 8648 5501 8591 6971 8799 3063 1581 9178 9201 3654 1051 5205 3961 547 2336 3386 4625 3048 4951 2743 1501 1247 9241 7120 573 5621 876 6145 9002 5805 8646 4711 7048 4686 7477 3881 7077 2591 8481 4846 9269 7249 6636 3242 1951 7961 2240 2595 8943 5625 5773 4717 5053 5791 5759 9357 3041 3723 5177 2395 8300 7157 1516 5601 1621 
628 3417 2129 2481 9681 5329 3433 3300 9138 4276 6203 6280 2814 8809 1465 8893 5669 1433 7363 943 2045 2345 281 7473 8301 2593 5877 289 7247 2669 6284 6069 6258 7126 3640 1665 1285 9807 3826 251 2616 8321 6177 151 1417 4516 7779 2001 2579 1857 1543 2576 5263 8031 1165 6073 4817 851 4135 6426 8303 9923 551 8261 8206 3841 7361 1448 3865 1561 7425 7471 4176 5299 4739 7566 1211 8637 7541 2889 5171 3749 8035 7818 239 5034 2267 5489 6886 4863 9483 7470 3765 1215 8306 2801 1114 2157 4309 2821 
3447 5793 3093 2511 8427 9222 435 1728 4291 7330 6207 769 6819 6989 3649 6179 7738 6001 2501 9001 4827 547 9625 129 5624 5824 1024 1981 5481 5043 5578 3662 8445 8127 1199 7473 3111 2310 3921 3786 61 3481 896 913 4021 209 1266 1091 8449 2269 1481 5627 6801 6401 9704 5669 2717 7683 2597 2370 7118 7813 1189 733 257 6009 6822 8465 8527 6321 5028 5519 1701 4221 2377 1821 7752 1946 3943 673 9356 1948 2091 5845 3479 9651 9077 8817 4106 6633 6809 4619 6561 357 2753 2957 8062 298 7941 8301 
1031 3941 766 5245 6481 3249 8714 2769 1665 1361 2779 1455 3457 7419 7343 6581 6986 1549 1349 1978 3726 6481 7651 5301 1422 4257 5823 4425 9373 5589 8753 7116 7803 1913 8201 5997 9651 8025 2087 9706 1388 6737 6557 7445 8717 7699 3051 1070 1046 1117 4351 7576 161 8820 2799 8865 6320 4250 1816 6347 561 9041 229 5451 4331 4625 1124 1961 1483 586 1649 6961 438 3287 2433 9903 2693 5565 3221 770 399 4601 242 8577 7159 7202 4193 5560 3626 537 5507 3535 4891 1899 2585 3111 8241 9851 6016 6291 
10 100
1980 9513 4146 830 8833 4756 7291 6486 9286 5541 6921 2569 4456 96 1430 306 5537 2481 1406 973 5198 5560 4353 218 1501 2509 3081 6196 9050 8426 5045 4261 9281 4089 2241 2153 1831 8433 6219 5869 1463 5536 129 3145 7017 8247 49 1870 4586 5596 481 1682 5018 7281 6376 521 2757 1693 3744 4686 703 9421 421 9921 5496 6167 1675 831 1569 369 8817 8284 2549 3121 2031 1978 2817 3486 2893 6265 236 5544 8861 1 5073 3057 2263 4223 2232 2212 161 8375 1161 1887 8106 1441 7178 2265 3364 8133 
7901 2176 141 3676 1854 974 6321 3369 6961 5114 6539 7013 137 8801 4037 2817 2982 8131 1325 4435 8061 6349 5411 5613 7987 7082 3955 1311 7101 3581 3830 633 9801 8625 4627 1331 4451 1137 9417 1777 8717 6841 5467 2405 5026 4161 8240 9639 3805 451 4612 1879 9782 7040 7777 9605 7461 9881 1593 971 1361 9893 1378 8793 9684 1695 3625 4409 4008 1241 6641 4545 8901 8925 1619 4426 2302 3025 2696 5297 9534 5221 4410 1326 5256 8833 1445 7659 4976 4656 1307 5541 9729 5583 7435 8204 8025 711 9776 874 
5118 3605 6825 8486 9751 1857 2976 7500 1194 4540 6255 9077 2132 6297 3974 5826 4637 7356 8532 6638 7565 5153 993 6180 8009 5885 3553 9873 4265 3921 9999 6821 6996 2851 9278 6893 8995 4670 1200 8913 7199 6826 9253 8524 194 1 4851 2878 1507 8465 8161 6509 4699 9972 4327 4473 1417 1336 7626 6229 6561 6054 2168 1945 7960 8401 2949 8705 1739 3700 5993 461 6476 6609 6081 1301 7398 8335 6526 1921 9109 4820 1205 2637 6961 5217 2040 5398 6983 5903 8363 609 309 3738 4109 9197 4245 5701 300 6055 
4097 7986 5325 4014 2199 4776 6298 9087 5274 210 3377 5053 8036 81 5191 9629 8525 9771 8817 8572 7985 2593 8071 6365 7401 6985 4928 9705 6711 4005 9934 2989 4181 5102 9851 2263 8177 6096 7365 77 3505 4459 4659 8401 2591 5089 8599 565 6451 1521 9365 9010 5021 5001 5821 171 9423 811 5353 3241 1061 4137 1691 3977 7582 1866 8686 6869 2305 2021 9247 8249 7118 6317 3069 8613 4761 9141 9916 3429 6858 5805 6175 2985 5513 6365 6670 1141 8596 4736 4740 6551 1241 6137 6773 5600 1143 9545 3361 9549 
1617 9539 5009 2641 7617 577 4575 1519 2647 2541 8517 2001 7205 4233 51 9763 2929 5881 2919 9956 6177 7209 1006 7361 6538 3206 2062 9954 1217 5878 8505 3626 2291 6601 6819 4455 4814 1013 353 7608 161 2503 9385 233 6666 1289 5165 5511 1121 2478 8525 1529 1680 1293 1768 9568 5935 9476 2890 1427 1061 7709 5117 461 5442 7331 8265 1601 3776 9956 6837 5763 9551 5266 2243 2801 4201 4021 6663 5113 9371 8618 5015 2145 5735 1393 376 1201 4573 1123 393 1700 7955 5678 741 273 681 3578 9981 9979 
6803 5421 7937 4761 7361 7623 887 6979 8966 3367 9959 2617 7549 289 4674 8713 2986 9549 2720 5409 3537 569 2377 9036 9553 5771 8941 6915 7080 8441 1358 2825 6486 4138 4391 5115 4633 571 5617 385 1181 5441 9167 5729 6086 1695 6153 1626 5981 6279 9501 7681 8745 3299 8191 9265 976 9610 7095 5886 7307 7239 6317 5301 4538 9097 331 216 4869 8001 7522 3425 205 9345 1789 1841 3705 1701 7205 9569 1627 9637 9639 1785 8210 2531 7391 80 4386 8111 7137 6713 6869 8267 4830 1135 5689 5303 8865 7401 
8053 9321 5372 9743 5212 9112 4732 7581 7091 2929 5511 4689 3883 9951 8609 8617 705 5271 7515 4361 676 8807 1920 4853 8737 9429 28 1747 8629 2775 8329 8055 6050 5801 9126 3729 1991 1633 2817 8941 1808 7202 6118 6962 2889 5543 1676 7249 4221 943 2052 6584 9351 4401 7275 4263 3603 7891 6131 2417 3917 5620 1 8089 8359 7585 5761 5164 697 6289 1249 1061 468 6023 7305 5649 9912 3077 2262 367 329 348 9841 2871 1871 9566 949 7226 3825 3901 6049 865 2270 2020 7291 7297 9685 6726 8651 4117 
2025 4225 3336 115 1560 4417 9583 5089 4449 7921 6689 7889 8688 5741 7932 2704 989 9233 9117 1251 749 6399 909 6239 9476 4557 9646 4839 769 1591 5661 4841 3666 8834 9323 6403 4101 8641 7573 3441 1759 4861 1596 661 1282 9866 9909 4727 7884 9899 3770 6257 425 8717 9317 8790 5235 531 5210 5189 3350 2595 585 9449 2115 6891 7481 7581 5981 7317 2666 2921 9069 391 440 4981 3477 230 908 3479 9083 8525 5734 9729 5177 81 4899 2045 382 3009 4481 2708 2178 5094 2495 5491 6551 2867 401 8758 
5049 9105 8479 6883 9663 3207 3825 9210 9201 3161 8801 5311 4231 7474 4537 1918 6237 5841 8035 9316 2826 2104 2526 2143 2846 5855 3796 1213 5769 5756 2091 6144 2901 1132 1671 5100 7559 9761 4991 5561 4445 2442 6981 2115 1580 1121 8227 7779 1 4111 8129 9323 9129 3382 471 4926 6865 2321 7777 3186 6441 2041 3357 4658 636 4995 5241 156 7217 596 6311 7001 7931 7657 9986 4471 7925 8123 5859 7141 6241 9811 5009 4961 8781 7169 7449 6199 5429 4253 5889 8861 5265 1077 6955 4475 8813 8101 8067 2939 
6584 5961 5601 4871 97 337 9641 8315 1121 8823 2869 3657 6445 7578 2833 2123 529 5803 8753 9851 1697 7391 2265 834 9437 3206 796 6801 9817 7210 7523 6726 4889 4805 9321 7821 7644 8053 4217 985 7826 5169 1991 218 3301 1371 5001 8881 2846 6507 1361 5833 5618 3469 5960 8929 7045 9419 7929 5913 4041 5150 5627 2973 2161 151 8369 7105 9974 6705 8721 8881 8053 3479 6724 4369 4019 5803 1508 1370 2176 9173 8449 5125 748 6920 796 9801 6664 4703 3630 3939 1878 9057 8091 7495 353 4659 7863 9764 
10 100
6336 7929 2337 1049 4145 103 7192 353 7139 9487 1847 5177 5379 4238 3019 1996 5891 8273 3331 7103 4519 881 42 2730 6333 379 2777 7681 6954 7711 5953 7046 3881 1521 74 3066 9076 6455 2195 7671 7846 2022 5953 9909 4254 7645 160 2293 5962 7200 8766 3865 2346 8879 5969 7621 2332 9036 3181 7149 5959 5802 5207 4969 6915 4826 602 2015 9481 3241 1677 3198 2977 4675 7741 7853 7018 1069 3097 2161 3329 5842 3041 601 9576 3537 2526 489 6875 3097 8667 8881 8877 2281 1286 9168 9816 6449 3905 4205 
8701 4824 7693 7637 2017 8643 3358 8606 5393 5585 7066 4760 393 1323 1303 4316 8571 789 5161 7201 2599 7311 3603 3902 529 9733 7901 9619 1601 4389 9753 9365 8593 8239 1398 2155 89 1241 6896 3360 9141 5170 7381 8469 605 8232 305 9279 5349 8305 4491 9571 6517 7537 6819 2201 9649 3651 1697 9764 6829 1544 4885 6902 7697 6609 1325 2595 5357 2482 7961 9995 2093 6 6226 7461 47 801 2367 7339 3972 3717 2571 3351 2285 4981 6293 8357 52 5694 4331 3871 2130 3999 3131 9001 7257 6337 3713 6538 
5617 9313 8171 926 846 47 8056 1705 1513 5971 5501 2837 9388 9031 9610 2649 2059 1231 3159 4975 7354 6141 9074 7698 9999 3489 9969 8821 1133 2519 8599 103 760 9879 153 4794 2452 5065 1301 5553 6931 4826 2747 213 2321 5049 9501 2141 7697 7879 3833 6484 6445 7651 5281 9487 9919 6325 8517 1431 3185 3432 3029 3457 7679 7433 1681 4689 3059 6521 5657 1926 320 5727 6776 4802 6613 4798 1383 5569 6181 5851 4897 3326 1537 7409 1233 4701 537 9383 7401 2863 5221 8581 6923 2981 9278 5054 5080 3657 
5590 983 3079 8081 5097 2241 4021 4181 1111 1033 3493 4318 6881 7441 2369 6039 2201 5633 9821 2657 4969 8584 101 2366 6735 4921 5731 510 7697 8141 2001 1553 4986 4785 8775 5419 2365 6861 8785 1593 751 9321 9873 2508 6608 1776 111 9767 9213 1085 958 4451 3849 1751 6249 3015 7525 5463 1425 4895 1929 4126 2871 6041 9249 1313 5089 3861 8039 8289 2441 6001 6601 2421 1857 9194 8026 9102 6154 6785 9421 1097 6349 8371 7129 5926 193 8576 8726 3420 9880 2499 1201 5801 841 3299 2893 3825 9270 466 
2032 671 2423 3701 2882 3237 9240 7477 233 2832 8579 5051 5501 6939 3589 9169 9161 5181 3641 7393 1313 9927 7241 8309 6556 1946 1195 4275 1729 2441 1504 7460 6591 1529 9026 9992 2526 5515 8462 5204 991 2501 6876 585 6697 6641 1103 5283 1931 2001 953 861 6941 8457 1445 3162 1 5189 4357 9287 7550 881 5261 9869 1761 9206 4678 1985 2427 5576 8353 6163 7793 8829 624 7140 4461 273 2378 9676 5395 8897 1247 5113 3693 6781 5811 9941 4817 6114 1195 3737 560 6282 6177 1265 5269 233 8665 1901 
5041 5244 3657 1649 617 1641 117 9793 1491 4254 9031 4481 4634 4379 1014 6473 7433 4032 2786 9329 7 8236 1829 6107 2675 8731 5907 9657 5217 8208 2354 8133 8527 4295 7068 8002 626 4801 3129 5451 8098 4821 3101 4581 1601 5943 5043 4433 7323 3471 8286 5979 8625 1350 8681 2612 9734 2452 9597 3817 2881 729 1939 9089 7697 9763 2599 3921 4305 4669 5521 2237 5877 4481 5381 9123 6787 3257 1357 7206 2821 2235 2657 9918 8001 3234 7312 7183 5207 3391 105 5876 3689 4723 5733 9745 7265 3766 5339 943 
6881 4995 2532 4081 7271 961 7397 9121 2401 5771 8334 7665 6946 6385 5457 4737 1806 3039 8381 3069 7017 787 2773 4577 6697 1907 8961 4338 801 9286 2026 9741 2481 5985 6314 425 1826 6141 5725 3531 6081 601 5403 727 371 7652 5627 3227 8753 8889 9537 5425 4421 3945 4685 2669 3101 6617 5737 9662 4491 1459 5725 9793 6085 2681 3795 7633 1913 8145 4881 2001 4729 7919 6961 5111 7516 8076 5879 5199 5176 50 2770 1540 1181 1997 2073 3918 2326 5986 7757 8505 3705 5181 5081 7393 2481 8799 9032 1739 
5912 6728 369 7198 7528 2038 1294 3797 3888 8561 8331 9162 2673 3297 310 7309 8767 5179 721 9603 6673 8143 348 6351 9091 5737 6113 5943 4641 3077 1720 5101 9562 775 2849 7677 3311 5536 9401 9251 5397 4562 1936 7899 2845 535 9426 7971 9188 4491 2781 8085 9 6817 8859 8207 1133 8105 9077 2303 2425 1611 7313 1197 4419 7984 2129 7283 7777 2483 7261 4119 1312 1 1232 2049 7176 9176 1315 5761 1699 6629 117 785 2781 5489 5641 4143 6513 9773 5665 3405 1165 1118 1521 3012 9821 1787 9521 1711 
4113 97 8007 1931 9625 1697 6229 5369 1001 987 2276 6748 1541 6341 4257 7224 8349 9965 7951 737 4001 8770 7140 2958 865 2301 7081 9403 9467 4251 5099 2866 5641 7999 7555 1553 9281 651 7773 8398 3420 8746 9165 9537 1067 331 2476 2945 6865 2395 2093 661 8431 8623 6229 4627 4089 6593 3852 8801 3216 1001 41 4855 9913 533 6985 5026 2129 4853 7687 6539 6109 1451 9549 4483 5063 577 5791 4262 1424 5052 945 6253 3409 6331 4231 5338 4921 494 8946 9217 9601 7725 4024 8919 7701 6007 3715 6033 
4701 3841 1966 195 2896 4369 5781 3658 9773 2481 7071 5057 3351 4272 5301 5495 6781 3218 1281 7351 2309 9943 8632 3602 5055 7085 3449 3649 7329 4501 1920 9755 2111 1480 5313 8481 2743 6257 1921 2933 2805 8261 2187 97 3345 3528 1389 4433 8261 6820 5901 7608 5136 6852 9052 1651 4703 4526 2245 115 633 4324 8644 8089 2914 7401 1929 6426 4691 6229 4817 5120 5163 5411 4055 267 9468 6645 309 8304 7579 9169 4785 6885 3456 9255 5376 5217 1441 2445 3985 8993 7941 1479 5768 2350 5695 3794 1225 5449 
10 100
1505 875 305 455 4393 7368 8286 4823 3721 2911 7831 7089 3156 5325 3661 6711 3857 4851 9605 3351 5245 2589 1305 5448 3241 8258 2661 6841 4685 2497 5317 6177 3984 1916 4616 8629 659 799 8242 3424 9589 1903 6369 2106 8081 464 2801 3634 7761 5349 2464 4343 8514 4889 1465 2238 4641 2142 5857 3741 351 1161 1761 6815 7919 7651 9567 8239 4171 7279 8051 1271 797 3957 1447 7784 8689 8273 9205 7029 7643 2501 7673 5580 4923 173 4634 6887 7577 1201 393 2655 1662 2109 575 958 1531 6954 5187 1177 
2655 7532 2101 8753 6448 5147 1471 5927 3876 7025 5359 4001 981 5586 532 8772 6145 6933 1447 1029 1721 2178 271 5691 7501 5937 4025 3037 8675 6657 4279 2837 2881 4190 1444 1313 5571 3558 2593 5881 3470 601 2448 4861 4585 439 1346 3977 922 4401 5020 301 6670 1545 3850 3787 6901 3649 384 2555 3023 4481 9811 5161 8101 2508 2241 6287 8849 4775 788 4656 4633 4785 7801 7868 438 3365 5141 7127 6287 559 4401 5656 6001 8491 3979 543 5473 572 9951 8875 8813 9969 4570 13 9087 4600 1299 7861 
8625 5131 1755 5227 3415 3001 6469 5785 1914 8801 2472 158 6063 8051 2945 5777 2657 1153 2381 7466 6417 2833 9477 4906 1975 5433 901 7781 8951 4744 5979 6695 3671 7715 7177 7641 5665 9303 2932 4141 2675 4817 3416 1667 9538 7761 9281 9275 9515 4699 7869 4217 7502 5045 5201 7663 2457 7001 3642 5917 7527 9585 6661 2355 9987 5881 2073 822 5651 3009 593 6121 9894 1205 1281 8561 737 3301 953 4946 8921 2681 9336 2444 3305 2017 170 1777 8001 5183 6297 2736 4067 2621 8621 5151 8683 4008 2491 4901 
6038 9281 1193 6641 1777 3161 7111 4593 1941 5621 3681 1499 6820 7227 2866 7720 4263 9173 9838 6061 4049 6507 2847 311 1241 5585 3492 8661 9433 8305 9701 8334 6021 9481 3591 2278 4952 2439 4311 4927 7925 8429 8738 4611 9408 3146 6298 3201 8781 7693 2009 3310 7554 8879 9139 4626 3587 7013 3709 5666 5019 6685 826 5692 886 8217 1717 1497 7731 7501 1196 8939 9228 321 5335 7861 7473 649 3303 1691 6535 2811 8023 9031 2180 6505 2001 6437 707 961 1251 4785 8961 8033 1016 7751 184 8848 2529 4321 
8073 235 1783 4598 6237 5259 1041 5301 4920 6301 2691 7777 5977 3673 6835 579 8719 4803 4706 1441 9213 7179 1283 1066 3722 6945 3318 2943 491 7227 169 3923 6485 4301 9533 9320 9593 1209 9682 7706 579 1052 1431 8940 8683 1 9425 4765 4522 5409 3635 2249 8961 4105 2170 7176 7719 3922 947 9401 1398 2745 1664 5252 2329 6216 9841 6913 5801 1155 9635 9565 7147 7891 1207 9538 8781 3201 7647 7754 7214 4836 6559 6705 1289 337 4976 1251 3067 1835 7011 451 7701 9053 979 7615 2563 2100 5901 617 
4493 7751 9257 8976 3847 3847 2687 4196 4428 9551 2596 7985 2441 4929 9981 7995 141 971 4751 7207 21 8573 387 2604 2953 5538 4566 5733 4468 3297 7620 8768 105 3396 2851 5145 5405 3549 6197 3451 9898 4961 4408 4721 5481 1969 4836 8501 899 1366 5421 7945 78 5405 7425 1809 1197 801 1522 8810 2865 5184 1271 7351 9953 9591 1126 9289 273 241 9345 2797 6669 9355 15 1281 8661 9008 5545 1759 63 3501 3737 2351 6586 7119 795 9451 5064 5715 8113 9761 7721 2681 9870 4586 6649 7377 6727 4837 
54 1392 1960 5847 7921 511 6845 5246 2642 4761 2365 2371 6233 6741 7051 1416 7150 5431 7868 6921 7041 3928 390 491 2568 1901 8517 5542 4225 3721 6181 6950 697 1701 5681 4204 59 3209 4713 1626 7873 3473 3108 1187 9645 5952 2381 4931 4649 5064 5243 9201 773 3507 7471 6640 7122 9129 7449 251 8266 2941 83 617 5321 5646 449 7187 641 4285 7590 3403 1923 670 9601 6601 676 5521 5726 1371 5227 4907 2101 6997 2177 5600 8657 8915 2853 2461 3125 751 7677 5533 5042 8057 3448 3841 1251 1393 
3856 8459 2093 2772 6497 7536 4593 785 9051 6430 7521 3510 2449 4444 1165 2589 459 9230 5833 921 6373 8039 7869 8671 8317 326 3641 8366 425 873 1905 8989 4097 5696 4385 9802 4493 4240 3523 5011 5185 8497 7841 432 3695 2901 129 2264 2713 3089 3714 2667 8865 7271 3121 5964 6402 6829 1057 9085 7605 5909 4706 501 2161 9409 3251 2725 7026 7993 6381 4279 4523 7851 1185 1771 6132 497 4520 4331 4131 5011 4471 8299 3241 1682 5376 2647 5421 9743 1673 5541 1001 7875 1721 5441 7516 5165 2869 6145 
1001 1213 8729 619 3140 7167 7556 1751 1425 6745 605 4025 2261 421 5589 8157 6594 5793 759 6639 1720 8481 7158 8385 7347 7221 2841 3641 9425 961 3551 4465 9024 6085 6637 7705 2269 1516 6007 9469 2431 2648 6875 3500 1146 1748 4335 9830 8613 517 566 8689 4871 951 7681 8071 5835 9437 7593 9327 2648 8528 4571 4766 6501 1345 3121 3209 4801 9633 4419 2013 5713 5999 5517 8126 7293 671 7607 759 9105 9809 2033 9341 7648 4221 3221 5005 9057 9929 4022 3281 1063 6741 5401 2858 7781 4521 3857 2437 
1151 7157 6898 3766 8285 5311 3509 9415 649 3369 3913 8265 8861 1051 1521 8128 8577 3921 4445 8872 3142 8569 5616 7721 1244 6945 632 9251 201 4774 3777 9469 4268 5031 5441 1405 8060 5783 9296 27 1369 5763 6340 1501 1089 9002 641 337 2955 5859 3549 3277 69 8685 501 7822 3665 7237 5501 3184 3449 2823 5812 6401 1949 3825 2441 7321 4511 641 4261 3161 2369 101 406 4984 2265 3761 4241 1601 3627 9965 233 7601 3981 214 3390 7321 5903 9368 5493 5677 5225 9156 7616 8297 8601 4681 9285 3301 
10 100
1185 2385 3437 821 3892 7985 7633 1649 7857 2689 53 901 4133 3681 4177 5801 3811 5108 5115 9509 2107 5337 9191 2897 9826 7 657 5109 6241 9186 1876 5713 3823 346 4285 982 7101 7249 6531 91 7103 8861 436 9073 5067 7363 5351 3476 1463 6979 277 6227 6721 8129 7986 7441 1009 9261 5585 1166 8412 7321 4285 8927 276 1349 6816 3937 9409 4926 640 9834 4061 1388 3709 4780 9 837 2249 8337 9916 2721 2036 746 2817 471 9302 9001 513 9845 8005 8771 3811 4841 2227 7777 2505 1273 991 9489 
8233 7033 2881 1605 1455 7041 6246 2985 4401 9473 2025 1805 7396 1291 551 1849 7134 1768 3809 1637 9879 6343 1506 7660 4681 2693 4596 7401 8695 4031 8753 6511 3015 4501 3001 5341 3769 3055 3453 7345 8057 6821 7731 3441 1201 9103 8059 3521 9923 3011 1957 1186 1605 4731 8093 33 5273 265 1165 1615 4291 8473 176 4485 7523 4441 1330 5516 6473 9985 2577 5129 4786 5089 1047 463 1580 7127 9963 7832 2743 5001 2331 715 8009 5661 1291 801 3284 8557 366 4136 2201 3185 4355 8031 1971 211 751 2193 
1849 6161 4945 5935 5251 6961 1801 6516 3855 1251 6468 8873 7651 3439 6979 8356 8149 4655 8785 4041 6903 47 3000 3001 4487 9977 3202 585 6041 955 9201 3857 3325 9221 5197 5761 7251 7825 7651 8181 8721 460 5996 349 2346 911 3843 5673 431 3359 7755 2361 401 5110 418 6585 6507 8142 9262 6055 6875 6796 3919 2001 4168 6382 1881 8210 921 5114 7084 8681 3537 9225 4716 9815 7870 4651 5760 3381 111 4275 6735 8106 191 4437 3561 5769 5033 2033 8459 4001 5997 3716 3409 4485 8261 5091 5287 4613 
9251 1376 5501 8147 4401 2170 6485 7921 3901 6041 4176 5329 4969 1051 233 5641 5860 4881 3025 841 6997 293 4418 4249 4126 6821 9085 6001 1221 8427 4461 4942 9028 227 8861 3617 461 5262 2771 8561 2768 773 6161 3097 2511 5541 1118 171 4961 3546 3646 5231 5641 6894 3513 7697 3453 5245 8296 2791 4469 5736 3563 9841 3832 2431 5219 3829 4001 2121 1441 1966 6545 3761 2589 505 2963 5597 4893 7981 1953 3609 9393 1426 4405 7521 181 7577 2391 5533 9521 5485 3701 9329 9478 5353 7196 5527 524 8601 
9346 5650 5025 9025 3585 2182 3587 6626 2831 7855 2446 3974 2411 6345 8805 4117 1980 1477 7147 8023 3524 1718 6769 7065 6479 2337 2877 6981 5549 4607 6321 49 3659 7145 6515 3788 4281 2145 1390 211 9783 9055 4991 2504 7564 1139 827 9498 4481 6907 3489 8901 401 6877 3163 4271 1174 945 305 1651 1765 5069 2616 458 2800 6701 4453 8225 3345 7473 9457 2240 9661 7901 8961 7593 425 349 5537 1716 7054 305 1975 9124 3329 2949 9183 7156 9834 781 1309 1721 1269 8550 8086 4121 5385 9229 7969 1973 
1275 6751 9033 9269 8501 7929 6241 9246 1353 2729 8375 2833 1213 2531 1236 5719 3801 7137 1165 1632 3651 5221 3146 5219 9159 9299 6388 4124 9339 2429 8225 5561 7919 1313 8981 9841 944 2047 5399 1834 5925 781 6001 4426 7777 5476 9033 5385 5770 7487 9739 5001 3875 9261 4713 1241 2501 8313 5652 6441 263 1913 3312 4779 4245 3166 8549 1361 5289 4721 6043 6369 44 5624 5293 2271 1271 4121 4621 8577 5349 8321 9475 8626 1017 8739 6221 705 3161 4265 2524 5876 8518 7501 8827 4389 9367 6748 1845 2561 
3958 609 4993 5151 311 2121 8937 1997 9373 2828 7270 3711 1684 1882 4035 5301 7772 1465 4493 8297 3657 5417 6161 2367 8245 8826 3407 6087 2303 1065 6839 5245 4893 3051 1186 3185 153 5120 2601 4175 1751 1426 1133 2155 4255 9241 3881 1559 2137 7608 7217 6123 2201 4526 833 9510 3015 9769 1741 3427 9397 9126 2481 186 6401 4659 9461 5747 1461 4454 3601 1765 1496 1601 5945 74 465 487 4860 6848 1651 4811 6771 3783 1885 2089 8577 1487 8950 1237 83 6313 3926 1970 6976 1899 2591 1801 1593 8315 
7636 9317 5201 8289 5625 7764 7477 1355 8397 5762 9769 8439 2181 888 4641 6847 7425 4311 8896 2091 7161 1192 3201 2645 51 1441 3411 5876 7201 8397 4891 8065 8275 196 7743 475 3385 8381 4865 4946 2897 7516 5281 7153 8891 5395 9075 2124 1809 2255 4390 3718 4533 9175 3411 848 1341 1326 8965 305 1765 8587 7297 3955 4753 7571 341 5516 4328 9021 7555 7969 8861 5571 7448 6713 9835 1377 8521 3065 4367 2537 3003 9855 6646 5445 6949 9998 9239 5117 5461 5781 324 8541 7376 1411 6451 6619 118 5700 
7493 4490 5001 49 9024 3001 4319 1911 6176 865 1203 6557 6081 9177 7136 6843 5117 4133 5526 4133 8517 7006 4458 8209 1389 3871 8230 5507 1316 5263 9850 5989 7513 7381 4596 9613 6641 4481 9905 7325 7901 3221 6301 2283 8248 5365 7076 7435 3492 8883 7329 4657 681 9208 8918 161 8081 2721 5277 368 2181 1851 321 4075 2021 5591 4827 2897 4106 625 485 6749 9459 3876 2503 8322 8276 5069 1021 2701 9296 9080 4912 1943 6948 6338 713 3537 2301 6561 2685 3779 3937 3199 6603 9449 2068 2027 1073 2251 
7179 7935 5687 7211 6448 3593 5621 6142 8992 5528 7177 9496 4101 8091 7631 5034 5114 1214 7083 4298 2926 2005 5222 9127 7271 331 1081 5477 9511 3561 3175 3876 9561 8737 4605 7521 2818 4405 1905 1289 2749 1647 2009 4180 973 8486 8865 3887 752 1394 4611 7475 1023 9088 3176 601 428 3106 6999 6353 8657 8065 5709 8921 1379 6557 9455 6889 9361 7401 6661 3466 4662 649 3821 4369 4282 3197 921 2049 267 9301 461 5808 8416 973 159 6352 2761 6255 2269 4233 4385 9481 409 8031 2220 9845 4860 312 
10 100
9555 5593 3201 9769 326 9719 4919 1577 1362 2273 6761 6003 1265 7606 8183 9741 431 1766 3531 4329 245 5071 1401 8023 3685 6686 3670 7235 8904 2002 4837 7740 4425 217 1621 8179 5265 7874 1915 1701 6081 4513 9594 6743 2141 2401 6036 2529 4989 2195 2121 7853 9778 4321 5751 5469 535 9975 2113 8837 4641 1581 854 8591 4771 3112 4229 6314 5863 7556 7849 1001 6783 4459 8569 823 1816 725 8408 6641 6581 8441 3349 2513 8108 470 1241 8817 4933 1276 5951 7458 8651 7715 1682 2306 3794 3814 4467 6593 
3505 351 6421 2753 1017 2795 9501 5721 2967 5097 7131 4585 5785 6209 4604 8776 5400 1857 2380 2236 8441 1441 8193 501 6419 3521 9017 9087 2705 9771 3081 499 3161 8261 3841 6461 8721 689 5681 5601 3641 6746 1549 1749 19 2909 105 9689 7021 4663 1767 181 5001 2997 5570 5361 785 6073 646 185 3337 9041 169 104 9366 2135 8574 661 6954 1631 1782 5601 6036 2241 7077 1922 2390 3931 6257 429 6305 5820 5818 2261 5517 661 9699 7001 6313 1128 7501 3836 8761 406 6311 5140 6951 6777 4211 5945 
4633 361 3976 4841 9153 9877 1030 1803 7076 2388 1185 3538 3028 6447 8933 6116 2058 2751 7430 875 1474 6925 3407 6501 5497 4404 4637 7585 981 6237 9981 8661 3507 9859 105 9224 6205 9899 3421 1252 2068 3275 5389 7215 5313 6909 9626 8487 871 4074 365 1984 3283 449 703 1081 4201 4473 3505 2366 5687 9710 1153 2481 3911 2246 919 4170 3306 1070 6033 2569 9916 5758 469 2056 1161 6625 2276 1577 6314 9517 4891 1261 5869 6757 7666 1721 5233 2523 8705 9645 6701 1896 7738 4111 3323 1264 6261 9696 
7997 471 3391 4357 5165 2231 7292 7601 6602 4362 1431 3609 9448 8541 8281 3653 6593 7362 8073 8638 9581 4117 1854 4251 7623 4827 6347 3405 8754 5651 7805 7136 8279 8929 597 9249 8740 7577 7769 3461 4932 8841 9721 8171 9086 9939 6201 9367 3897 1087 9403 5913 2131 8949 835 151 100 3313 437 3621 6023 9033 7040 7044 8844 6787 1795 2089 6431 7805 9577 9361 9436 3056 3585 4961 274 591 3529 3485 1569 8211 2929 6987 1317 561 9656 1689 6424 5555 8751 3967 9317 3207 4235 2181 6839 3073 2723 7041 
9225 3761 3055 5538 9721 233 1481 2325 1350 285 340 8591 2001 1772 6229 161 5305 2514 7385 1521 9125 5926 582 9569 7695 8561 3076 776 2461 4475 8881 3506 631 3191 3955 1169 9061 6849 4301 8077 4433 112 9661 1226 165 5751 2073 8705 9201 1937 897 9211 8555 7881 8089 3601 3809 5463 8842 1007 3833 4921 6440 2131 8620 3248 3461 5497 1692 781 2566 3810 3481 2876 2817 3310 740 6228 7528 1403 3885 845 293 5643 4846 7419 5551 8386 4201 1001 144 4319 5225 4953 8001 3136 5853 9011 5026 7863 
4449 4513 6444 9096 4961 6756 1681 7541 8977 6310 4902 7012 5711 521 2761 8901 8189 2569 7456 791 6576 7252 8436 4821 1 5385 3989 2345 7509 9854 862 8421 5373 8203 5095 726 9261 7297 6881 6341 6833 7583 3225 1536 8384 4135 2617 4713 5187 417 4498 7757 6334 9427 8287 8961 6597 4729 4171 4241 4071 6347 2525 6401 2362 8605 4593 7578 4316 5517 4204 3751 4437 2231 6757 8177 2177 6635 270 1676 8929 4231 2161 3401 3420 7634 6101 3941 8049 1501 6738 881 8867 5553 9591 8568 2556 9727 1889 1726 
5111 7861 605 3773 6731 5265 3980 2459 6601 2483 9411 8206 1823 8005 5583 4120 3911 2790 6253 4631 113 1497 3326 6753 2009 2173 6096 5129 8680 1543 7843 3081 7519 5809 1589 7449 2061 12 2867 8465 8825 2926 8028 8735 7729 8033 6551 9346 5101 6481 1461 5056 4365 5985 8001 2809 3461 2621 985 5426 9861 8842 5241 3461 8201 8401 3893 2551 5197 4741 6655 5026 7539 6541 3265 8641 4958 7056 123 430 5316 6730 981 5037 3965 8143 7401 2634 92 4596 3415 753 7457 3655 2079 5327 1393 6846 155 5181 
7291 3805 1234 1552 1725 3861 6877 8445 9033 2837 7275 7601 6613 8241 5163 29 8086 5320 747 9531 7401 7668 8217 6977 2756 8609 8949 6001 2664 6105 2616 5841 2785 7101 6201 2091 6 8429 4573 65 9809 209 5211 9833 8519 4327 3702 5923 8081 6627 975 9172 7906 1435 9421 2531 313 5017 2961 5581 8895 5329 6141 2577 2245 7557 4625 9287 2674 1484 6937 4131 7677 4469 2639 6326 8866 3369 7473 6601 6609 9769 3835 9937 7574 8441 9025 5389 9233 3627 7965 5216 5409 7197 5513 404 6857 6041 3589 8449 
5731 4636 6977 1232 5651 746 4177 1001 6593 4519 2525 9121 5517 9557 5360 3301 5361 7280 2493 2201 9570 4460 8271 3289 9099 3289 3751 9233 9836 8297 1621 3134 365 3931 4326 6025 814 3776 5331 5513 4233 1513 7896 8943 2739 2852 2480 657 2059 7723 5871 6581 6997 5427 9751 8155 656 8324 8089 3146 5951 1926 2033 967 2961 5464 1385 7041 557 4059 6851 8350 1673 9463 4501 6242 2335 291 6269 9825 2149 9021 9857 9345 172 2178 5221 8401 1331 7201 8801 2416 2501 3551 5300 7761 9080 811 776 6605 
5012 6691 3605 331 7129 4986 7651 8841 3665 2401 5645 3441 7778 4441 8971 6087 6705 431 6160 4907 5769 2753 6106 4669 4576 6353 3301 3021 2361 6114 9513 2309 9521 3335 1433 6372 4466 6673 5771 6275 2538 1865 511 6250 8008 4972 1445 273 8111 4251 2117 6943 5231 7403 4772 8617 7606 2641 1907 6201 4801 4471 3841 5749 7393 9115 2769 504 1801 1693 6323 1503 4853 7152 9406 9233 3517 9613 8119 8825 4491 5493 6241 9339 3751 8641 9182 6596 4111 1961 5181 4837 91 5735 8569 9757 9662 8077 7489 6237 
