1
100 100
9769 791 5201 4409 4009 379 7858 4575 4006 7297 3081 3565 2417 8021 377 7681 7853 8873 7638 8481 3626 2581 9377 851 1905 614 833 9233 5023 5399 9438 2545 8583 9816 9621 4897 4801 6621 343 5277 591 8927 5681 2273 1517 1361 9393 7776 31 7547 231 1676 4746 5751 557 8281 349 95 5922 6 2841 3921 2374 5671 3777 241 1321 2301 2797 3973 5919 3401 8029 5161 8267 6274 4001 7089 1345 1411 6809 3246 7991 1448 6677 273 9935 6201 4315 6453 1077 4001 745 7352 6371 6249 461 9227 8565 3489 
6471 2529 1667 703 1009 7723 1961 9439 8161 3976 3421 7280 2826 7777 3959 2690 7560 941 1251 8721 8061 5826 2631 317 8721 2867 349 5435 4689 7524 549 4753 3855 3941 3209 4744 8440 5126 6901 6688 9201 4819 6253 7603 5210 9319 7978 9233 7749 2841 7649 5605 9013 1256 811 8625 3805 5751 5301 2497 9167 1551 3092 5713 5589 9517 7941 6427 363 8206 4886 7558 4487 7113 4601 2661 1910 3801 1343 6377 9383 951 5089 7045 6630 2991 5049 2963 2481 8657 4415 1339 8179 1737 162 3450 9761 3869 5337 3553 
7751 5132 7377 6289 2921 6642 3173 2211 4275 2651 6673 2464 1604 7918 9403 922 9621 5023 1649 9345 2641 3128 9591 7853 4121 7009 3395 9295 8231 7531 5009 1873 2385 1431 3265 8433 8545 1327 8953 4261 7827 4898 999 4609 5626 1153 5697 2466 5124 224 1544 1681 3467 3879 2821 4551 3151 4501 2341 2235 2209 2936 8847 8948 7309 6077 4586 8823 9007 5582 7465 5030 6071 8124 3766 255 7847 5128 5979 3064 4845 6293 2913 9041 7505 2484 3907 3025 1197 4474 8494 8457 5345 4177 7581 5436 5869 426 8626 8018 
3649 2069 2273 110 5993 9669 8981 296 3653 1571 2465 8961 4173 7835 9811 1619 6571 7435 6209 1917 5586 7053 9204 7881 7469 3737 89 4699 3985 7545 5979 3831 9264 1801 7904 2839 9261 3617 2727 7504 4187 6351 8609 4491 2381 3129 6096 3173 5279 3984 7617 2001 4977 9659 7051 7045 4517 7249 3987 2666 7373 3071 9301 4267 9413 5977 993 4031 8991 5476 7581 2010 2579 863 3751 3819 7689 5309 6001 8817 6614 4246 3635 841 8609 7781 9701 438 8661 2141 9921 4401 6601 1582 8837 7485 1237 849 6697 9469 
3672 172 7114 1163 2101 8194 7995 551 1505 5353 7615 9361 8943 3808 2391 1701 5265 2616 4537 6940 9126 5881 8997 8801 2753 2662 2897 3091 7221 6625 349 3053 9385 9586 3617 401 326 9559 7413 92 5774 995 7579 2641 7297 1433 3575 4661 2507 2025 1373 2865 7421 7506 2110 4646 1141 1928 8246 9241 2601 5472 4863 6761 6251 6365 2201 7176 5065 7761 283 707 7409 9361 5341 2529 3531 3983 2769 5755 5558 7926 7827 1991 5089 3564 9425 8639 6739 451 5796 3665 6346 5731 2801 1054 7537 6249 8241 9445 
880 6489 1761 7800 2784 2345 5373 5665 9932 8449 9596 3385 5173 7601 2019 615 2556 3394 4475 9729 2761 7249 9333 7665 4626 9989 3126 2815 8950 4027 9526 3899 8775 1381 3954 6581 3665 158 6008 1126 786 5541 9180 9261 8084 9621 8481 882 5581 4141 7643 2205 5557 8978 332 1865 5681 363 9355 9029 3491 929 9115 5916 1971 3129 4665 4707 8705 2385 7741 6511 363 2499 8172 5676 8339 4541 169 6912 8161 9655 6391 6674 2656 4721 8821 6240 1140 8261 1763 1129 7731 7713 2471 5816 1361 1244 4647 7270 
7501 3321 1047 7595 1701 8701 271 2952 4251 2645 1611 7031 1956 4510 3075 3265 6217 1331 6415 5129 8685 2821 8189 5039 6881 7747 7499 666 6078 6495 1241 6753 7483 1602 5041 9520 8679 2331 3152 46 364 4977 4431 1991 84 7465 1931 7381 6881 2606 4718 3041 9649 9181 1131 4199 2765 3581 7434 1615 1737 8555 6561 460 1881 6625 3655 9447 9801 6585 3899 6089 2103 2141 1384 2401 5107 3241 6244 606 4696 126 3317 7929 7349 1610 3626 2500 7021 5356 1963 6945 5101 3337 5889 890 6525 8098 7076 3396 
7844 5223 7636 4745 8800 1343 930 4066 3681 128 7441 9851 7390 8476 5996 7726 3241 4359 6399 889 1061 17 6769 2601 465 4529 1104 1457 4673 8237 8996 1953 1025 8671 6867 712 9343 7308 8525 105 5039 9751 4417 8191 2751 1887 8066 2241 1217 7041 2881 6552 8453 6925 179 9681 1193 8111 9537 9755 4831 8665 7561 2068 345 7823 7673 8605 6673 9262 3051 941 2667 625 3121 6497 2927 749 6589 2000 3210 8011 8069 3887 9536 9427 4870 2167 7434 61 5733 5271 8157 2929 4522 5536 6287 9697 7009 745 
5387 9479 5694 4925 9845 737 5616 4225 3571 3226 2977 3265 705 9981 4400 5821 9072 1 3897 1768 6618 5287 9416 5193 2251 241 1025 8101 90 553 8532 4488 988 2802 8616 1377 9466 8681 5404 9049 7125 8625 7375 6217 6240 454 4267 7099 7923 9561 4951 6461 9795 7141 5437 7201 9229 4552 1321 721 1861 6677 4633 8320 2979 2874 2997 7763 5571 9228 4721 8885 765 391 6823 2751 8969 2261 8785 8881 7495 601 6241 9186 4144 9121 757 6393 4906 7793 6686 9501 9951 1753 981 1158 5771 6245 3539 6401 
118 5457 1342 2401 6074 3174 8741 1317 9525 514 2593 445 7666 7369 5610 5219 7935 10000 9861 4745 2869 3711 4397 3626 5387 7201 7666 8121 7073 873 3505 2896 5647 2593 8169 4657 9101 7878 1143 3521 5963 2363 565 5138 1771 7197 6317 8297 5051 7875 4982 7599 4337 7073 6286 3194 9649 417 5905 4577 9345 7865 2657 4831 1926 1905 9169 6064 1041 184 1601 7795 9027 991 4920 1223 3768 5871 5577 9025 3488 9493 7689 5074 6509 1491 5415 8392 7216 558 2416 8624 5771 7377 2977 2977 3609 6754 7521 3022 
453 4221 1361 5021 8341 628 1541 5313 8182 876 4301 3555 9250 5894 3841 6266 7745 5567 7538 935 2531 5105 7150 9341 4062 3756 1725 8333 9354 3259 8525 7673 3856 8657 4411 2842 9483 4081 9401 1887 9135 503 422 1715 8385 8017 6109 5728 6673 6525 3001 9279 3761 1425 9541 4105 5449 3259 7077 2037 6637 5865 781 5553 6795 6066 4161 5969 3781 7086 8526 3721 4761 2737 5887 809 6745 9757 6313 2389 4812 9320 9826 3991 2561 4402 9477 2153 105 3157 49 3804 4001 1049 6221 8295 8291 8377 3897 7673 
4727 224 4289 8131 4651 7651 6999 8557 6245 9362 185 6691 2863 7169 6051 2391 2491 386 7041 3167 274 4345 73 8585 7401 6249 750 9101 1458 1829 9503 5508 5317 1459 2999 2330 2121 9839 6991 6841 5651 2186 8551 8537 9426 3738 8981 9441 5329 2304 1826 9369 1658 975 3153 2688 9305 2486 5573 5157 7101 2822 9313 1077 3961 9261 746 8938 6144 2981 8330 9431 7985 7649 4277 819 5761 5207 5021 9524 1622 6369 1981 1703 2288 1313 4948 7247 9233 6869 7622 7984 9713 7198 5086 9111 9251 6751 1152 6733 
129 29 6311 9973 2086 3767 4940 3496 7697 4298 3449 8391 6915 5685 9269 2367 1417 1509 3210 1793 3621 3875 245 7765 6657 9724 6113 6037 1841 3329 6501 6780 9710 938 4465 1089 198 6504 2081 6499 221 4403 2401 2474 6461 8739 8361 2309 2133 4593 8079 6330 3496 132 1226 9270 9019 5869 4979 6899 8376 7823 2361 7321 2571 5666 6303 125 5112 7501 1361 44 1013 143 4516 5855 9650 3385 446 8720 3865 3151 6553 1901 1905 5789 2221 3897 593 3277 9034 1033 3261 8549 9691 5431 9913 9011 1478 9423 
2597 9814 4109 4705 4565 9191 989 251 8829 8105 1757 5314 6971 8533 566 2505 6665 4809 7042 6173 2788 4666 5466 4775 1381 4133 427 5992 4977 3368 3133 1791 8671 1683 4482 1729 1000 4025 7929 2561 9554 1970 7735 9357 6201 2373 1012 7553 8528 6516 2235 7565 7211 1625 3085 626 9673 3737 2673 6309 8684 7677 807 8925 1321 353 8312 7998 4999 2196 2348 3456 8523 9929 5137 1591 2749 4785 7575 6233 2275 3622 307 9332 6193 1461 1141 8601 4252 9500 9904 5960 7869 2961 4981 1191 2854 8627 8205 7173 
9170 1831 9461 631 9356 9531 4711 7897 9681 7503 2441 9433 9061 2799 9136 9169 1091 606 8431 535 3023 6455 623 2449 7581 9376 9530 9341 321 9101 561 6815 9945 9065 5573 6029 9457 6717 4571 8678 4114 2644 8001 2393 2719 8865 7654 6165 735 3926 5111 3478 8460 175 6114 6161 8341 9058 5001 1711 9057 9732 3461 9482 8697 5597 9121 707 9327 7685 5141 1022 5001 3852 749 1597 4597 3781 4549 1841 6300 5256 8454 1185 3031 7258 5033 817 5907 4889 2249 8785 8079 9221 4291 5201 6272 6910 3707 7189 
7617 105 9518 7573 5217 4997 5559 8829 9947 3215 1201 8641 9169 1885 7240 3667 1072 1273 1990 8787 3571 4993 3785 1135 6961 7956 4074 8141 9681 7305 2417 9056 7201 1653 3249 2387 7645 2561 6399 7386 1863 7469 7361 7773 652 8197 2251 7559 2935 9726 9441 2382 1256 7896 7574 7797 5074 7519 1245 1525 4721 4107 9619 955 4585 6169 5241 8946 233 1547 641 6007 9329 7621 7871 8047 4177 9218 6032 1 1687 3415 951 2249 4596 1685 2131 5773 5455 2856 8160 1585 2131 292 5969 8128 5560 8441 8777 601 
9754 6663 801 8173 2717 2571 3145 5763 8426 9641 5879 4603 642 5481 4040 9749 4658 691 2215 8061 6241 6895 4911 1977 7328 2049 1497 2902 4388 233 5951 1830 2141 5041 351 6241 4841 6739 2043 6533 4823 7093 761 6889 5012 8729 2769 7057 6025 1509 3251 4029 7800 7025 6076 5017 1 4885 2851 92 4337 9905 7025 8015 6717 3962 9147 9468 3137 9591 7771 8340 8217 8175 9791 8462 185 7577 9241 6383 9363 5251 7306 61 3041 753 1321 985 7041 9761 5357 8353 4454 7681 6471 3062 9641 862 9512 8621 
2435 4693 2177 145 2166 2894 705 9869 2321 7501 5441 553 8797 8921 8211 9345 5013 3769 8742 6193 5917 3261 6264 2461 7942 5932 9401 1687 6126 5326 4778 1507 3051 4001 3176 4477 4273 75 8016 4369 6241 4024 8471 5811 6064 2621 3905 113 4836 8950 4201 4858 6051 7025 1304 4799 6207 5561 7689 802 6942 4425 9161 9642 6645 3866 3736 2671 3729 5181 6305 6321 4680 169 7660 2470 2526 7761 4459 7401 1991 981 1479 3738 2307 6061 1769 7681 3761 5626 8429 881 145 247 1439 1505 8157 8321 6154 2696 
2526 9807 7569 1453 2776 785 6886 4001 5047 6957 2822 6373 2776 4260 3833 2795 521 3513 3994 4293 9237 8715 3183 745 8044 4700 4230 8752 6541 2897 3441 1104 9800 581 2157 627 6351 5905 1145 6741 7002 7001 2177 7395 4585 3637 709 4033 4493 3577 7691 9334 8241 4937 6137 6427 901 7965 4856 5611 9215 4270 8713 7341 801 7371 1525 1101 2986 9317 8523 905 9975 9765 5399 5053 5831 2945 6831 5867 3265 1800 1657 7401 8881 7773 3604 691 8627 6658 9041 5792 3340 841 4768 9946 6735 421 9126 5461 
2991 6871 5514 5999 6971 4974 7801 811 1491 5921 9014 9311 4835 492 8598 7061 9821 5063 9493 3617 2776 9676 5639 1151 8576 1326 7681 6771 9673 1645 4131 8401 8257 2589 1871 7341 5985 3751 2026 3581 5061 7153 8310 5901 8905 9746 9095 707 3939 9923 2705 2049 9475 7637 7385 2011 9846 5686 1541 5097 4249 1867 3329 6853 8561 8826 6057 9004 6433 8004 1141 299 5931 4081 811 5036 9435 7689 6702 8415 2929 2831 2861 2852 6836 8829 5889 2035 425 8233 8076 8443 691 8673 9621 8542 9637 881 8001 4671 
4654 4007 8601 33 4790 5222 6483 1747 3131 6315 2953 8187 6387 7687 321 6021 1687 1559 8901 3281 1651 5237 1071 9201 8693 8637 1321 2886 7195 657 3961 8240 9411 1232 4901 8668 8032 6133 1588 8760 8425 651 5066 6721 2763 9601 7625 5402 7576 8533 5353 8386 133 4169 5767 3483 5409 6481 4149 129 5772 2983 1027 2465 9249 5401 5686 5957 6923 9921 1251 3481 3649 6497 8483 5937 925 6970 2374 3141 979 2277 4725 8673 1061 7252 7933 3261 3411 8613 3321 2749 5943 3799 9061 9078 625 9806 3911 929 
5277 7889 8191 4775 4431 6152 4511 1199 8711 8251 2366 7209 4360 7357 9113 7221 8217 7808 6309 5890 3154 9525 4623 8221 4863 3694 4731 9816 9385 6541 3861 4779 4233 4384 6476 9846 2065 6341 6425 5681 6808 8781 9056 3481 9123 8060 6301 2427 3427 382 8497 849 3441 2981 9581 7541 915 5171 8653 961 1997 5145 4775 801 7629 6001 5349 2561 8029 7049 6011 7513 5646 6793 705 8165 2141 7201 4413 2071 7931 1593 7931 3194 6217 8899 251 6141 2103 5426 2001 6209 8001 4651 7370 8605 1001 8098 7919 1691 
3841 5021 3591 7531 8481 998 7887 9877 6533 4587 1076 2019 1541 3151 2705 1670 8881 8867 8671 6451 2526 705 5121 7281 2481 3071 6031 2689 9625 3241 9009 2226 6017 3631 7473 7889 7126 8933 3090 9072 4869 4881 5554 816 2110 8669 763 9198 9151 2255 841 8704 2936 6711 31 1561 551 2853 4161 4745 1301 1249 2481 9745 2355 7303 7737 2585 9665 1701 7717 6377 219 5846 651 9357 4773 9527 333 6876 9446 3491 4521 9464 5591 784 9779 8209 7393 4615 6039 3323 5289 1763 4210 8471 839 8246 2680 3481 
1108 9516 7681 4570 5478 6985 6445 3485 6594 2385 9205 6323 5022 4587 8626 6370 1901 8505 3751 2079 163 7125 4886 6629 641 1531 8641 949 8381 2771 3313 4830 6394 4394 5441 8000 481 8105 4414 9756 9989 9394 7409 2439 7903 949 6458 5353 6626 7926 3567 8685 3411 9893 2069 5611 7219 8665 1421 6097 3098 1057 6679 419 4215 8273 7399 673 1901 5176 3364 8382 9738 4853 7581 2039 408 8951 951 8465 2289 3464 8076 6097 8770 6838 3701 3147 3059 8851 6153 5441 9617 5271 6736 7069 8403 9761 4715 5001 
6986 4043 659 8151 1513 7891 7085 2207 5183 4423 5761 9376 6069 7821 5177 1058 7185 2757 5405 5437 8144 8411 9860 4833 9292 1040 641 3576 6469 7521 6133 1 8626 9761 9517 1097 8038 456 7513 6497 4876 8305 2721 3316 9614 3121 1103 2914 4625 7731 5194 285 1526 3983 1009 9249 4661 8514 7427 6589 7905 4481 7097 7276 7784 1663 6331 5470 4049 3792 9521 6571 8556 1611 2085 6149 7766 9625 8845 7101 1320 641 9073 6251 3045 8233 5151 8027 3301 7471 757 2204 4332 8382 9213 7991 9679 5011 8125 2417 
9527 1897 6341 3921 69 837 878 2309 5244 7425 6925 5160 89 7291 3437 113 8701 2561 7733 7618 9046 1053 3137 3661 1361 6895 2415 6557 9233 5907 3547 6635 6528 5586 2699 4447 5041 1072 7380 701 3023 7749 2501 3137 8035 8442 9601 4989 9295 7401 7725 6322 8521 2801 8295 2876 1577 4424 8208 4041 7057 837 2757 2565 89 7935 321 5617 9631 8781 5561 4505 7409 3319 5911 9841 8341 9956 7206 6891 967 3489 7234 1311 2958 7360 1101 5588 8673 7125 5024 1075 5519 3153 529 1073 2826 6251 1037 585 
4021 805 3420 2042 794 8209 6893 7536 5053 7585 5451 4697 2593 7897 6945 8741 6170 5055 1271 8225 9905 6525 640 4641 3083 3746 8329 6225 4340 3894 8245 1501 8353 4465 3681 6537 3425 7633 7649 4191 4963 33 9111 6411 2264 74 5281 467 706 5299 7731 7867 6871 708 4866 8351 8381 1571 4947 1005 5001 7561 6521 465 3281 1620 9355 4111 2283 4840 5519 2957 6746 3456 6251 3699 1717 1282 4409 1501 9096 4753 1821 7629 3439 8425 4956 7836 3337 6317 9831 3381 9697 1886 5558 7611 6473 4839 8961 3591 
6862 59 9531 775 5817 2868 3354 2304 2209 2664 1227 237 3626 8273 7483 5002 2101 1277 2381 5903 6671 3577 5577 9025 4791 5638 4776 5980 3233 6419 3639 814 9838 4397 5410 2738 4955 3890 5051 3677 5527 7973 8949 3576 7713 8009 1060 26 3801 9123 4328 6625 9681 2497 2274 4684 2456 9527 9145 7067 3585 1363 4092 1709 936 4130 4153 8697 6637 6661 5821 281 4467 997 940 3091 5070 6797 7668 1436 5876 2420 1401 9317 8513 9605 2661 5251 3839 9101 5289 7942 1351 4776 8571 9949 6691 8779 9089 1955 
7885 7799 5443 9495 4933 4966 2839 924 777 8390 161 8247 296 1549 2043 2785 5491 2084 8270 3012 5069 529 1901 5351 6855 9712 7357 3005 9981 846 1313 39 1521 1991 8390 8892 5985 5833 2695 6929 4809 1705 5538 5 3259 4905 8071 45 9221 9296 3102 7072 4619 268 251 4889 6237 7189 1745 6403 9525 1825 3196 9809 7241 2895 7129 4911 541 4361 8971 7189 2461 9401 7453 6651 9009 1 5144 8106 8971 273 9512 8051 1601 2420 864 9377 4788 8626 8001 1796 2741 9913 2885 4443 8193 3649 6511 939 
5273 5381 811 2094 2410 105 9201 2821 4561 7836 5753 367 6469 4211 7757 8001 1901 7494 6601 4071 4941 9932 6038 2961 39 3761 787 177 6887 1117 7393 4401 7657 441 449 2725 5617 811 6726 5169 8969 1667 7711 5375 7021 816 2107 8907 331 891 3102 1575 4637 4937 8825 6646 8395 9713 8311 6155 9041 4361 1514 3384 2541 9361 6625 1303 8925 8554 2569 1024 9901 7068 1146 5109 8833 6179 1409 7779 9763 5371 2907 4321 1776 2827 2051 1809 539 9741 4935 5301 5991 3544 1773 5527 4351 4441 7337 6258 
3819 8765 1846 9771 2183 4361 5619 51 8502 4243 225 8753 97 257 1745 261 7774 289 7185 3318 173 3456 4708 8981 5201 8449 2301 2321 2865 8832 7687 1921 6470 6481 7427 5042 2625 6236 5020 1841 5958 9265 9657 5461 1969 2495 1671 9313 5923 7072 6105 6021 5687 1847 600 6862 9621 7553 2189 473 8401 4947 6001 1433 7566 4117 7091 8687 5450 6189 2631 4915 9125 5381 2161 249 4785 9997 2461 1235 7657 3156 6279 4 5761 1597 6631 4933 3923 6247 8966 9284 6415 6982 6963 7963 2685 8095 4161 5481 
8851 6816 1649 1821 596 5671 9637 4613 323 9557 1015 6666 7267 8453 1497 9861 7213 3615 6950 3845 801 9153 5967 2061 1959 3844 5087 9625 6761 6417 6649 3441 5858 5488 8257 549 127 7137 6785 3231 1045 7863 4311 8581 4367 4941 109 3149 8427 1381 79 7809 8165 8953 7319 3099 4697 5985 1241 9801 5603 6985 9847 7028 2821 5287 2841 9381 6829 8797 6481 4182 2787 9283 7262 3059 4845 6884 9331 1411 737 1329 586 5900 63 993 6783 8167 3103 2800 5981 641 9213 353 905 2535 3236 7997 2906 9229 
7853 8671 1497 7414 5751 556 7179 6191 2930 397 3681 8779 5821 4723 9106 2043 2065 4849 8970 4416 5910 4455 7011 9609 121 1245 4825 1009 725 8823 2114 9827 8431 1696 3827 7751 7022 6200 4998 9647 7645 8995 7241 7473 7787 9666 1740 5591 8572 6705 5383 2857 9701 3808 6720 2221 4440 1404 6001 5535 2211 5089 1853 2861 7019 7572 7082 9168 8973 7193 5547 6399 1253 1983 8281 6773 807 449 4627 6493 4241 2111 8781 6705 6011 8333 815 6330 713 6516 857 219 1331 8041 3307 5769 2239 8126 1031 7288 
2801 1898 1482 6809 9316 8104 5559 3113 1513 6549 7415 5729 8337 9320 9455 9155 8185 9301 2877 9330 2582 4046 9428 1528 2801 1725 1838 1205 9596 6993 5214 1576 1876 7573 3015 596 7716 277 274 2473 3527 1699 6301 2363 2047 6979 9046 5996 9561 9179 1146 1219 9489 6957 7869 9381 200 3469 8319 491 5623 33 1862 7591 1041 7695 8010 5547 9267 1504 9234 2465 4777 9785 5281 4598 2199 179 6429 3587 3111 5335 2194 7841 4433 4286 4541 3160 4703 9767 7681 6916 8156 307 2116 8117 561 9510 58 281 
2273 2991 1444 9105 3785 1238 9953 2156 6689 7915 2831 6793 8268 1629 8651 4523 4035 7251 6271 3806 4611 1567 1359 1351 4129 7621 1183 8501 7935 2241 6401 3826 6610 8460 3333 9468 6425 9833 3836 6985 826 2325 9712 8305 5749 8223 7401 6787 9937 3937 6245 4100 9841 7107 6746 590 7159 6375 2081 6913 1525 7318 5116 2736 4097 2251 8363 913 6519 1138 6361 231 3729 9865 9178 6936 7347 1929 2388 5491 9509 1523 7497 9969 7734 7765 2001 7159 2617 5262 8943 9461 7301 2621 9721 5481 6073 496 5531 3833 
9085 3151 1723 2217 2526 8763 8865 4448 1251 1903 2995 9756 2412 6969 705 4977 5289 4771 4271 1577 7176 862 9405 7533 1681 6301 9381 8517 7001 501 701 6392 198 527 2573 7091 81 7986 9181 6577 9245 9054 3345 4611 737 8641 8306 1261 8037 9558 9273 2012 7035 9300 191 1 8805 6913 2831 2165 1111 4096 8776 2652 833 2916 7918 8753 3599 7154 561 4142 5877 7121 447 8152 8630 6417 4553 6001 6681 9521 2941 4461 9557 8055 2261 1031 4831 2817 5627 605 5313 2951 5535 4695 121 3633 8163 8765 
1441 8887 2966 7620 3869 1116 1889 2505 5388 2869 335 9521 2051 7069 7153 9351 4365 5243 193 1251 7723 3092 601 6328 7772 2904 6304 7759 6395 5727 7725 6609 9033 5004 734 2561 8637 3906 6188 3771 6593 2581 5476 6806 9529 138 7881 3904 3201 1201 3201 7077 34 9664 3771 2954 7201 4921 3539 5442 397 7856 5172 1169 3537 1365 6391 1193 8962 1841 3165 6838 9809 4909 1253 3113 7217 9994 7425 4484 3746 5682 2711 7470 8173 6171 4500 533 8565 8516 4540 9845 625 8559 3655 8522 3036 9589 1860 5165 
9641 3821 6957 7201 3341 5131 4831 125 9096 8668 7825 9798 8258 8763 1395 1526 3206 5537 5697 9993 1529 6001 6011 8796 6900 2837 3275 6498 172 7272 6282 4464 7091 5511 3639 3667 776 6501 81 3901 8081 9963 1117 8705 1472 8657 7045 3384 3193 5751 7273 5798 8847 4232 3061 8254 549 1435 3085 5208 2265 8282 4749 4980 2531 5831 718 5850 1691 5232 504 2491 7553 2241 1489 3793 6461 6241 442 4081 5950 3759 6212 2726 2744 3651 3296 421 9070 8401 8901 4291 3477 9209 3549 2545 3473 3945 2921 8481 
81 5176 2856 9901 8030 7189 3731 7476 5697 9621 97 2133 743 3521 6996 3120 9757 2376 5901 5301 5631 4547 5360 8292 3093 5465 1121 5846 9425 541 6497 1017 27 7223 8161 4001 6379 8001 1555 8321 6606 728 2806 4931 794 7205 6890 5133 5925 7185 2801 1845 7961 2628 1862 6211 9894 416 4054 6265 1337 1553 4543 8679 5348 1863 2770 9961 8693 2987 937 6393 5041 1511 838 137 2994 2929 7071 7345 1825 1936 2205 6530 8811 2277 3961 4695 4931 3361 1254 1921 4748 1673 1771 9231 6157 5494 1559 763 
4684 5042 4705 2161 5625 2271 792 5640 3265 4801 9601 4285 5938 5035 6353 8141 7697 2161 8665 6049 6241 51 6351 2969 5095 8184 2929 6065 361 3858 7223 7301 4956 1527 4919 2129 5373 2952 9385 7201 5489 709 2812 2657 8451 4204 1886 2297 1019 543 7413 7613 2449 2231 3264 1233 5831 2235 9702 2453 2265 7183 6638 7361 1526 1976 1843 869 9177 1185 3887 5637 945 4399 1701 2437 651 8287 3367 7991 5856 4015 6393 5265 3439 2823 8186 6753 3406 6153 550 9089 208 3137 9075 3053 539 1831 7981 4229 
8571 5841 565 5937 9061 816 7835 9997 7867 1696 5005 2893 5997 1251 3679 210 2301 4347 2401 3456 2719 713 4664 9997 7573 5425 5910 289 4006 9451 2051 935 1121 9793 7569 2522 8316 3979 7087 8567 7483 2921 3051 6001 7065 3946 1905 4041 9889 9293 4525 5681 4849 8851 7829 2 1451 7081 8609 3353 9071 6841 4401 1007 1251 3585 7517 1251 8716 1673 7353 861 254 6273 433 1513 3003 9541 9457 5923 5521 2927 7241 9942 7449 3643 4120 2287 3477 6375 4761 9713 9911 4879 9151 1759 4113 1025 401 6281 
1673 3210 8541 4081 3126 8643 2753 1021 283 1662 7461 5421 5364 5793 8886 3221 8643 7367 829 8055 8892 9365 7143 990 1994 5695 998 17 1713 1073 3141 6969 451 931 7485 4323 8592 4648 385 2051 9885 195 5681 2505 2808 9457 3910 6745 6106 1391 802 5151 9339 7833 7969 7367 611 5635 4638 7821 7241 6211 5017 9105 8456 2365 8563 2976 6461 3637 1075 4796 7576 6617 9421 7961 3389 4101 4711 7577 6136 1715 1488 4307 3473 6905 8941 3415 5001 9305 6204 6601 7645 6033 9413 4841 5641 4321 6501 9261 
2523 5661 2705 4225 6127 3649 81 2417 99 3710 8580 7997 4611 3685 6255 8148 8295 5037 6127 4909 101 9075 8701 5681 3619 4657 9429 2237 6273 2905 6053 6961 8996 7413 815 6033 8421 6089 2269 4461 2738 2355 5306 2821 9832 8803 449 9751 871 1719 6126 5835 2495 1201 8241 7182 8341 1705 2639 4676 4029 8321 7365 6224 8625 2296 6459 4859 2081 5031 5121 6353 7531 7776 2413 9748 3096 9715 6617 7129 7991 5836 7897 7636 7091 736 1106 7766 5574 6567 6722 6093 1397 3436 5109 601 8161 279 8785 8470 
3161 6008 7681 5936 1685 7951 2813 7351 5631 6305 5447 851 3435 4420 7185 4241 4411 2777 2795 1071 1495 965 1331 795 4085 2337 4805 9102 8101 2221 2589 6851 5658 1309 3365 1383 2118 1380 5721 302 6565 7414 9682 9969 5575 1537 8808 6564 7609 8490 1397 7151 33 8813 9270 9241 8491 2947 4868 2701 6341 8877 9402 7548 3154 281 1965 881 6633 1793 2566 2193 3729 8249 8141 4177 1959 7326 705 2368 2429 2585 9959 2162 5660 7767 1646 570 2323 2220 1901 3185 4715 2208 4978 6237 2173 1301 6142 6852 
3113 3102 3246 6601 6667 1571 9409 3270 6753 1691 2251 1629 3021 6361 3621 5785 626 2146 3796 3828 7021 8147 8545 6883 8151 6791 8344 4915 12 3781 127 7851 781 4949 191 2085 7146 9346 9123 6702 7305 1807 457 557 9137 1435 3805 582 93 7889 5291 2411 5431 1971 5999 497 4224 801 9281 5033 9255 3203 3273 5812 173 4353 7632 5217 6585 5466 9416 3135 9373 4106 4897 7101 8559 1773 7645 4931 2781 8026 2725 2049 2849 6197 6357 7701 4697 6771 4301 4275 3793 2376 6466 8815 2836 1327 8426 3401 
4065 3296 1385 5583 6011 183 343 5746 2039 9781 9651 4334 1097 2351 4883 3601 1961 2819 6039 9455 8209 2736 9897 1931 8417 2066 5240 531 8321 5509 6801 6416 4206 3263 5937 2183 9334 3585 373 8906 1953 6461 6107 8263 5229 9278 9773 4689 3659 8297 5167 3905 9137 9101 2227 7201 8873 3665 7906 195 3838 2469 2973 1302 5161 7763 5409 961 2987 4429 9162 5112 1808 9909 4301 6066 311 7825 7539 4418 3353 7257 9101 2921 5270 7865 1972 7223 9755 4679 7921 7393 1247 4193 8353 686 3341 9409 5985 9289 
876 2376 2499 5847 3712 4307 195 1309 7816 661 2485 8947 9680 5803 1759 5009 3343 9919 3481 6026 3258 2063 4153 5206 1255 353 2566 9261 8113 4246 7018 6051 4931 9905 4921 7427 3645 8666 1149 3291 3499 4932 3601 5715 4801 5293 5384 4386 367 1435 1388 4703 7021 7379 6711 9270 2641 9063 1566 4745 52 8483 5713 433 2957 4695 4776 7823 8769 4493 3653 2923 3128 8633 7577 8273 9703 1425 7608 6541 7772 496 2093 8121 6104 7326 9777 4376 5176 2126 6647 4554 5117 4905 3939 4753 1169 9119 7231 5243 
4531 3931 1290 9061 9801 6085 571 8215 2344 3141 3273 4624 9251 5541 5232 3480 7331 439 6681 9585 2861 6657 4836 727 6943 3631 9438 5547 5241 9981 4857 1153 2769 4071 4416 517 8720 1000 1711 1633 7592 7909 9990 2421 1576 3297 1501 4561 9605 6866 1157 4113 4351 4863 5642 8557 4542 9617 4093 2537 765 2657 1541 7172 2251 2526 377 5043 6481 553 1921 3752 7862 9992 8788 981 4516 1773 1115 6101 669 1749 8626 689 6419 8081 6205 6411 2171 7276 1217 9329 318 4736 6180 1391 7416 6811 4932 1181 
2460 8343 5474 9909 1273 9266 4121 7193 4238 5201 8988 9249 5651 1767 9659 1985 9461 4747 8845 7182 7493 2419 5312 655 9541 4955 1156 4770 7761 5341 3111 4991 5563 9503 5181 8001 6473 281 3049 8411 7065 9301 2535 4513 2975 9872 3123 6822 8991 3946 4689 5397 3849 9964 7397 7981 6456 73 857 3775 6251 5201 9316 1578 3983 9455 7470 7098 4281 3866 9793 872 9081 6898 6493 1801 5679 5081 9941 387 8092 9052 966 5241 690 8109 7553 2603 4757 9246 2026 4127 4401 1146 2309 5319 4633 6994 4782 4437 
9995 3741 7773 4853 9085 541 241 9405 4607 2205 6576 1201 5852 7061 9078 5731 6986 2400 7141 4949 3073 9677 1689 8193 5282 4301 7140 9961 2237 4161 6728 5928 3321 251 9532 5223 9913 4340 4617 3026 3511 6680 999 633 8346 4001 8383 3906 6761 2169 3889 4625 7441 1289 9765 5648 6487 7421 3145 7833 6897 8309 3461 4701 1389 5079 5027 507 5509 7641 4414 391 5967 2297 3841 7149 1601 452 4192 193 107 6837 9669 5120 579 1626 9902 8743 6909 2065 49 7301 4954 2591 8051 3156 2455 2537 4662 6876 
9179 3045 3117 281 2373 3369 9221 3514 5977 8524 5386 4321 6837 1291 133 7995 3359 7968 293 6461 9441 5678 1546 1223 1256 5012 8041 9991 7695 5225 2613 7601 9281 1537 7151 3078 8629 4581 2593 7296 8461 122 1121 8025 6736 3409 2449 6831 4097 1117 8766 6315 4343 6894 9452 7800 8901 851 2913 9075 1526 7256 3791 8887 7045 1441 9061 8131 8961 4129 3000 2001 3892 8701 1261 1094 540 7701 3341 9997 8693 5155 2269 3129 2013 8293 1632 7881 6449 8286 2593 9514 6115 7761 8709 9201 8939 1617 2081 6201 
636 6633 7572 6364 9166 7021 8809 3763 9605 7139 2953 683 4743 9988 791 9655 7681 1396 481 6554 6278 9201 4273 7041 9026 2621 9159 3271 8701 82 5684 85 7201 2124 9613 5331 2737 8403 5670 118 9911 5856 1329 4441 2835 4501 5461 8551 5423 8651 1157 6996 2361 5617 8005 4481 9795 5651 154 8580 5813 8237 7521 155 3567 6705 8950 4667 802 7365 630 2901 5743 6901 7361 5366 2871 221 1369 2224 5981 1825 5829 7553 831 9263 513 1179 6195 6753 3913 4345 2053 6976 4833 272 1641 7297 9125 5995 
2601 961 4103 7978 7751 1869 6705 7849 9937 4876 6507 3401 201 5399 2873 8121 1026 1035 1776 5476 1387 3403 7398 8778 4674 9229 6601 1305 6104 4341 3762 8093 9599 4991 276 2227 53 5681 7051 5905 7794 5441 3412 6220 2273 8561 2090 5457 2689 3721 7025 657 4854 7041 3833 2955 8561 1073 8021 3822 651 6579 2626 5821 6588 8373 1866 794 6501 3985 6681 6187 7483 7833 7430 4265 3710 5563 4058 2552 3591 6275 6043 3593 581 517 8142 1049 104 1489 4841 5889 5576 1489 6365 578 2609 7820 4461 287 
6542 2766 3996 4241 2969 8113 8089 3365 7885 8366 145 2087 871 4849 4010 1451 9839 6139 6745 294 4854 217 5521 2153 8311 8674 7001 7655 5502 3073 8701 8766 6261 8838 9081 7457 4751 341 1009 9747 2147 3512 276 6905 9539 8848 1519 2701 6916 313 8261 2252 3063 4253 3435 6641 7092 1895 2221 8451 2672 4445 3721 9497 3556 1333 4049 49 1553 3671 8845 6961 7578 8411 7366 6701 761 3958 9422 1474 8609 9476 9937 1086 2545 6858 906 2539 9403 1406 976 5675 4977 9931 7526 902 8615 9423 6266 5807 
7991 7590 1421 3749 5593 4111 2265 709 4045 8417 6662 6937 7450 8129 6106 4141 8931 3149 9290 2949 4881 8541 8821 8971 8087 8249 6750 3807 3193 4889 6474 4651 788 487 2705 7814 3921 6591 147 5073 2377 1786 5041 4635 7580 4681 3154 3570 3489 4756 9876 5505 4163 1481 3221 1355 6119 1145 3455 6626 1673 3700 5557 3889 8569 5585 2635 6737 185 1408 4901 5325 7964 6618 7841 761 6441 4469 8087 7049 9709 7681 5237 5071 544 1241 9616 3042 2633 7201 2432 4141 4238 4077 8833 526 5210 9266 69 9333 
3808 669 8650 5359 8017 6723 1097 11 3945 7763 6481 8111 1426 2821 4135 7073 8561 593 7181 6071 4525 4521 7850 4794 905 4954 4291 7457 3319 4193 1021 607 4661 6064 5551 7233 9977 6001 1271 3861 8085 8871 3023 5111 2925 2801 4207 753 2339 281 5065 7009 6569 2509 8577 957 4039 9481 7305 5901 4985 1290 833 7751 3649 9703 9633 161 4926 9619 5451 6669 8576 8570 3171 8501 397 1001 3777 4518 5601 3872 41 9332 7385 1343 2221 2886 6213 8281 9796 951 3551 9601 3019 8247 771 5792 6987 3595 
3295 597 1382 9930 8521 6201 7189 2291 9559 9401 9480 7790 8092 3483 2366 7503 8193 8892 1441 8727 3603 263 5261 1507 5333 4431 6661 1041 6539 5121 8467 2201 4151 7616 8293 3117 8705 1842 5565 9833 576 42 9833 6435 9376 8421 7145 4195 441 175 3206 2598 6626 7181 3151 3631 651 4661 1131 3189 6535 8956 3531 1073 3803 9025 3121 776 7997 6381 8465 2977 2177 9469 7617 49 2521 8835 4219 7004 9051 9725 206 3746 5626 7897 9584 1924 6416 6049 4740 9319 9780 4396 2939 1666 9378 1131 8571 1126 
7489 7553 7465 7227 9271 8576 9151 5975 5106 9851 3000 5373 1898 1491 1927 6967 4247 1049 5511 961 9521 752 1 9713 2632 3241 717 4989 9837 7675 3884 2085 4325 3455 3960 673 4066 902 8060 9895 5357 5229 297 3180 6997 675 7716 232 5316 6207 7109 3348 3626 1933 3761 2473 773 8206 5129 4944 3249 7689 3259 1021 2197 7705 2373 5201 2307 9281 6711 6235 5417 6432 9369 8093 7089 9501 2762 682 6527 9213 5901 8159 2057 6295 929 7 701 4621 5560 3041 2033 4261 8333 5579 2393 1153 4885 6764 
5921 2353 9568 1201 7635 5626 1457 2143 2000 2337 6957 131 6305 7841 766 5581 3089 7837 2968 6977 8678 7667 945 3419 6807 8001 6335 8657 7057 28 2936 6527 8329 8481 2951 1260 8085 8529 4219 5073 6199 5370 9261 8309 3208 9651 9025 7501 596 871 8664 4353 8241 4971 6597 4461 4766 2817 6913 9157 3475 9553 9128 5246 2307 5266 6121 1812 345 3969 2917 4145 2791 7242 4705 3279 5810 3829 4371 6561 9921 3345 5551 8969 2671 5939 5409 175 2691 2473 8982 2226 8353 1839 3602 9515 6201 3986 5793 2226 
5636 9387 3822 3214 1537 8059 8694 2918 5905 611 8109 4801 5721 8829 7210 8742 2898 3237 2747 3185 1711 379 8358 209 5229 7911 2101 113 2052 7485 9821 7751 2881 6773 6001 5814 741 1416 8790 9179 2451 5809 7241 7726 4276 3532 2515 1291 7007 8621 7953 4621 7415 999 8575 2417 6397 6325 9857 4713 9069 4548 7241 5571 1447 2102 7295 5381 9397 4029 6111 2991 7185 1266 4651 1961 9124 1753 9867 5257 8401 2177 6709 6369 3633 6381 5745 1351 8496 7875 137 5085 8001 9206 710 1916 5121 5709 1303 225 
2810 5137 976 7283 1365 1810 5230 9339 4953 8429 182 5149 1285 3365 6441 5217 804 7905 151 8793 3436 7301 4589 6171 9351 7701 9691 8040 3291 7842 683 1555 2247 4880 6074 2106 3361 5196 9454 6007 9073 7511 9199 881 7901 9521 2505 1505 7181 2504 8525 9317 5534 4675 9689 9976 5413 3937 2889 8491 5046 2195 9293 6235 7123 3482 7025 7457 7342 1749 6532 1761 8441 378 7870 3580 3061 5693 5969 501 9496 6336 3917 6580 381 8181 6377 3525 3196 7409 9911 7361 8473 9631 6009 1787 158 8651 1725 2117 
1511 2081 4367 353 5061 5765 8821 1855 7861 715 9097 3103 1961 5327 182 6841 217 649 1101 5629 8633 386 8105 6579 8757 5396 7761 958 2537 9497 8057 5709 4396 4230 4180 3681 827 8701 6397 9116 793 9061 8125 3761 6993 4921 8609 8513 4876 1456 1691 3151 901 4146 280 7737 2669 3185 6927 6897 7425 280 8550 7169 4757 5233 8479 9451 9857 2607 7163 5588 5329 2401 7326 817 2245 8541 7237 100 2285 201 6001 5858 145 4461 8651 2090 9370 211 8307 5201 1353 2933 9046 8477 3989 8105 5626 5229 
4257 3217 2201 2521 9721 9930 4023 8411 3669 9825 6077 6838 6881 7577 4201 4801 4930 8859 2775 2279 3121 5136 8711 5353 4381 147 5127 855 6641 9871 5036 8593 4603 92 4801 5031 9011 6698 4160 9557 305 5065 1376 7091 8857 8101 8257 5900 8911 1846 1049 4621 65 3419 5501 9629 4051 7425 3796 6021 662 5301 2705 6702 523 4701 6136 9421 1670 7296 941 3102 4147 3650 301 1471 2225 4089 4471 4851 3989 205 9699 5001 3726 4461 9377 161 1261 5499 5322 4953 4353 4013 4795 4521 4393 5377 8598 2626 
5448 2017 7981 9165 975 46 4631 2838 8591 4691 7441 3301 27 1393 8241 1981 2558 1655 5691 7992 5407 5941 2477 8951 7955 1793 2157 1281 8423 8657 9915 3530 9779 6981 6106 4249 6593 5390 5301 8625 3673 4922 3126 683 4765 6251 8829 9567 2420 2289 4080 5223 8073 5325 5725 581 2243 3540 4837 5471 2541 8174 5273 1644 7860 9246 689 3320 4657 2691 901 9751 3155 2664 8431 4741 6254 3826 7185 1147 6797 8535 8143 2516 1045 7317 6009 3747 6827 3351 4090 2577 1569 51 5755 7287 9976 6865 8481 3101 
4950 2885 2486 9027 6307 9922 9352 6211 3654 55 4002 8929 4801 7828 7809 4245 8233 9861 4006 2921 8602 1526 497 1251 9131 1851 5345 4201 7386 7285 2997 4413 7201 6496 8990 449 4267 3347 7345 7719 817 3751 9082 7061 1090 677 8710 6143 1305 4481 9230 5479 2701 9612 7891 5296 5571 7872 1343 4371 9357 1578 766 1944 125 4051 9029 5471 4202 3103 7151 5417 8705 8785 4088 2888 7745 4817 8181 2912 7691 8987 1311 8319 1937 201 3329 4441 6251 6505 3061 8041 9961 2817 967 6464 9034 3930 7401 5126 
5567 126 8073 2577 1031 3862 4209 9561 1705 3667 2321 2139 819 4518 2768 3359 2524 333 5764 8512 69 4233 1985 3681 9625 5172 6401 6198 3506 4016 9501 2175 3750 1265 9959 2096 368 343 8953 6566 6766 295 5026 6337 2401 4751 3754 6929 6961 3481 7751 8371 8747 3041 379 9341 8017 8329 1237 4065 420 759 7707 3849 1259 3689 1617 7129 5753 2629 9165 4995 6406 1047 1748 3601 7236 8708 1409 4789 1217 4616 4235 5731 7197 4035 3861 5251 8784 2961 2513 4641 7397 3899 5143 8648 5401 7976 5505 9201 
9943 8085 5095 966 9920 8970 9513 5881 5733 6263 3213 4021 2236 1931 1569 2253 8277 565 2297 7706 7577 8481 7331 6896 1171 2797 8126 7759 2765 9101 481 3269 3685 562 7745 4887 849 5361 5445 6705 121 2736 1 1985 3621 8897 7171 1197 4111 8963 5551 9471 2001 6177 2141 7873 3113 5631 581 1328 9482 137 1425 6796 4401 7237 6161 9976 1613 158 4067 6081 9241 7465 726 4833 2144 2201 1487 7193 7559 3297 8405 957 5687 3929 1379 6785 7681 8851 6497 8661 242 9419 9092 3816 9811 3471 5503 3919 
6555 8646 681 3711 1711 2086 6174 5417 9489 9559 7321 5230 7226 3641 4264 8561 2466 6197 8715 1081 4049 8657 6871 6125 5201 6793 7252 8387 2385 6175 7689 6721 2777 6153 9161 3657 7073 941 3463 8551 195 3553 9533 6953 1771 2896 7515 7396 5946 337 6661 9624 6063 96 9084 3345 5233 3176 6721 8426 4143 4246 5856 1173 9701 361 3764 1578 2746 8513 36 6721 3477 8851 5334 141 3700 3976 41 839 2541 5137 1868 2769 2295 4397 7095 6017 8121 9909 7182 4261 1073 1385 1609 609 1143 6633 5735 6802 
2943 3667 2266 4713 9653 737 3342 8451 3439 7242 8005 9809 6379 7961 1169 4939 9341 2333 3081 8667 9009 4551 9123 873 6561 3109 9836 4981 3401 595 2106 161 4294 6691 1261 9051 873 1367 213 9721 5621 5907 981 8951 7387 3391 7016 1327 1841 821 627 1481 4340 1681 7713 942 2123 5991 6653 9355 1397 8920 7381 6976 327 6762 5277 901 5334 2198 3900 4955 646 3879 6052 8863 600 7889 6033 6833 3671 8918 2593 9953 2216 9394 9105 4361 1830 4509 9379 5811 4117 6401 5686 4391 7723 7651 5761 5767 
1748 5457 3052 8441 5721 9217 3265 4031 7521 626 6024 8627 3541 5115 366 8937 1937 8799 5773 8685 3541 3931 8781 9403 7093 5553 2033 605 1681 1373 822 6601 1435 4200 7880 8135 9030 801 5877 8097 5745 2809 5211 551 7079 9881 1166 3973 9925 9601 8135 9121 8015 7671 8001 2943 7587 425 364 4596 2361 641 3782 8067 2289 1546 8599 6071 8282 1980 1525 9176 8989 6601 4376 5037 6522 8468 739 7301 5040 1609 4624 8506 8088 8901 8449 9657 1251 1683 8433 5141 45 2630 4399 7996 5761 5597 4735 6033 
3426 4641 5273 2499 5671 6609 6059 1603 1991 4937 6521 4422 6071 1031 3625 8553 151 9021 5558 9504 9281 1376 4151 9876 6996 8933 6624 7242 723 3821 6689 8198 1504 8129 198 2692 5153 7029 267 4665 493 7241 2043 6406 9101 2390 5033 3937 3932 7731 9054 757 265 3672 3067 7635 9784 9291 4122 9233 105 5109 7937 6193 1146 6605 609 2473 6990 9871 1827 9726 1561 4269 1409 7367 3251 3359 5031 5134 9196 6053 4011 9484 41 9802 8451 6618 9485 7609 3169 561 9609 8103 3169 9933 5729 4285 742 1849 
8913 6739 3360 8718 9641 4549 8073 2013 6069 2051 5693 4507 2870 1841 5009 3204 8271 4401 4436 5801 4577 8411 5021 6900 457 4809 7723 8951 3134 3907 1351 4977 6745 5531 3644 8897 326 4597 3006 8000 9391 8880 4010 5201 1581 5025 2991 3424 3649 7891 1560 3925 625 1586 969 6225 899 209 1865 6871 521 9294 4875 4993 5858 8621 6931 6660 849 9747 5025 1276 8781 9961 6105 5621 8155 441 532 8929 1851 1479 9547 4974 2014 5988 5686 5585 9514 4101 7127 2263 51 6417 8249 1121 1225 5555 8465 6698 
8568 2829 9653 3695 733 1679 9842 2695 465 2847 2349 8501 7201 5583 4001 2201 8691 8881 9926 7376 8401 3471 6845 9364 9017 349 9601 118 3231 3751 7301 297 6057 5498 201 599 7757 588 7651 6577 2953 5763 9461 3898 1041 2238 6270 6011 8535 81 9175 5252 9309 4076 7601 1305 4314 9043 4111 4337 2167 9969 1441 8046 6921 6945 6240 5 6045 8118 1366 1323 3001 2481 3057 2243 4761 9371 7842 7313 4241 1392 8548 9106 6036 3559 2593 6676 6945 5492 836 2525 3032 3405 895 8983 5808 2411 9289 4549 
7169 7787 975 4569 8026 4149 3561 656 6771 4946 8191 9863 3529 820 9386 5241 9755 906 2935 7399 5255 1210 3870 5993 6321 7166 8474 5166 601 9001 6403 4041 1015 9569 6686 5291 8961 8581 1201 3822 5243 4737 4179 8167 4221 7866 4941 1529 7441 6937 5103 5425 3391 5041 4937 691 8145 5913 7645 151 3276 175 8473 1391 6443 7333 6181 1416 4001 2739 8759 8017 881 199 7785 1869 8613 4453 4829 2476 4601 6861 4571 9341 726 2025 9289 6681 3821 5635 2328 8730 3697 5489 1141 6549 1873 1381 3171 5382 
4911 8921 6831 6853 1801 1344 7099 8454 8205 4651 6441 2437 5197 4337 5101 2193 7526 5317 321 9169 6011 947 5766 1961 4800 1848 8510 341 3752 1101 8441 5521 8011 1599 4146 6107 3985 1993 7475 645 5536 9663 8726 5945 2783 4985 8546 7121 2103 4552 4219 8851 6081 5538 2117 6186 9373 4796 6582 8339 9693 6271 1493 7705 9293 1463 1138 9386 4209 2097 6929 6065 8704 5731 4446 4868 8521 4161 4257 6230 2721 2913 8501 1251 5452 849 7713 4939 7904 695 1865 7235 8591 5851 2425 7239 9851 1441 1636 6539 
1693 488 5135 6689 1551 2497 751 8076 2880 2585 7351 4793 8441 5871 9255 69 6188 8817 9059 2927 4401 2941 4881 9735 396 4165 4021 5265 2866 4905 1029 3135 4721 4709 3052 8141 4591 9577 7536 8482 8981 3593 4113 9639 2781 5953 2117 2241 4729 9193 2258 8585 1221 7516 1073 3230 4576 8251 8407 1145 3917 9204 8981 7977 6076 1489 8321 1071 8330 9985 4611 3185 6649 4401 7189 9151 2003 1889 7233 1097 6471 6478 4389 4653 9859 157 7055 320 5550 5131 8057 2340 7595 5701 2131 8719 6755 5601 3561 2976 
2715 8696 5681 9801 613 6515 7991 9001 656 7679 4513 4881 2566 1446 6123 5741 4405 2985 6915 5117 9993 5201 1145 8401 4886 3646 3749 2385 7126 6577 8979 2045 2027 7833 8749 6676 2391 8133 2216 1011 3911 5520 9167 7217 3077 3301 405 9121 8397 3929 1126 5001 375 3290 6876 2223 4091 2161 8855 8761 497 5097 3461 2965 9046 9281 9745 2561 3116 5574 2483 3753 2110 8150 833 2481 6263 7336 6198 4586 2238 8161 8837 6069 9501 69 2890 9637 9833 1065 7961 7313 9681 9436 9143 1919 6235 7375 6031 9321 
6977 5529 9721 1331 2603 2251 9351 3862 8325 5497 7045 8081 2905 9269 1841 7777 2073 8985 7041 599 5235 5615 8101 6821 3201 4449 7089 5334 297 6249 2126 656 1169 9515 4252 2617 2937 910 9812 559 905 8893 1621 4473 93 7725 9379 2236 9754 8390 217 525 3259 1501 3163 5303 3761 4321 5652 9876 1277 9369 7911 9028 2733 6458 5117 5409 4585 8501 4701 2195 5161 4325 7797 7569 3378 8065 1948 9477 1039 9175 596 4480 7709 1 9228 6433 1037 6985 4121 6291 1281 3433 2772 7114 7801 7482 5729 726 
81 7033 8745 1517 9477 1697 2125 5765 3226 5601 7731 8801 1523 6894 1425 4177 1226 2847 1875 9865 2936 5531 2239 6251 5376 1745 9455 8917 6965 5140 8181 6809 31 8130 4769 5951 7651 8929 2452 7281 3996 9692 1045 321 8323 6334 4795 5505 61 3813 304 8805 9163 4101 6205 7689 401 9761 8429 6097 3609 9879 6758 2145 1732 1591 8455 9716 7173 9774 8123 3136 8107 9433 2311 770 8638 3129 4564 7201 340 531 6731 4006 7993 6770 5929 1011 2486 431 4493 7308 4601 993 8825 7471 4447 7705 2280 8525 
2023 7780 1726 6001 8741 3990 3633 1399 7641 5615 8404 3049 3715 2169 373 4669 8797 8867 2209 257 9155 3176 8497 7541 877 7022 5641 9781 8974 161 8026 9652 6941 2572 8697 1322 8129 3513 6534 5231 4226 7537 818 5281 8132 4193 6337 3152 4455 5454 7566 5857 1590 6091 8499 9925 7831 8398 457 2190 7320 6887 6251 3808 9565 5741 7301 592 7461 1003 9773 4657 9209 1600 5283 7633 1 1361 9805 9585 7185 9110 8289 9971 7537 2031 7366 9428 6341 5155 9375 416 7817 7989 1087 4757 4229 6421 2521 4113 
97 9581 4807 49 8371 8856 1781 611 6869 2217 8737 1701 5439 9625 1133 2927 3516 4742 9007 3989 6741 6873 1085 6969 481 6837 6639 5881 3229 2684 8107 881 1151 7483 8193 7101 3333 4142 6355 2399 4681 8041 3342 779 8817 6001 6513 626 6253 4185 1296 1098 3821 3787 1121 3824 3533 3771 5838 5997 6190 1359 3751 8593 761 8501 5281 7691 5686 165 9967 1212 4941 4473 2694 6233 1701 4481 101 4306 1721 1857 331 5257 8958 5277 4366 4696 4812 7819 524 8058 3689 2525 6535 972 2841 6470 7445 2524 
2161 8861 5455 9191 3017 2297 1041 3145 8549 8517 3858 2401 2739 3711 4209 9681 49 7508 9672 2919 752 7064 1798 9562 5086 2753 8617 4676 4825 5166 4581 7853 2951 3693 9339 53 8593 2189 5843 4631 2697 7991 8985 507 8031 3970 3261 2805 375 892 801 5453 9233 8076 3137 2952 9157 5260 2621 3601 1471 1992 4886 3501 8128 6493 1777 253 3087 4177 2761 8265 594 7423 6441 7696 6779 7466 3673 7873 6441 5557 487 8797 9035 6966 881 9895 8480 603 2371 7841 8667 6933 7921 4435 4601 3201 8017 5600 
2185 815 4703 6466 194 7617 6401 8607 456 2463 6151 9617 8721 5043 6793 7717 2624 6557 271 3863 3026 352 7566 6511 3171 9541 4291 2626 4226 146 8253 8436 8572 7585 6983 9205 5569 1751 568 2397 4180 9996 5126 2595 49 5016 1146 5270 8561 6 3361 791 8809 8848 7069 2881 3274 4311 2725 2496 4772 5797 7335 6421 8497 6599 2619 9297 4772 491 7521 4993 9610 4261 5959 3137 276 7947 4000 5769 6351 7311 4789 4911 8455 6052 6716 1379 6127 7266 8096 15 1731 5237 9643 2434 4205 3553 2801 8196 
6201 8388 833 2913 3833 7637 7908 2495 9617 4441 7659 6889 5801 7399 4632 5713 6849 6326 411 3467 4541 6945 8320 9180 2219 7776 8177 903 5021 5243 1335 6581 6721 7920 7439 6833 7831 5384 8007 5725 4251 1693 4765 2490 2036 8411 4110 5663 2655 9876 4561 2651 1409 4697 2911 4401 9115 1476 8581 697 6351 9481 6809 4187 421 9762 8165 7978 4013 8082 1741 267 2353 7081 6539 1521 209 361 2127 9991 8 361 4842 913 3190 5001 8365 8963 8456 6457 5390 7771 67 3551 7561 1653 8201 4369 9580 1017 
7056 4835 669 8053 321 8771 1803 27 6921 4601 8721 2266 7641 2981 4633 7769 5278 4051 3285 562 3755 9922 5409 3669 2545 1945 7477 8791 2413 2221 6097 9941 4222 3505 201 3399 1051 4767 154 4913 3621 6543 1965 6559 9569 7521 7301 6001 5605 7828 1830 2001 69 6083 3749 663 8065 5461 7018 961 8106 1379 9327 5641 1251 192 1883 61 7757 7860 8477 5876 1608 1965 1061 7267 2181 5723 6286 45 6016 7101 1747 4539 3655 153 1407 5219 6465 6577 3890 9451 5601 3441 630 3057 5626 5473 3326 7681 
9777 7861 8164 451 3855 7153 2627 2881 9346 9755 542 2282 3091 7901 1725 6281 2641 2238 2349 7610 6410 861 9768 666 6176 2774 5475 3337 8211 6435 7903 4289 3023 3857 7831 6161 9623 4349 6081 2128 5019 6747 9609 6947 8545 8580 5401 6523 5217 2999 5771 1169 571 7721 1665 1901 3717 4737 1267 5297 4707 7155 8176 8149 6601 9393 7912 8398 7511 4653 2705 3319 3901 6175 1437 2600 420 7341 7097 9321 5301 6110 2817 1626 5617 9701 2513 8035 4725 2754 3338 3065 8136 5791 2467 8193 5211 2345 3805 8465 
4373 9477 8113 2621 6965 6037 4607 4501 901 7205 9331 927 6391 9086 8204 8798 4619 441 3214 2526 4951 7949 4376 4147 1041 1095 6497 1917 861 2966 1766 9501 3859 9572 8501 8435 1065 5087 303 5331 9543 5093 5471 9267 2961 1991 4393 4726 1623 9081 3387 8061 3665 4111 9751 2007 3414 701 9805 2821 8841 78 8377 5511 5001 1248 5917 9901 1452 7381 6209 7681 2905 1391 5470 7089 2701 4551 2977 5352 6126 5361 9461 7495 2097 9684 9157 6126 296 4451 1617 3889 3101 4405 589 5163 2967 4401 4491 4423 
3837 6891 8069 1515 8868 115 8437 6482 6065 9465 1165 3207 9438 2611 7359 59 7507 1153 549 577 2953 2201 5055 7169 1177 7728 6381 1150 1701 494 9745 2115 8987 2701 1361 9581 7505 6489 6701 501 7295 8552 8536 469 5841 8689 5651 2061 6001 7879 8211 9440 4551 697 6126 7495 9961 5681 185 6484 8421 3751 328 5824 5757 833 2985 933 9716 9821 9311 9251 293 8476 5096 2255 9531 379 8097 4412 6103 389 1001 7155 1380 9803 5863 6209 9379 2064 7607 5001 9311 9937 3897 6917 3245 5746 5807 7333 
5441 5117 1324 4017 3780 7830 8001 2061 1881 6401 9936 8145 8705 4855 664 6784 6609 8198 9476 7811 6469 7705 1702 5364 3837 7405 2801 3740 691 1276 8631 1541 2559 7801 9484 4576 1332 103 1742 4409 8020 9719 8965 8134 3201 3457 3153 8069 33 4235 5167 3073 198 8090 5414 3648 7001 8137 1349 225 2726 5061 5305 4805 2951 8351 1841 207 8726 3545 5661 7101 1601 8601 860 9841 7519 5411 2426 7593 945 9056 8925 2951 9361 8725 1713 1365 326 6905 481 7069 5205 3057 7959 2701 3701 2249 1083 9949 
3161 1137 7521 7153 4085 1227 6417 41 3041 7537 5991 3299 7971 3999 4621 565 7601 4665 5739 1485 4425 8321 7124 9911 6601 8262 4293 7245 3725 9519 1905 3690 9721 4821 4257 1841 8917 7941 9679 6217 2552 7977 6246 6837 2801 6036 1217 9843 3529 8075 7376 865 6996 3296 2234 3457 6074 3001 84 5085 7365 4651 8414 7341 7764 4541 913 6201 3691 8153 253 6732 7621 1700 7317 3462 4631 9377 9491 2161 3083 6101 4751 8169 513 8597 5209 2437 8475 1463 8536 9695 3119 3209 9713 6281 7769 2623 2793 7849 
1531 7521 8001 3471 7361 9349 6695 3910 1859 4086 8422 6325 7394 2457 369 1774 9261 4211 2898 2246 5218 1322 3060 9091 6641 6263 3019 2789 4641 7031 1871 8669 6817 7073 1721 2877 6825 6673 803 5120 1658 6885 4911 4033 6576 2231 324 1689 1501 2973 7101 1785 4017 2755 4997 6395 9290 7033 2153 4044 7499 101 3959 9117 8483 3621 3251 8401 9100 3959 7621 843 7577 4233 1696 8521 2949 6561 5139 9843 1385 3847 8750 6197 320 9240 5704 6926 4826 9466 1801 1281 3725 6836 3503 7407 3201 401 2310 3913 
2407 63 9313 2117 2825 6775 9595 3889 9360 3139 5195 7690 1873 1191 5920 2363 8405 707 4133 9931 1604 1253 1385 2025 4241 7020 3222 7560 6433 2489 9221 8805 6844 657 8225 3681 4056 4361 2545 8249 876 1809 3817 9313 9342 3800 1742 9727 4741 6773 8332 2361 4953 3974 3537 9761 1902 1721 5363 7651 4321 9605 1165 8166 6071 8682 9281 7301 8221 9586 5853 1701 4451 3197 5578 2835 4625 6669 1011 8371 3327 2377 861 2860 1557 1653 1118 6381 4841 6090 1186 8878 8201 6513 7579 4799 8464 2077 5204 2241 
5323 9581 8505 8333 3451 81 9026 1745 576 9321 3599 2593 7421 7937 5101 9885 8191 4091 1 7826 1079 8793 6915 275 4115 2551 8521 6845 1151 3710 8142 6343 7253 121 4775 3969 9809 2421 2965 4156 1937 6246 3037 6041 1539 9067 6485 2939 7961 4392 9151 281 2897 5165 6546 3353 6367 9761 3561 8621 6979 1694 7785 103 6733 4611 118 2683 4749 441 2769 3621 1377 3641 2745 687 6708 7903 4892 5216 6941 5369 4273 1857 2290 4526 5269 4321 2412 1887 8114 8297 9251 1497 4389 6233 7375 4558 4807 941 
9850 5426 8681 6113 6157 2451 7656 5745 7736 2545 3441 3684 3471 9506 3552 4921 4073 7865 387 5953 1419 1401 1513 3217 1028 4433 9194 2291 7866 1505 8948 4041 921 1138 1215 4782 5777 9378 1108 5593 4825 4423 6657 3942 5017 9956 6112 2221 7926 502 5460 8971 4271 5334 7837 2881 5577 5497 7321 5482 2797 6151 1367 1041 9033 7736 2957 4989 7149 9231 2694 7123 2526 6191 8242 671 6453 635 9563 621 1701 9607 5030 6581 3796 8731 8441 6535 941 1631 8849 1012 171 8073 2525 2374 1198 9221 9361 3873 
2213 5345 6301 9313 8431 4493 4689 801 8489 1373 5281 8412 9361 9501 3697 3461 8246 608 1251 160 7553 1997 4089 41 934 3515 7757 795 4321 3541 6501 4927 8161 7601 5361 3177 3441 9745 1284 9268 9497 7797 3765 631 8251 3917 1001 689 4833 4189 5363 3880 1608 6337 1041 6088 9525 5378 8249 2285 9047 8726 9601 5769 8783 300 9521 2409 4351 3385 1438 6113 4057 17 1790 9665 7242 4825 3775 3511 9541 2561 6522 3066 7880 3601 6325 1529 2361 7116 9051 913 2801 2049 9618 231 4385 401 3063 7358 
4051 2081 2257 1361 591 5826 2167 7216 8618 6960 1571 2826 8577 2353 8426 1501 523 7693 1909 7617 8857 8261 4286 3669 3776 5017 7473 3280 4211 201 1025 9621 2401 3921 9429 900 481 4221 4545 862 7809 216 1147 3173 3087 1465 2468 9317 6154 4931 4417 6331 1457 881 6287 1501 5257 8626 9761 7385 8957 3875 163 3077 73 753 5137 1228 5367 2119 161 3729 6265 2293 5755 85 4721 6573 9475 6976 9299 2736 8999 1777 5743 8516 672 1347 2429 2586 7737 6400 8249 4481 1701 5629 1575 9969 434 1901 
7827 5057 6289 5939 4241 5617 5669 3851 1538 566 6965 5828 5761 8216 1405 1773 6529 8540 5443 2321 2342 3417 1551 616 537 8481 2793 901 3393 6801 5187 9177 8407 8680 2503 5547 2837 8181 1705 1981 241 7574 8870 7337 5485 3826 3745 4682 6647 9682 881 3425 1901 2345 7057 6555 8177 3201 2377 9596 6261 5988 6157 4279 8934 6501 2779 5729 444 7447 2476 3447 7253 6116 5929 1301 4245 8705 3653 4545 1481 8189 1981 7523 7941 8736 3476 1453 1561 9151 7859 3075 526 8905 3831 3771 2486 1310 3094 5729 
7983 3945 5360 9919 3539 9801 4461 3601 9311 2511 5711 6341 8325 1 4961 3399 1641 5851 2881 6509 3377 3801 8077 2268 5101 8719 5694 1751 5057 9961 8629 6711 1731 7121 1418 1580 3132 9725 4461 7025 8428 9807 3693 8375 295 3419 5039 8241 4765 6622 7323 5373 6085 1734 4035 6900 1601 1277 6791 2165 6568 9937 2489 6673 7247 4587 2541 5437 3493 9826 2441 6226 4387 8116 431 5625 9041 121 1886 1051 5954 6244 3181 4078 5276 3747 1156 8721 8001 8089 7255 2931 3813 5664 1371 4933 696 7489 401 5001 
4857 1417 2605 7501 5711 7726 5544 6499 4777 1169 7735 5773 8692 7929 1627 6553 7371 5549 1537 8803 372 4079 4435 1205 4481 137 4924 675 3069 5073 8376 5506 8066 7233 2908 3971 9511 7615 3777 4754 7751 9547 4580 6241 189 9257 1189 8677 6866 5002 5809 93 5942 4155 9211 8001 1293 3369 5948 1699 1769 4299 6773 9576 5425 1358 7967 5075 8351 2818 3837 1011 6073 8797 5231 4737 8292 387 1249 4971 1221 2456 9681 2682 7427 3366 6009 9590 5297 3409 7949 6469 9825 6372 6073 7345 2867 8894 3008 5791 
8630 4865 2081 4141 2108 5676 8861 6251 8676 9024 7311 6521 6849 6515 5091 8506 1278 2751 5405 3926 6953 1627 9359 2512 3701 803 4520 1621 1051 896 2351 6089 1793 4167 5055 5436 5361 7537 7805 1995 8036 3441 7319 4635 6825 6343 5128 8540 7715 6145 9813 4539 2801 3676 8193 7013 7001 1451 6807 625 8541 9157 5121 1 5275 8368 8677 2717 337 8253 977 6649 6587 3901 2673 1001 773 4687 9778 4711 9592 781 6873 5212 1504 3606 3430 9891 9821 8698 2681 2521 8905 5569 3921 7821 8493 745 1526 6405 
