300
736
308
602
766
204
19
393
750
419
580
596
229
693
276
75
332
587
513
459
716
245
803
408
33
747
704
696
733
126
815
492
446
190
637
465
996
489
40
853
569
66
214
504
881
873
127
512
891
940
534
928
903
377
869
184
989
155
444
735
646
761
274
314
524
797
156
294
221
711
740
27
571
653
640
851
937
635
655
405
252
826
280
506
727
814
673
50
523
772
226
609
877
365
777
714
122
277
883
786
983
986
224
622
174
151
321
135
603
593
987
893
894
686
163
103
830
130
123
598
352
961
380
5
310
424
546
689
785
333
972
218
692
529
292
240
370
239
914
63
738
661
236
7
1000
483
443
414
113
315
560
864
22
186
158
1
386
147
26
624
357
325
959
519
886
176
210
254
690
306
749
525
121
16
607
913
31
141
250
494
486
839
909
712
15
90
746
530
533
776
182
659
872
674
119
732
912
371
258
283
544
132
608
821
665
387
540
722
526
882
931
787
56
248
583
262
207
209
558
917
160
409
487
394
789
654
837
588
427
922
551
425
994
838
907
543
316
18
192
936
599
271
165
630
957
98
597
490
70
499
647
73
270
143
303
454
65
808
858
577
469
978
431
367
723
773
683
391
93
430
216
304
463
339
17
952
9
778
451
942
862
404
899
552
780
762
29
369
643
988
870
6
272
263
406
566
432
361
681
49
105
