300
19485
38495
6989
14876
22914
49066
36651
17964
11805
18824
11185
7269
40538
7555
4626
6232
11637
14934
29198
1676
31874
41560
46923
27982
1327
25195
10791
36935
10991
16819
26555
9634
20220
9688
35241
6370
37030
16295
9720
44284
43141
19221
1442
3915
26435
30264
39458
48462
7001
14506
8836
22063
6711
47664
47934
42890
36214
12044
9793
36081
20854
26775
33926
49676
9014
9872
24106
86
1693
3131
23336
49088
21128
7496
49385
42545
49933
46456
10349
11709
25118
26103
326
36808
39692
44883
2988
35670
1733
10286
15620
48439
42748
44796
5413
36199
3381
49178
22616
30138
20269
5135
45780
16393
40693
18225
48910
11697
16127
39915
30633
29181
27814
40147
3033
16086
20265
19342
48129
31515
1398
7572
8316
41222
23982
30762
38597
4294
8917
42233
1575
38827
23602
41239
9875
12035
20213
41392
4784
23580
44139
43018
35026
44627
41208
42164
32242
9017
16938
7113
11389
22661
39209
31889
26922
29367
47151
29577
36217
13023
48272
24524
11149
24691
36211
33851
12215
30854
31044
32754
36807
45288
22483
11707
4447
9573
15882
35036
8744
13396
8208
6399
25805
8481
45144
47090
41537
8258
36720
16879
4515
3343
24813
32558
18024
46896
39178
49321
40289
45120
34914
16603
43454
29009
48066
32865
42357
29284
44470
24007
3634
27674
25770
24703
34622
45499
41265
20749
21974
26089
44834
7035
35176
35207
24944
8981
39523
25900
44744
26291
11927
3351
29740
25387
14999
49044
606
28394
385
47224
11137
19656
24914
4538
10041
46604
11062
40269
40519
13794
11513
33240
26783
29432
26260
24693
24193
31178
42222
5377
49482
32091
2199
15331
42900
41833
31922
25006
11812
32492
28235
1267
18639
11578
20838
45920
39399
28024
48584
35340
21820
16740
29882
29904
28545
19608
46853
20105
25927
20190
1186
23902
30197
25281
45810
14258
21970
17405
40066
39802
