2000
433376350
126027988
800580611
286112371
772096369
27490385
602899226
517025933
543310236
11158305
485477555
945619691
147326883
553478326
698956192
316616171
985901662
711824633
829084110
188875297
10376918
144822237
219315505
473120619
98143588
52297390
976958238
341692312
807499839
311908048
619077182
887115654
786193515
990373315
771893006
456162874
855309300
932107968
270993845
578511478
192974488
789346350
650531099
55068756
552783098
14034132
851902696
339775858
977589076
157407087
844909944
990254274
53946290
45713163
66014336
101486836
545430054
967495946
963912131
306332032
383500693
266244796
120128458
92774965
138351822
283794344
772552080
409675174
912919499
185252040
478084214
351678395
682081699
23168001
481332788
785653388
45251873
585650048
329146786
421615760
773532929
636847173
621057040
486704014
389181559
756312032
220667328
129969542
175294794
387248805
121006674
526135225
518754173
101418903
423588795
19484582
234838458
25282372
190345429
686359632
209790087
193140992
211832407
972555941
730340132
819703190
90165415
998514425
350998208
447563775
628025283
594767355
974240329
59730695
470213725
419652606
903688936
460286070
944255449
444796168
413677665
752852085
24813627
577230573
876938647
833738420
345763945
136513612
107059473
468604355
423932622
8452497
595885709
767486481
252664751
985948076
99091418
444765340
355350920
321410811
85037961
96519084
309241792
162127690
922169791
131672371
595844487
57729068
626532302
171446001
791528572
327725150
182611130
226521480
94507379
148590978
492802087
658486608
506663032
621741352
846471980
423081351
94602309
337211907
937500208
768684131
645362643
466201305
374112354
40456199
11441486
758545195
951189033
973132134
497373408
541213712
477534192
590125702
520324298
793670611
471721877
596154539
560524097
374974538
982190181
198771994
385832172
12138580
457839992
754889605
366656174
854701160
164737181
6301177
4491799
32134144
180464608
58226382
751253409
622285344
347384769
860592027
76942786
312534423
819832101
312858619
84577947
345178108
663234728
795202631
643691568
100351561
482588154
25909857
120957367
318039880
271279673
277379483
915974665
188207217
888006213
244458035
529350342
48025347
844970234
528332374
840191338
681026844
414652751
596430916
345303837
34007229
983232739
844644988
661824765
119090944
690064069
648879001
555207397
12275193
773605173
123657117
90003014
720211329
24049323
82782566
944404092
555575920
109784796
230397127
817594134
335454174
869222685
136039922
352116550
859553628
589464222
445894014
952779998
485211815
816809873
794010753
646245383
773957015
16765224
597523645
120693083
89808155
323746297
131339324
414679950
89256005
93047731
275227347
574658256
308524039
567696623
291865548
46530899
142015310
11751111
434598570
690983611
520050511
4376265
264639742
791098457
464223449
140417906
900907711
434252999
291402025
992213577
76671927
238182252
614872218
60192230
714253290
915187824
556006346
252047422
24136988
817451153
412395928
302460234
411792303
4301953
603578878
868445260
756597140
71244860
245185732
113163086
376144820
370094196
945918181
842621364
652152868
759556002
535303303
60623028
652545958
364304485
456707807
162420684
392608578
749767232
523758358
951837423
676653210
942157054
629870432
202419334
946924312
865731437
624643387
636236669
360071353
23553966
174296351
243418159
848106202
243593605
703303401
390485668
97225671
987781129
265333744
800823887
343303858
338190609
590095029
808150459
958761165
376993300
176168765
870801479
727232334
743545076
87443228
210740761
789553915
310947822
325775834
13169946
27849255
948082043
89409577
678314089
320951182
447447051
772500918
153876623
540464904
173531878
292312545
437442787
670189121
326000128
194277804
669716600
264913252
648693438
69873555
10333627
810043302
190871688
729063272
928375779
533898634
4798474
902543329
83329986
18261089
99095104
109068062
164138630
99869126
390740291
235078958
481781261
632015915
242319703
857548959
46477204
534954239
185693074
348195780
930731536
230255887
212436244
548726012
351075808
747622482
943168951
520426701
148728976
80563020
214057725
534218164
717811698
185346773
946448812
37452051
50321497
953487827
164363786
760099388
357201786
108297317
7548627
552871427
88775314
419451195
876021020
94814793
204218941
373508166
427468111
691351411
562751266
132721845
802002606
291845929
420829550
165922273
40808415
735163952
423988864
870107729
853199475
377131557
180715274
943574506
674982468
2962239
64370911
220202394
692836964
499175337
420452784
330425301
604600596
974883691
609431437
821876074
51515741
553169068
514004999
556659514
461549709
677334652
606962185
536131428
675782230
72132003
459965868
36553385
910856892
746269504
917319941
661467016
319241697
125382636
775205431
722786067
75587085
114973484
129319025
739801038
770716262
662670461
681641942
361268406
195391010
934339156
696858187
29803945
591494737
159293006
188151186
434433594
257554812
459374583
837185201
771125504
480944688
560544443
153334821
856133229
788610386
50454491
828583052
699916250
839278443
399513058
903509271
929903313
144457134
237014585
77784271
224669667
252391193
384549556
589797490
394676454
190355103
365693940
331676432
912434823
429354262
751790655
2442822
675018198
319902750
581733986
918660875
732257842
592981609
416076645
1647569
96696321
82132728
211314646
140053827
343725324
273995928
906222090
118222086
762429838
470928845
428832698
706319324
317862716
666794095
220650087
20422
295605998
339013130
385765093
70889827
602487416
61159273
819087123
47687931
615550461
169133923
160025215
377862674
741251702
326174645
35460594
66393719
677264958
744176429
422081434
137282267
73066388
330324360
958602253
357064514
196854346
794836392
993067865
808270380
834023603
538180922
318807055
13327033
115507310
651736600
34283335
706423631
15019812
272516701
176870119
802980255
56969258
682284347
292515637
631151058
446925610
215188673
740663761
841709334
81404395
548617326
607173058
105834828
260714339
280429355
658305721
255907858
317959238
136552102
153836657
204052611
503149866
69567520
834370496
70383290
286181778
346422022
254173146
823836589
815895993
607147531
457789017
994457563
228070036
581876653
719171691
205208682
169485720
203307689
98119243
945060682
706337967
68209678
73762747
614092449
115089843
394415221
106158206
475226345
580982712
25378547
280819308
945538143
225224473
226093969
587682152
714023082
612069238
945448689
200651806
40530793
919439410
19449937
24414858
48740535
7634522
20227820
667245288
793801239
204668935
6787696
419564610
739308975
839679227
827108106
857712992
458397624
285891032
531817112
164681963
798488464
499569525
30158610
387991588
126889853
733413146
63348416
950419469
808932541
755356573
900046889
369044848
12282821
521173933
962663041
607163417
399028036
600895664
851206256
416147247
47167544
44594635
113356660
791761648
932877645
213972220
712710622
860725656
871713802
528621321
167334965
685867311
162580041
843260319
196381299
684622398
557546079
506269562
488335763
548669451
530593125
884586074
290976910
650510121
839350693
931498418
720708120
352907555
159038529
286134034
369347337
649756511
953368404
96162380
920197861
689070497
26538488
74108551
726398815
60991990
912312435
10144565
682348949
578414997
842872055
7376724
659791115
992930442
734956498
42221765
245251490
186540626
969018164
838001214
724551135
640326076
901095373
476242052
282719353
360263233
774512831
143429741
821097461
957814288
798614047
172817693
77515323
626375800
745812922
712689671
823156876
897112405
446960886
964685513
67939293
667389443
293057860
785559388
626610665
231596640
976946546
694365524
431773219
21988002
362262981
37471370
723776275
640945875
127464496
128506482
491674523
807292547
528178119
991002446
24278778
11249713
108037504
161236226
41461419
665796133
756102969
289211499
345906025
543970165
485348739
899455364
225027401
308684149
750983108
690646997
779500236
602195965
728570677
969902045
202446567
391049934
679029152
358890136
328070317
271093359
661948462
743083039
25795015
93883508
25052932
92156179
12527990
846630885
842460571
227516419
147358111
165030570
924208408
90827797
682218193
64653212
553928127
224947268
140212825
373160063
648435742
412915431
162221753
887066340
115380205
813946621
640454222
738042612
138688289
432698955
99691542
358955266
905828318
449188821
835073608
49730576
959474275
7505428
532213370
162070629
301979602
144882298
298867755
289904404
114524772
424155846
535898447
53900852
15539141
43417553
444614673
233749707
792344114
159294056
114220945
825570615
712905933
1116619
728826429
892818112
524413533
679727998
74952688
257627795
759225942
724980686
933969188
944065483
955374783
774106326
528442845
65056983
300444620
624261404
990805376
19389498
645657078
153274511
153357040
184598886
84443634
661387949
126882088
704955794
515513406
821340309
415593127
924008475
535806450
84202339
372925458
956182438
695729673
434077811
968972651
953619669
882764011
651255688
538411473
555824775
616737666
395805749
511072339
634733108
13862270
64896526
32993385
810020990
496989400
479350203
226364445
608545977
85549993
61635043
81890368
368470815
473089539
788354999
725736535
686615314
631814634
648968050
417162141
911872036
932799329
179851068
964271774
531262539
393664892
307713040
855295724
188868247
686856527
81803413
419768452
172379680
747446830
303000301
52781497
905694857
547990958
622179777
34086769
3614641
161023767
835932884
989073694
651626829
32978157
499926742
896565401
206408283
132745781
59650506
250967830
849866747
926676233
361725999
60127196
401872995
589312951
27876685
928722159
854056890
403972517
255383055
845283105
599583947
534102137
366128095
282338247
809160454
483495195
930221360
101797516
964341103
57929210
366292486
376119004
500711680
875345209
806922600
917604507
731673678
645744847
364808425
958879759
976599411
87054076
960249167
907416583
37072021
102551901
343976532
815849955
586498075
238884230
550342556
658108408
66491340
572421980
835275169
215751393
684065126
150072615
328919708
834786794
660529480
376642409
281329389
2045732
479970985
236942360
496818680
397087573
665588155
13201590
233026959
875274096
952907155
306949479
169910974
612103148
81155200
491220363
686120114
714921501
719652944
577911071
721682762
310368783
474066949
106613301
362563222
158428868
945381272
407390627
550588558
356287930
717435501
653249176
2617025
442120289
7034304
386706650
107211741
830529820
584921929
2425197
296482114
920569958
695289701
125254810
502564392
123669139
758474504
66705149
945041083
988049390
891281491
330995817
256364898
607141556
571470970
962244048
693493455
548997390
492788941
517381009
452657779
15166901
734315647
634403485
425800263
141481721
397374788
960925966
957919714
686336576
912251859
262712197
931642343
665080417
49641518
899290596
762518322
442527384
341283447
175683414
886479575
822466140
695584646
996913366
892979868
13886361
19369522
734874212
134337314
754503354
701458737
608477578
913781381
24141808
421241652
580401976
528113823
796324736
16719672
208520623
465238005
349034136
125139397
310479393
171339845
951684611
727995567
82602369
937483499
54951041
83470230
780602725
113880530
764871897
20081583
959561711
141837642
483648486
481182488
18900642
870024498
712083601
587549866
382404902
997171391
79182007
673232115
376136347
900452116
365211631
811170594
506888514
487913943
715385890
33113469
732405631
689124254
781785881
15963494
840306555
426930739
465329684
96319950
879836269
868868137
238364659
567023858
23110402
983694726
721866831
837925331
248197557
41295998
173903522
317293210
734411612
603978438
372278111
638262895
928090666
972422120
790396892
512195463
73030402
398720712
830644880
551557797
91997819
146882099
552270226
223735237
924186515
589409073
598517931
125965384
930857576
921196633
849154324
386610901
394434497
392463970
92311084
842060456
446730315
715511407
813624504
259846806
661801965
951223003
168365599
360212298
670551621
61767203
30012846
333073517
980500230
169824311
780612579
284656788
513566484
20851928
778866034
929291893
217567268
775415739
628190350
958964230
309563214
696587817
958329645
899374650
628803054
41754132
112998285
402974553
822993048
200067944
910034384
461924394
362446793
290815430
130148065
47251888
941871888
108478564
47332049
387428562
327892835
436401006
425936386
874202541
401907702
20468099
963068365
504248982
123635724
451826375
271038276
743198467
286883164
251358974
650307700
484116576
1832957
818928933
112956499
630460414
7229280
497078993
848353935
937322389
368082037
716267974
619154209
794299126
65075251
95641767
753388273
718418227
584936532
70362686
549951309
783221687
235587325
540361426
100696246
429240308
43161999
199967448
130624749
3019862
260253275
478883620
629608215
3618527
954191034
576561822
554868803
91204328
587293178
413622824
901434550
441189254
780092529
224903294
665747641
260886839
125989797
339416348
198216236
527196931
850513249
531609269
468261426
211182403
159973054
33072292
191734844
849264721
53845569
472505709
678325909
682850118
859015649
6770207
27174131
183563940
916572657
737765688
519357469
607744382
998251862
675369741
481225629
84904412
839831196
264719843
156556733
251083762
261932914
175561198
467196489
169082666
536189316
214780355
893962695
903963141
51624711
82446751
612198489
89522072
758070760
114602860
662946703
234012530
103185566
125910008
635985479
226842612
899829780
25106312
476895665
22318103
765913607
393055311
346334114
580606818
804606108
487174187
768369489
180050858
244029565
104534039
719588080
864028041
263615056
624468716
291439968
870791729
98364012
349113280
654795248
786806051
252695653
648251542
443770307
877878760
570387612
405555083
97368431
237859687
919581408
612956973
30580472
130798814
595392834
598899197
481410726
419538061
421274693
644950713
272453499
146591361
112537160
433498921
318325469
139491694
9277461
775760632
702850334
322454239
70152394
687522282
37287101
423112691
858160790
548606957
494538509
936222023
469289608
701751763
103400341
586392036
443340546
762508545
786774055
388811181
404583659
120306802
927596414
349331261
839626749
697179662
819312126
507515866
60473790
321017375
957337622
540489498
896548615
675504027
216825231
568495968
85724874
134428276
89350220
793824757
304785475
20592938
969734026
160735451
697819129
30886462
659051628
131888038
184073407
955056195
519288005
78835433
736885397
89499237
690021485
812773751
644737570
66051251
50813484
312864499
631011057
529038120
310768422
549424189
220800869
215421995
501851708
134453159
866535534
490651830
635510768
935910455
371131131
659694373
824316663
40976060
143642802
201974259
475511519
580745264
378869657
44929734
930235334
784833891
752738703
716729330
25198227
537403686
48874867
38422315
191061949
132018308
51895784
469780601
906884427
806266227
46468766
322525511
132784963
51632028
385386128
346803608
541500858
22945839
466870274
64904517
530255614
397058795
885570283
119363111
682897617
833672020
983738614
541132322
900306583
411590454
145162721
174889648
266877550
671014103
834546288
966273247
725532839
301811550
355475552
377492505
409064371
823539904
57220471
517097352
815941100
19990915
293210987
222326047
764670061
933629938
512633651
468000240
844141206
716854128
77939864
886116197
644875207
343037228
53724099
98363869
253202752
5164964
573506140
256137910
189464901
494594937
370385862
75649035
738878451
742946314
422651026
187404974
867955632
482742547
836401969
336074031
48279616
841632594
101427747
589141243
85507702
813123447
90936037
661509109
429065807
98248572
872122795
9334242
765494443
964113178
878837535
945100959
13801328
634870771
166416791
557244592
542594981
987815704
38446515
920499375
610862992
590995813
660777725
264976204
522625514
233342658
26955696
33703123
128655260
99554584
729819463
659360790
658807773
234587345
153736916
462580479
812959661
639558015
73903968
221796039
961719413
772518340
178359291
151300698
938781848
740463950
640445946
444804842
894665941
890553503
315973226
927219833
290069294
469338173
308506407
659632196
741516955
246843651
846652575
172780815
896091723
89580114
107657304
711664930
163366212
535224687
774784006
191578366
541386113
102953549
553965691
301356670
919228907
88105494
63492550
589229436
141466882
753333662
233557187
138565472
41445194
55859859
154753405
20859320
49869841
340318194
203803496
486689519
58528449
486659700
157936536
236847407
468692504
498849871
401940052
175449126
414645717
820465244
230150576
708687000
495276855
206868283
782292630
898198020
433329235
237881146
791368208
887365402
178173410
787308909
394610190
786911431
371351072
857067217
919651902
907742021
404951015
820699156
323199404
876201090
562013783
681952911
129477961
474574560
64544745
794507148
123275572
858540301
590936121
774979961
819227422
158637206
563452212
829323064
148872801
817104693
32346921
971829661
242582317
781214756
47755378
331742916
864099797
421922978
623584144
162530126
851898154
240542581
398572190
555327740
87110457
488232915
411964295
975582767
701414297
810778330
501481551
629656081
172354680
24706866
875603605
185591741
610278549
107498066
63930919
516181746
556024044
80707097
551126227
322317541
390876643
410888074
585364482
461769988
284064253
93139530
159352418
414603731
254553163
743691267
872331068
690951024
266595706
664805422
917377252
167790345
92893394
467795604
131076385
315477715
442547881
530214385
613085557
487029364
249123646
993586471
878165857
540574191
870392299
153558837
751918174
886703352
99210246
62720368
724158739
161875400
408453464
961896192
394811497
307037885
15547552
22803202
68880818
521865024
432743869
106608420
869670045
725107247
738504642
983197932
864403472
433453579
350780387
737940531
553957323
956429177
275492872
141602010
83348522
650572460
521553660
806909652
26070570
139467250
756444712
938927453
777267052
129992387
676721580
163173113
410029043
306520248
61931140
2372809
213506998
703021279
984012290
563961168
227632310
179388810
586510562
192862170
834053691
639121052
64966488
504332540
53987299
90118267
355024274
264180495
1079320
535789501
350872557
213760858
828430250
837179175
818310198
448868709
958762285
418902685
114840248
10624364
512329282
295419266
697640209
407396065
957397651
824667656
441252025
890720816
558117947
126062168
812848769
224133915
622863049
332755049
681356759
887297787
952919380
772003636
49173261
642816433
903455844
40544233
407026693
400762000
229207570
985087778
210297638
312702040
129159911
364670159
213929020
319923105
169614085
995623842
77217416
919656947
100069382
802870101
835636108
240306413
861915512
362020527
560172515
666032094
835197
678946748
143287633
39054612
567348221
201942698
897568291
896546913
612272706
266046281
404613700
561288176
919381010
202931360
40269206
654379250
549348532
804421767
514062589
270217470
124594375
283730221
565097912
493989046
88883215
454904549
88156455
162808871
124039980
347083764
505997162
140123510
323311180
579271579
35884898
41480178
871649783
144453997
73198559
113451752
472542261
447417189
361794223
510176248
848183434
623410319
957084022
362083847
659488841
295590014
560425678
888827416
179462762
421309311
21233249
511482335
222086087
970396658
618121720
49729738
589903046
182406749
840543679
608937734
633892593
100498220
675797716
759177365
115421834
426148567
78884498
942594210
778589795
532432467
976345233
191989875
940921407
967590157
987156144
947122
296712208
297377756
395385746
178464441
656446877
323573755
265006749
784986890
636026683
319268213
500507641
620749782
779064209
476839791
176058355
809999916
193061769
6426641
579981348
659956188
202463783
290431813
531016887
972176105
686998513
450614484
