500
84694
42610
99661
13134
25161
47434
95349
67487
41260
38881
41180
29541
2997
88571
59600
1530
12212
75423
46493
40575
70118
22533
23337
80017
83733
14435
12287
85550
1389
16549
69042
94798
64009
33182
53898
17299
35239
37625
12075
70165
30887
68915
97378
6191
88145
95393
9359
58270
1792
58666
50663
71964
50506
13618
66418
87031
23974
41818
99394
80563
11824
94623
4112
69421
83157
37010
6451
10703
8880
29574
27502
3570
94128
19284
6555
90756
93310
23103
67100
8569
1259
81730
16147
17696
56846
40282
88312
69819
54265
96454
51986
21990
49155
39910
86715
31822
82061
55745
60701
99664
88422
71137
39151
56620
41647
783
76700
7905
45536
46091
52869
31813
8213
68755
27847
19616
62030
64989
58937
60399
95885
77009
18557
61911
41339
19843
27361
91921
6727
91470
30439
97982
42950
88469
88441
38107
30006
81209
41799
92934
53175
35624
62760
66008
60534
15316
99939
69352
55728
35880
24618
29554
58786
66758
48146
71249
31127
33018
79199
61208
81360
78117
36161
99857
40995
27940
90158
76418
24209
29831
11440
50561
30163
19137
51796
52150
42844
22058
495
11300
46233
73582
34014
61014
46926
64599
61698
80642
64240
29894
45803
35609
78977
82432
60624
81945
26361
67853
44850
45479
87871
96563
2945
17758
99789
1738
46806
82040
35419
10816
87961
39986
11106
72909
75371
53970
78200
62291
71787
67822
45107
47929
49368
38280
11416
82143
81142
17005
88166
80546
14224
93785
81192
50933
39652
38194
49275
26843
31513
97825
44295
89356
96959
48144
21168
56004
58195
40080
81768
69995
24891
24346
77238
99644
99709
88776
82731
17481
3671
45338
36603
96458
40961
39487
88949
74819
23876
95951
87367
90995
71664
63273
42373
67461
57493
49190
35114
83610
97094
52988
80224
41867
5686
83195
10794
93127
50840
29017
69472
24042
44063
41201
24120
70142
23504
27210
78721
35408
33912
95115
11107
30318
63032
34601
77226
84074
489
14297
3468
91250
45163
82510
81109
37979
66717
13639
80282
23942
42649
28290
76385
85903
4743
42134
46653
4392
21537
78944
67762
17639
22789
41202
49027
59051
7268
92397
65637
63481
94857
29365
94912
39761
70630
55676
3166
76154
10484
18589
9719
34416
75013
95365
59157
61350
9407
43818
9443
39294
22486
88073
37009
55277
13736
24661
23662
83558
49725
72798
14847
31790
39214
75859
4889
89337
33445
12878
78783
41863
18168
70516
61484
74012
52489
43380
636
43280
90399
80624
87108
33399
92896
90332
3163
21014
19733
91769
61525
17611
31796
5934
45221
92507
64863
8524
59879
15474
89570
96430
46136
87251
24794
44380
1897
83967
60488
63261
9082
4545
59136
16657
86343
30071
30175
48381
65982
24105
43377
11065
60872
69690
45920
3783
47445
7976
61584
8767
73328
8332
53587
73481
2977
85606
1629
85669
61697
29110
47711
33675
71811
86114
64003
87689
51742
54777
25422
22532
44119
11329
81367
72314
32074
88992
19006
77210
95724
42819
36941
10118
4898
84532
88554
50636
9708
49834
59646
34376
61043
70009
46011
88975
23315
76589
57013
64461
76452
96025
6543
36150
71765
11756
54351
93015
77622
6854
99872
32644
57234
59966
55426
5784
