2000
232593292
957810110
127281514
21933188
137548493
605117491
464883313
437150973
125678479
92235510
309153878
359526431
42311918
101985002
976446746
575655346
868333252
725242597
679723466
432122357
347091983
647603397
864489823
156075149
797896660
660886734
44317687
476499577
556099360
863897824
596870748
142413809
262764061
490746622
38959501
873893905
77469485
517132849
134783665
105836966
925967317
886946895
856122077
133509568
948359017
860391451
397106092
246746149
147144413
752087893
642057483
104814227
743817543
83021176
20481514
834033175
209289157
482113480
513169499
558691610
994323613
42634648
32828883
159232284
382679883
920326261
299519811
400716756
487201372
786242626
341401859
52762299
703710038
216552897
246687928
666550114
43159392
285419469
704318065
404941327
83026228
576547981
51299574
575514872
518407528
771511773
233029099
121235111
567865773
535096082
165469869
758361408
848927011
99009350
404799044
325331096
668672533
750859513
211369296
71826877
784835835
139975995
806667331
734308789
240559239
811101112
699885049
317806177
699191045
522052026
800869162
119205771
123780080
914108441
423962396
15607514
550913326
188666085
974969966
340228968
690792324
129943389
31314422
951865038
990007717
222443177
951870197
650974635
95931350
974268509
59308415
507533320
194183692
708435446
692477676
889386280
352259748
452134571
871604030
951108440
773793508
272471653
510733842
177081144
501147412
955824523
780065098
72006809
683199844
708909314
534571268
613271272
94105837
251594826
792846177
407926822
455138439
873823396
960337648
847768405
215426575
700737349
708434383
916383670
131277069
810409478
304726961
537841943
896453176
627478187
542092703
57375838
77026512
157377929
288703804
150570584
38921165
110981067
609623619
549523255
349379723
810207312
731408869
434810618
131260217
55691645
239132596
110627303
881206273
116690472
744891361
457181157
424471849
626200562
268068530
386834446
529934121
951189344
693460240
692557915
997459615
640621040
436868524
779890761
871497668
854428042
781289185
534988785
145938098
7177058
948558197
532519260
878679422
408509385
319667451
678048659
829001329
41877671
64465350
412367787
845284234
129206054
133684711
457911196
759249467
572424714
37271615
891372310
683764056
33704716
742311399
595042042
351805581
630241385
992813408
708298471
313786571
321505
3750587
960523495
28845325
602254285
144043948
721125712
332206874
917623150
744259584
949807780
831403864
15022740
237421554
36639171
329711163
62363771
699754605
292001864
922337235
447520112
102503014
643983640
318252420
9435343
489918737
294176649
547040151
485361222
695975188
398191166
447935717
975030921
984445531
74871067
440144674
552084421
979171020
696124411
906855139
816820086
301509520
722660606
736981620
256693567
227038864
122001914
820451382
568417501
232633340
54628838
664550332
78591499
50937388
856191770
72918196
739540959
811980273
979374988
9264309
59195786
35971451
400790217
708817392
350059120
442551930
494472586
848337778
874939026
448019077
750233314
128521899
963889279
303662402
748288043
109194260
935234775
106854248
478686541
189731083
358706378
316694294
486446141
991646655
28896918
114006489
153123935
815923758
775497355
488537108
350742221
107117004
48183447
567936148
996617913
880025224
448718050
862061910
879791468
221019906
676242006
732989960
428887846
72134965
676865207
26046136
614304079
111468882
610847187
675867693
467323054
849199392
594564986
60401160
498391930
441427822
293876333
107335222
702042340
131292061
451024623
385422780
513771969
549102641
81093054
590226334
681615408
674209011
743152633
868919811
95364687
422256802
506028380
239098560
805886849
389184480
381456399
559944125
160571655
96419358
76862976
493304300
52986558
393470996
631829700
481518018
876234196
871548650
738507358
738560189
870594785
109853243
509811867
531197311
931852512
197205039
636150728
627820565
541661823
887326981
340434954
476496066
129074488
700502323
110373991
21886470
868173636
26958663
728589670
44702037
68472385
421294146
532699788
966428553
29129358
852180519
780023317
488073646
635095588
475080356
843198579
699338962
488878399
26950386
922429766
289237717
622715146
37844879
965692812
103013281
72534629
407686918
635360275
249271384
114709182
415288043
925359614
9312214
357981269
306057453
506020535
778440662
878564897
98891623
297890068
379505968
19011933
691781793
740119129
713750658
24925065
88610346
72301253
826853880
728626977
253989764
549439102
407674295
857612511
208196381
534507636
215367440
98820431
512912276
974345512
889639525
64174634
26934174
334880955
401685128
350436910
2185695
144057417
555463163
3508444
107082269
953625015
132900557
377369937
842267957
289687273
467626010
886774271
538985959
256279875
754428169
303150681
557093555
745561165
912545579
970935070
45412653
98891284
185262666
281909136
503363218
973224678
670899895
51205526
791893506
79689369
573330308
892420571
132157531
651829978
958558976
991489430
15536606
582183966
89566594
438602558
908578409
875231101
616233548
995057154
325831148
375565958
50373736
949255914
626426722
864879857
498689763
804174855
997271331
166095023
92711752
175880103
227072260
252770009
45966753
172598024
735969269
66636099
497388791
442146551
229598326
302102225
879184816
187794239
746357785
489522061
722625054
887549786
426921214
63073557
107550400
315269419
986998711
122893214
19860283
837218183
214389955
595539844
48792524
781134771
717824503
333217485
846391819
599800437
542579197
407772400
80579411
951756947
232333763
184195423
203355787
675410857
940789699
35860584
89515650
934470771
586642993
736674801
445282959
818340099
63786576
62056938
694047171
166033870
906629364
511768798
688427421
407887628
140024179
681839533
267329962
108446584
652223933
183766979
33684879
932340354
968641664
810225386
160125997
884944753
714645613
845541088
465705758
826960806
653373944
177990364
114565289
381783126
148134027
202158060
651553373
989921658
695710659
209522267
557184030
627933589
366551881
23178666
994257882
995247874
370628521
403657803
512618921
77420610
103248936
73367365
322642884
361168951
25453160
498067138
402127385
653198376
851605744
594661457
732031346
585332776
593713811
77292699
996807216
770681462
16831629
663532007
628001311
95994270
530738467
892319963
291589615
588516133
735885082
257942855
849655965
289301275
884096598
541035302
340247542
783960564
891164181
666020851
538310274
930066203
767810637
798994976
310694109
991954335
146143365
328827684
928571373
696151286
115566466
125402738
601223948
973797795
828123047
662245915
814838763
437984431
711985165
504228064
616732282
63817907
970434892
15027368
756864557
166743980
273070415
800748955
574413906
746854853
876254218
89854180
400157056
744928790
45103725
131787458
690454385
124684612
169887217
954172672
369855812
942448728
663668938
607693755
282045747
956181969
102762332
507474852
387946710
905591306
402908248
957763280
225744643
97028521
336838672
394721085
679833249
255457074
438386798
340040780
684397998
923586462
968150979
397211194
677275467
796316328
930622092
568520689
116113497
896753189
26817473
273297935
572843578
68045339
652058407
473779081
221417393
81604341
195132481
404872841
705110882
371647463
804252018
946573038
409016994
924393795
364301476
325520061
367602451
274714314
852816831
363363274
343363257
518326392
905538740
95209640
833734968
530880816
360129762
183218408
905888504
226485007
993585047
597251661
600451152
45474702
691369403
57947354
439756992
335507685
853586953
803953873
284303608
64625941
793456850
407529293
946684186
407959080
203608093
25643513
37509593
580148146
354157728
582780490
30796156
198890427
57939856
665140233
900263009
949069343
756381176
509881416
521786342
268924847
428058220
568848851
929734015
715867773
691899563
225553857
745323231
3587122
212695689
333760651
742392923
941449659
433802066
646171316
177427630
802353935
47637803
913323689
746734011
847491527
385866218
236387402
353866734
718769049
349592783
28984551
467706259
722542657
612611479
585500801
883591239
619967146
795839961
645785641
655534316
507199796
605010635
157332887
819199714
664628744
964363709
568598241
385718562
397836566
422346142
653237401
16493816
784397911
172895456
503907896
484267560
257610498
748655380
20930119
705748875
106654833
55170611
787591948
582725193
428443122
210625191
935526723
261435424
773150915
306823768
727983760
54317724
97366393
123846723
179169831
315196175
599410958
406108879
510267424
471043115
121709108
571567510
260679170
103654590
304928938
972439155
761287057
412293741
433471477
365916255
664398696
388975590
855596840
891000656
560819983
167080097
575185250
117017624
707985388
639401390
637293809
435454098
466765651
375386159
295993996
927039027
473378268
694672688
787010880
720375839
43601101
967023376
628810166
919524533
498877311
179616969
135256214
854776844
483247090
463270376
687613261
65323509
42377000
71376454
229916298
566865680
455308003
144985170
16515025
819847881
772751605
827393468
816723330
792757662
719819798
651068563
703020580
907922266
57366258
895646122
171086543
766666820
883611565
277353635
921442953
65778037
758002702
29813178
145395504
980167301
846662326
541641538
787655756
859780115
857912332
7981108
50810790
531252283
149961572
625792162
52192716
589603435
837855838
144472822
762903096
277930569
41286941
136540858
427903596
89001917
558086047
29655444
86756867
429987862
73823447
106686043
108542376
461525944
866508047
45502691
162496431
646276655
784012323
645910692
124012615
93507120
598872907
653166360
721582382
702714108
513038056
190896475
541854315
145855338
88565026
610086982
905963366
820506460
520908196
923312462
773766406
15936843
768816966
98251722
474652688
13205428
430613440
603319506
883515099
818304558
514702128
43308566
546696200
61106335
630251834
767688940
19718439
999439646
759193980
631935692
767770582
474060645
156043974
962409154
133957010
114142161
16606111
972624417
912975887
17983718
145027366
620102509
575913217
511617414
273795746
101092617
229458684
226564231
583648329
983369526
522284656
612435126
132298331
772550787
981464211
612260714
328563843
712364000
456905958
627378229
60419145
8888112
195272619
280084217
53907948
384845453
666172716
728267568
44568838
548598501
228495106
477601402
976409516
365192794
132390367
493892134
432942323
157432059
350678649
90095691
851370189
982857667
80851454
39001548
555610276
809050251
600650402
496689143
684554206
438731629
114542602
61474168
658961176
391655619
496347260
306799407
141707368
875139032
380104041
253182340
80863177
165022762
82247933
806816892
724227869
134797874
148949901
180945600
589446193
338971737
602485189
779534613
141809971
153785653
279032862
281528550
358996537
165863058
123120162
102643767
164400973
693338067
547755303
760664249
820901563
531711033
871705902
48239865
135829497
809295903
524240893
770330396
299499788
675547417
378761668
904133732
998646155
461131176
572303204
527365484
475839541
285920760
456316552
412124246
224387827
825661759
385082159
345610212
504013388
952660700
871970872
231363193
859758276
752439520
392626524
313051071
850966045
559601423
279901216
630377291
156840344
939155244
971451999
10739068
158140685
831214020
511985222
328820739
237849730
235786420
204364838
262702700
240631528
105053410
55270061
575261412
923301934
149831684
674662159
226092908
439365892
103058014
490645729
685412902
649263865
74051622
917812687
851618159
830260722
799402786
460247175
825729181
13136910
79209493
334607622
147140424
342953111
635591545
73928116
934718413
336835922
824286799
907584255
500603090
279671666
481732461
964787017
685078015
947455413
177816202
594130396
61246039
47411819
33992341
250303885
502182282
50109742
787905073
616272429
402569712
95913314
97537862
551990987
724843383
260109179
555501357
240374693
785807656
974236525
881452571
473643429
938210843
119736420
58369316
124148092
43148834
51436649
93256528
268612210
667532117
890163738
137589296
435905968
601665045
731640409
783370335
146835648
706913437
554057217
82700988
484053031
597261777
237453243
464639707
836190182
846009331
289330150
955541247
794720364
25891757
40522171
657946229
399879473
268648817
239996288
328932170
800654993
782939902
103525117
719998648
484831773
632599053
105203647
39060773
111394656
2196496
373110632
824662988
127252655
72692932
549433659
583719397
981604848
999308335
491771675
846402144
561878468
23360067
625116876
134584380
390807109
792411702
273186944
423786900
214154000
140519368
16356641
877422328
123644561
591107273
214289190
420851808
993815043
346077383
730446305
745977312
275791418
955809817
54053595
484096247
127071451
796317082
977959069
724186216
437914556
301668314
139620385
348633874
338683551
39851065
884110255
881627322
935533074
54927066
906258176
112550167
697039543
441449680
984241346
980503099
618955824
772880460
265298132
338981030
213500022
15676072
262279847
548541840
583174851
564947397
903821200
544021981
261340340
311556790
141050285
631271121
62069822
197583743
619089048
972994934
166147418
686870475
634335648
613457763
481337066
53188427
656163120
271177356
502652023
119394103
479119913
394406827
145346686
397160285
12904988
272835488
785644100
507839322
934704690
840023449
560506996
200065244
946848238
204507951
859321141
35784304
863950470
31682485
781183012
579504841
31785257
470526200
782262502
927266459
943561169
889697072
839134553
83848891
760364323
720209345
330751642
941279985
996526520
13469733
59304936
213982087
320571491
521253942
215063958
275338775
265532584
471457797
776923771
915883190
262360273
94609966
490584959
775386537
565573029
470845155
58560151
864609929
428827652
592046718
348213401
839842428
815378210
415065883
833012635
917059784
485517179
797138971
619555714
100841596
94194105
737620348
879179315
481736108
39923858
823342128
124635081
884423596
761573188
954422524
128380275
661204139
381728124
258978171
731253884
343436940
451580085
866632097
761803448
662313437
427331219
854619647
186762642
110085366
191041710
153842968
484417759
993793880
25446613
693831918
930783432
513196837
725932207
698204723
104222075
262547630
735245887
826847575
346652242
807241599
201621605
395591483
632137771
337219951
173307520
34237168
245577081
633393243
36989537
547461595
946981407
645376085
101067814
671052052
768205585
299023312
893209431
570971145
410145662
995737481
455330869
912536783
112714582
945956433
959012512
940122671
871917618
278459158
279214556
429507968
160607895
352910744
522098328
701953928
753065307
861539711
841604017
51954293
662940615
625227822
570297632
182193759
608857689
761006362
653648286
635647128
253807067
250178707
782871131
406484149
502003264
305158546
941555832
471020017
247540362
77444544
487319399
904544370
915856415
26301877
525315561
711729065
985978577
281415587
125831850
383045928
978722918
7452805
147995409
537997784
907634518
3388097
680710915
424097295
205756771
688632082
79514656
988940594
769769619
880751376
877634778
935866302
958061206
944446886
14281409
664608625
14052431
958586581
963236348
143580621
236957272
636994384
21733147
918800399
562853350
925911289
441606837
250105687
867108123
899228092
263503551
423876002
980589143
113281328
635333761
278535192
367040300
144832007
670879937
696272118
627028763
787035882
101600872
544984215
398404567
994395620
856186341
20164022
634059328
517034718
788186827
755735191
512324675
874189632
443275152
693445950
49368651
753293222
21415979
928627133
264715883
582785369
38372321
612508905
342604758
61899974
430950473
458903337
746470930
462007503
855450929
173264882
556337393
611535894
524438173
362876794
791367554
719036208
932766427
820777408
251487683
21951058
340909306
62271332
74561428
938849055
182724346
407675951
478651871
435785323
201431273
738026978
20048433
750942448
209948313
505708590
777137496
396464576
379002382
767195048
787420254
717639789
15313776
669925324
964219533
624988772
320759709
562746460
652968570
7300389
81720871
200436098
876857639
958592290
921111739
780200121
781771593
563822439
332013005
622472535
667717322
831801289
209622850
67346855
723424744
660012248
896047341
700593451
719660415
292919055
99189331
241871592
370412739
443326525
918324852
997039185
963412928
351961095
664996268
390275814
49082179
80150259
149775438
758458679
97040835
83045365
836471959
775617989
721679788
508435229
758953839
702778561
233074525
163616772
566754060
54509243
917422187
367871635
973922489
996349359
55154079
823344932
344828222
477932896
369788382
751700759
93028317
312979215
153534736
583397143
943668664
16349036
625258816
145046343
181519677
812534196
629349140
308955254
5251010
765274645
268893514
191744628
258073445
48436517
206389995
945593900
97743282
90365202
976574646
717518390
664508568
53793648
848501859
687700915
363344993
897563617
259118769
300785011
4165279
10236394
212067351
356437017
987381993
63976668
785024756
41406261
518802620
793229255
975846105
131236499
149183329
88530505
628555514
737365621
403826558
870024186
379601837
690444829
350376252
111699542
450052001
329869002
33063385
865350371
805482857
13489785
652212106
287875016
103312420
854879380
860568243
816782003
112010466
250153351
463121711
770919357
708800316
795945495
292241370
133482114
843549749
786601162
913990367
112470988
454662356
833176484
487592200
434733710
208954779
858122638
812683365
334166116
28687007
974604726
550888807
600869138
536436191
425566467
306687633
56577083
181415808
874215592
206496706
554037692
19865166
983884882
468817103
133516320
760139664
359603833
901197146
54307995
297107912
772595561
685708597
707794314
686247986
449580455
711595254
202652700
831667277
9088012
856090016
707893439
574434171
76187938
655354809
67862129
676820512
139322738
59036711
73989209
378479597
946511349
100318937
588716399
646006117
377115497
556783345
69885076
194017087
646087675
523462948
374526139
126431443
735551702
142676285
866035108
946049196
466339816
146983699
620773603
918373849
227975692
344814893
207318276
419080984
668647266
900237763
247215286
18877526
733034053
979094434
832559220
353071349
865074423
868691725
725619940
209774526
441618499
567650096
148738083
254832046
191913531
28435120
694420183
254039375
348559063
73165566
883845161
852614169
367728962
630965296
26109499
979628206
303605478
429141029
653718626
586648879
477629781
384862430
569208746
997539861
110113562
829925324
243532868
714205180
727848333
410065203
367772024
369378011
849950815
555033636
459046208
898601366
302226614
9800822
35303046
956254480
435927
35576825
887001801
674164619
702729378
369102672
285363627
545475191
52274146
749613189
329679888
652151047
402553810
386289082
775806727
342417656
105924728
1810610
985122335
171157696
842342685
214557319
719255394
553022083
565254607
554588405
759658435
850692419
590069170
286742107
35774551
663888868
603310376
430003321
323722124
145516876
978206892
746783700
538452221
573598194
42607165
437328961
157899973
452791614
293704199
601915981
855933766
164684867
72178322
437556336
518343982
938512088
667064757
229503071
678633287
928800808
11260090
88889829
463622109
585694672
255034404
246534942
431392294
440596650
463272273
983555040
294185609
517615072
198958695
61926064
778089305
53431255
757171756
999446350
570720040
654367869
356992743
996387006
169503611
523815805
52169488
98372864
29980322
464271410
29525562
308739798
913698004
364124987
106848230
648910304
714340365
942144868
39220881
665681098
324126321
877804408
60727116
271515123
877053084
933515263
705600731
112700051
419112279
78832813
498490085
457715890
851949901
558483259
786849671
411440979
608407078
46353425
374808529
867327752
593044462
941496464
2628997
908091514
130033234
24820371
991785019
161957130
465505302
195734133
885895932
283937822
87903923
436311221
