980 900
166 87 3868 2875 6060 8001 5023 1401 3207 3616 1510 2772 7900 520 4950 4041 1392 9160 8713 7946 8130 4113 5963 614 1720 8264 5782 3814 7033 7088 137 8031 4211 2854 7106 1819 6472 9380 9874 2750 4151 566 7154 8977 7483 5733 5169 5332 5007 8744 9161 5770 5761 2001 5256 9686 4726 410 7878 2702 157 2956 1455 9727 9950 7083 8595 7002 6525 5782 1548 4349 9979 6428 9977 50 530 9706 6003 3030 1775 5128 9951 5436 7765 2104 2324 8328 9127 345 2766 3953 7368 755 4843 8080 4954 2749 2638 9667 1703 4123 3890 1321 9889 7436 4408 978 7648 5216 8771 9384 8537 4534 6051 5814 1353 302 5063 204 1188 9494 1328 2444 3041 3665 7512 2280 3142 6742 5042 6189 3605 5166 146 5429 1355 7240 9845 6118 9303 425 6586 2576 8200 6425 6067 6309 4395 9821 7227 6655 5560 5773 3635 9737 6092 3419 6483 8238 4588 6089 1670 8960 5068 5610 4583 3729 7884 2876 1782 6430 1359 2736 6177 7322 1663 8564 7523 1540 3983 1121 9018 1913 5241 1165 1889 2300 8331 276 3013 2674 738 1939 4106 8527 4631 2210 2661 5460 2671 553 5209 4021 6044 8863 6648 3537 2187 5492 6122 5103 4816 4286 5644 5128 1465 7601 3310 175 2644 1919 1177 4938 4957 7581 7365 4064 9932 8424 1096 8673 757 7370 140 8945 1772 6897 2854 3752 8211 8538 48 8830 2409 1862 7117 3544 83 4183 7550 4702 4830 2884 4029 6493 2191 5371 1137 5255 2179 3754 7588 7484 6304 9363 290 8219 9729 3471 5363 1912 5705 8400 3303 2461 1168 8423 5132 6948 1438 6197 849 2056 8954 1213 3048 9309 1206 860 6826 5657 4718 8276 5674 8461 8721 498 3544 4561 4517 1147 9710 7828 5969 860 7668 888 7347 6572 6467 6326 7107 3283 9650 4753 2421 8432 262 9480 9045 7078 9934 2625 7366 2880 6008 2394 947 6420 3896 3248 6721 5685 9250 9138 4557 8797 8078 7673 1177 1032 2025 8271 4358 2770 9935 9396 2723 6892 9217 2036 6997 7175 9836 9328 9728 2167 6837 260 3038 6979 4884 3929 6087 4215 299 282 2097 9100 9787 4445 7146 6633 1780 9329 7789 6027 1208 2074 9108 1352 4619 2177 8598 3789 9352 3659 6967 5065 5464 2676 3986 1142 7848 2639 2856 8707 7971 185 9904 4609 1497 2539 3929 9360 3025 5657 5741 3621 2435 5373 1915 7963 1587 2582 6205 6807 9453 19 7791 855 8312 229 1715 4388 9674 4518 5289 9583 4887 1274 5698 3580 3906 7032 840 5263 3900 7856 5305 5392 765 5473 2863 1371 9008 9731 4508 3394 1887 753 4921 9958 5983 9633 4719 433 8273 8348 428 3370 1323 8784 4299 3739 3823 493 3414 6897 8840 2961 6601 9676 5282 8846 4344 5077 9544 1174 5819 5070 8472 1018 9565 7577 5773 8282 5861 1761 4385 8454 4735 5321 1465 2910 5862 3986 3431 3849 997 7477 2464 7085 3666 4415 9794 4797 6792 9197 4382 5708 1571 8964 7262 3806 4491 9999 9794 720 2618 9210 3064 4575 1401 8156 2539 1143 2360 8688 2388 7556 7494 3094 1427 935 3146 3921 1733 5245 8970 3888 4144 6558 9332 2478 7527 6711 8846 3677 2113 854 8103 3278 8232 1516 4826 3306 356 3313 5840 3269 176 2400 4467 2790 196 5060 1096 4431 7152 7175 4662 1809 1311 934 2957 8313 3275 1532 3814 8065 1983 1435 9506 2573 4464 3016 6632 9440 4212 2046 9345 5887 8589 9695 3903 2192 1251 3601 161 2001 6799 5451 5097 8005 2661 4758 6585 9432 1432 4993 5854 8364 4110 8866 6638 8091 6374 2691 3198 5575 7224 4195 4018 1094 1590 1954 6370 3670 7179 3992 3756 1338 4092 8543 1813 8506 5516 8548 390 2375 5980 923 8118 1044 2120 7063 5368 6068 7255 8524 939 5485 6419 7991 4670 508 7883 759 5605 8824 825 7276 7412 4616 3490 3715 4207 7671 2730 3868 6666 1074 6826 9604 6622 6431 2213 3864 2788 8691 8419 9966 2962 5186 9926 5925 538 4953 2781 653 3534 3480 1760 3975 8394 8171 2652 6575 2777 6753 617 3643 6911 4469 7091 4368 7819 2073 4503 366 2495 5178 7350 4747 9822 2354 5339 6043 5361 87 7457 12 967 3966 667 2998 686 3673 1820 9940 2716 2511 3801 805 3521 797 5491 4194 8036 5803 5046 3671 2330 350 8523 6726 3338 6409 3474 526 6403 120 788 4732 4990 9648 3720 6210 2514 1326 123 6044 4078 5593 5583 7361 1445 2731 2544 6171 5646 7809 99 1118 8105 5465 767 903 7405 1698 5892 848 9595 529 555 4936 3096 8362 4928 6007 9001 4760 9827 584 15 3352 5063 9802 5553 8361 9909 2800 8003 9283 8738 6138 4661 7577 5297 4610 6993 3327 9119 315 4733 1872 9620 2290 4262 7931 6834 7276 3547 1709 3361 5654 7802 7473 4063 5781 6075 732 9277 5766 2548 3029 3336 1569 6968 2957 6111 9376 1106 6471 2538 1624 7227 3062 2271 3051 1490 8348 4457 3802 1179 8611 3277 7090 8662 3050 1450 5419 2969 9145 3189 8952 1838 6904 3282 6879 1691 8937 6786 3320 456 8405 8900 4423 1629 9540 5354 8730 3032 5219 2170 1765 1520 6579 6149 1360 1961 507 2149 3036 4060 6582 3134 1893 4318 196 9757 3878 7266 987 2671 6459 7651 8421 4267 6682 180 7138 7022 9774 7801 2026 5602 1362 4009 6187 1213 5719 8469 106 1001 443 8768 2687 2599 8357 5113 6030 271 7672 8965 8589 5684 4488 4316 8035 7463 5583 603 9339 7219 7362 3308 4159 2330 8837 8115 7386 8849 5342 3475 1185 2969 2370 5271 6121 8371 9118 1737 8119 3514 4837 916 2908 448 6186 1654 1360 4553 7299 5373 3358 9267 6752 
1 2
2 3
3 4
4 5
5 6
6 7
7 8
8 9
9 10
10 11
11 12
12 13
13 14
14 15
15 16
16 17
17 18
18 19
19 20
20 21
21 22
22 23
23 24
24 25
25 26
26 27
27 28
28 29
29 30
30 31
31 32
32 33
33 34
34 35
35 36
36 37
37 38
38 39
39 40
40 41
41 42
42 43
43 44
44 45
45 46
46 47
47 48
48 49
49 50
50 51
51 52
52 53
53 54
54 55
55 56
56 57
57 58
58 59
59 60
60 61
61 62
62 63
63 64
64 65
65 66
66 67
67 68
68 69
69 70
70 71
71 72
72 73
73 74
74 75
75 76
76 77
77 78
78 79
79 80
80 81
81 82
82 83
83 84
84 85
85 86
86 87
87 88
88 89
89 90
90 91
91 92
92 93
93 94
94 95
95 96
96 97
97 98
98 99
99 100
100 101
101 102
102 103
103 104
104 105
105 106
106 107
107 108
108 109
109 110
110 111
111 112
112 113
113 114
114 115
115 116
116 117
117 118
118 119
119 120
120 121
121 122
122 123
123 124
124 125
125 126
126 127
127 128
128 129
129 130
130 131
131 132
132 133
133 134
134 135
135 136
136 137
137 138
138 139
139 140
140 141
141 142
142 143
143 144
144 145
145 146
146 147
147 148
148 149
149 150
150 151
151 152
152 153
153 154
154 155
155 156
156 157
157 158
158 159
159 160
160 161
161 162
162 163
163 164
164 165
165 166
166 167
167 168
168 169
169 170
170 171
171 172
172 173
173 174
174 175
175 176
176 177
177 178
178 179
179 180
180 181
181 182
182 183
183 184
184 185
185 186
186 187
187 188
188 189
189 190
190 191
191 192
192 193
193 194
194 195
195 196
196 197
197 198
198 199
199 200
200 201
201 202
202 203
203 204
204 205
205 206
206 207
207 208
208 209
209 210
210 211
211 212
212 213
213 214
214 215
215 216
216 217
217 218
218 219
219 220
220 221
221 222
222 223
223 224
224 225
225 226
226 227
227 228
228 229
229 230
230 231
231 232
232 233
233 234
234 235
235 236
236 237
237 238
238 239
239 240
240 241
241 242
242 243
243 244
244 245
245 246
246 247
247 248
248 249
249 250
250 251
251 252
252 253
253 254
254 255
255 256
256 257
257 258
258 259
259 260
260 261
261 262
262 263
263 264
264 265
265 266
266 267
267 268
268 269
269 270
270 271
271 272
272 273
273 274
274 275
275 276
276 277
277 278
278 279
279 280
280 281
281 282
282 283
283 284
284 285
285 286
286 287
287 288
288 289
289 290
290 291
291 292
292 293
293 294
294 295
295 296
296 297
297 298
298 299
299 300
300 301
301 302
302 303
303 304
304 305
305 306
306 307
307 308
308 309
309 310
310 311
311 312
312 313
313 314
314 315
315 316
316 317
317 318
318 319
319 320
320 321
321 322
322 323
323 324
324 325
325 326
1 327
327 328
327 329
327 330
327 331
327 332
327 333
327 334
327 335
327 336
327 337
327 338
327 339
327 340
327 341
327 342
327 343
327 344
327 345
327 346
327 347
327 348
327 349
327 350
327 351
327 352
327 353
327 354
327 355
327 356
327 357
327 358
327 359
327 360
327 361
327 362
327 363
327 364
327 365
327 366
327 367
327 368
327 369
327 370
327 371
327 372
327 373
327 374
327 375
327 376
327 377
327 378
327 379
327 380
327 381
327 382
327 383
327 384
327 385
327 386
327 387
327 388
327 389
327 390
327 391
327 392
327 393
327 394
327 395
327 396
327 397
327 398
327 399
327 400
327 401
327 402
327 403
327 404
327 405
327 406
327 407
327 408
327 409
327 410
327 411
327 412
327 413
327 414
327 415
327 416
327 417
327 418
327 419
327 420
327 421
327 422
327 423
327 424
327 425
327 426
327 427
327 428
327 429
327 430
327 431
327 432
327 433
327 434
327 435
327 436
327 437
327 438
327 439
327 440
327 441
327 442
327 443
327 444
327 445
327 446
327 447
327 448
327 449
327 450
327 451
327 452
327 453
327 454
327 455
327 456
327 457
327 458
327 459
327 460
327 461
327 462
327 463
327 464
327 465
327 466
327 467
327 468
327 469
327 470
327 471
327 472
327 473
327 474
327 475
327 476
327 477
327 478
327 479
327 480
327 481
327 482
327 483
327 484
327 485
327 486
327 487
327 488
327 489
329 490
330 491
331 492
332 493
333 494
334 495
335 496
336 497
337 498
338 499
339 500
340 501
341 502
342 503
343 504
344 505
345 506
346 507
347 508
348 509
349 510
350 511
351 512
352 513
353 514
354 515
355 516
356 517
357 518
358 519
359 520
360 521
361 522
362 523
363 524
364 525
365 526
366 527
367 528
368 529
369 530
370 531
371 532
372 533
373 534
374 535
375 536
376 537
377 538
378 539
379 540
380 541
381 542
382 543
383 544
384 545
385 546
386 547
387 548
388 549
389 550
390 551
391 552
392 553
393 554
394 555
395 556
396 557
397 558
398 559
399 560
400 561
401 562
402 563
403 564
404 565
405 566
406 567
407 568
408 569
409 570
410 571
411 572
412 573
413 574
414 575
415 576
416 577
417 578
418 579
419 580
420 581
421 582
422 583
423 584
424 585
425 586
426 587
427 588
428 589
429 590
430 591
431 592
432 593
433 594
434 595
435 596
436 597
437 598
438 599
439 600
440 601
441 602
442 603
443 604
444 605
445 606
446 607
447 608
448 609
449 610
450 611
451 612
452 613
453 614
454 615
455 616
456 617
457 618
458 619
459 620
460 621
461 622
462 623
463 624
464 625
465 626
466 627
467 628
468 629
469 630
470 631
471 632
472 633
473 634
474 635
475 636
476 637
477 638
478 639
479 640
480 641
481 642
482 643
483 644
484 645
485 646
486 647
487 648
488 649
489 650
490 651
491 652
359 653
459 654
589 655
363 656
601 657
171 658
433 659
650 660
410 661
541 662
581 663
172 664
29 665
535 666
282 667
312 668
391 669
149 670
170 671
464 672
209 673
420 674
478 675
70 676
581 677
661 678
668 679
338 680
604 681
165 682
225 683
18 684
465 685
349 686
183 687
396 688
283 689
149 690
376 691
12 692
572 693
179 694
538 695
45 696
672 697
390 698
11 699
482 700
528 701
488 702
555 703
298 704
393 705
200 706
608 707
456 708
113 709
694 710
13 711
226 712
701 713
286 714
309 715
480 716
527 717
106 718
396 719
305 720
501 721
106 722
323 723
628 724
361 725
543 726
488 727
265 728
653 729
451 730
403 731
217 732
557 733
685 734
292 735
369 736
729 737
298 738
559 739
604 740
188 741
688 742
240 743
200 744
533 745
599 746
204 747
705 748
249 749
593 750
38 751
469 752
697 753
467 754
563 755
622 756
577 757
645 758
636 759
381 760
151 761
21 762
172 763
274 764
159 765
465 766
29 767
353 768
140 769
370 770
594 771
521 772
590 773
294 774
128 775
187 776
771 777
141 778
149 779
514 780
758 781
566 782
756 783
745 784
10 785
25 786
213 787
320 788
443 789
165 790
182 791
732 792
690 793
276 794
671 795
617 796
527 797
651 798
257 799
391 800
260 801
10 802
485 803
615 804
407 805
546 806
125 807
304 808
378 809
460 810
93 811
262 812
706 813
339 814
279 815
277 816
78 817
90 818
488 819
354 820
446 821
629 822
221 823
100 824
507 825
585 826
147 827
90 828
635 829
114 830
626 831
134 832
816 833
241 834
548 835
569 836
369 837
485 838
137 839
591 840
73 841
470 842
472 843
539 844
785 845
573 846
180 847
395 848
711 849
394 850
333 851
221 852
600 853
735 854
79 855
285 856
180 857
36 858
16 859
249 860
469 861
261 862
357 863
214 864
631 865
464 866
486 867
246 868
246 869
225 870
36 871
512 872
182 873
824 874
343 875
380 876
289 877
727 878
625 879
405 880
665 881
715 882
83 883
707 884
304 885
177 886
501 887
21 888
228 889
605 890
660 891
131 892
702 893
547 894
274 895
270 896
217 897
129 898
37 899
823 900
218 901
63 902
411 903
706 904
393 905
3 906
445 907
433 908
908 909
272 910
220 911
693 912
534 913
876 914
914 915
183 916
487 917
402 918
792 919
157 920
454 921
181 922
207 923
73 924
381 925
207 926
438 927
42 928
850 929
818 930
142 931
481 932
875 933
919 934
713 935
325 936
910 937
508 938
433 939
368 940
896 941
447 942
403 943
495 944
567 945
71 946
49 947
74 948
500 949
943 950
908 951
199 952
923 953
533 954
454 955
441 956
386 957
784 958
712 959
865 960
500 961
266 962
85 963
930 964
60 965
594 966
903 967
349 968
91 969
818 970
141 971
691 972
554 973
118 974
121 975
297 976
801 977
739 978
471 979
798 980
395 354
760 324
939 757
402 324
479 980
7 517
890 325
290 291
607 328
456 326
192 195
926 209
479 327
29 296
281 266
38 285
545 328
769 980
322 325
262 263
397 118
214 200
370 327
870 227
432 327
243 678
651 328
123 980
701 139
434 274
641 327
132 194
114 212
35 288
662 329
191 736
154 540
449 973
264 335
948 253
922 823
313 314
744 202
307 751
705 325
650 203
854 577
27 299
499 508
4 322
371 980
955 805
683 831
633 456
132 980
945 327
226 228
381 594
948 251
963 923
361 166
41 285
400 325
864 436
460 325
471 326
216 221
466 217
194 391
145 160
704 302
534 327
196 201
451 323
883 240
452 980
64 980
684 307
116 974
75 247
136 188
796 327
773 328
634 327
400 323
37 301
136 104
288 578
367 644
876 326
488 323
596 846
637 325
234 237
276 857
872 328
723 327
917 90
390 325
590 324
768 324
942 324
519 587
464 323
23 333
872 328
511 978
101 225
168 598
805 713
137 189
652 327
440 323
978 329
773 327
28 294
913 329
79 605
897 222
716 271
287 474
555 667
495 910
520 327
254 653
580 116
641 324
84 564
311 313
344 324
491 16
304 980
838 417
494 328
114 209
348 325
260 261
134 638
13 406
672 328
261 265
34 870
542 151
636 324
423 31
137 185
514 326
903 980
805 16
284 658
734 327
260 253
66 258
389 326
816 280
390 523
251 402
522 980
175 176
53 273
47 660
702 326
695 921
491 980
802 554
718 815
362 103
362 327
690 176
786 302
395 944
949 134
774 299
243 246
109 213
276 278
435 323
193 980
46 760
151 490
468 980
659 324
30 389
635 328
517 589
6 5
232 980
131 552
192 196
621 212
508 579
170 174
821 328
978 926
216 397
93 233
22 302
122 202
11 224
407 324
809 327
503 327
730 324
538 326
157 809
788 980
689 980
61 264
387 325
24 890
404 332
849 393
927 614
719 174
708 326
674 461
388 326
171 172
859 311
953 211
152 909
563 328
134 191
426 796
848 980
453 325
917 341
909 326
936 436
188 491
170 173
520 29
326 980
701 541
257 920
339 323
403 580
202 207
749 255
578 844
897 178
679 318
658 429
506 326
356 980
389 589
515 327
514 40
477 318
67 256
469 980
970 817
647 326
225 228
865 326
714 213
661 713
423 327
674 327
575 476
701 874
59 263
667 980
660 325
454 279
801 318
784 652
564 762
297 300
29 953
790 727
934 980
976 865
192 980
834 247
318 322
60 262
109 214
408 520
350 324
538 980
730 435
197 910
213 703
719 244
88 237
80 245
338 326
157 980
373 323
527 328
402 324
451 324
777 327
767 980
691 978
940 327
387 482
771 328
293 582
308 105
942 839
591 324
194 74
337 329
4 980
914 328
277 279
236 240
603 324
678 329
77 980
108 217
952 980
830 213
153 169
788 613
656 324
316 321
478 854
401 609
750 980
433 980
54 268
474 326
837 226
228 343
79 293
491 980
124 198
301 302
183 453
942 705
558 179
85 43
675 126
260 265
291 293
476 324
645 327
520 621
367 325
767 630
910 980
939 980
14 413
1 323
634 980
740 980
737 594
267 271
407 325
901 853
383 324
822 329
50 200
165 167
419 227
815 283
639 841
419 695
670 178
363 326
679 319
302 303
438 326
103 220
940 770
609 328
622 328
961 980
51 274
365 79
97 666
937 980
375 260
341 325
215 219
912 376
474 323
98 224
662 326
244 248
395 323
868 629
458 324
34 290
441 266
828 154
639 200
365 431
864 217
296 286
699 313
579 327
222 226
303 521
847 459
636 980
542 444
487 583
940 148
697 326
108 218
146 178
24 372
401 324
848 328
396 324
519 648
56 23
97 296
720 307
706 421
909 326
337 980
433 950
406 980
660 329
429 323
203 206
527 327
790 838
746 768
601 102
736 625
168 170
62 538
574 468
969 235
585 980
788 323
897 553
4 321
154 170
647 327
275 83
569 282
773 58
768 233
687 484
252 255
578 811
622 158
74 860
766 712
936 950
893 328
426 324
89 235
958 63
367 324
714 288
953 980
91 233
500 135
491 980
79 838
459 324
800 328
237 238
616 326
792 107
225 930
931 441
951 327
318 412
628 333
975 202
881 230
313 316
975 413
256 261
700 719
688 175
582 369
718 235
366 284
464 745
862 265
29 149
14 312
311 316
435 899
607 324
795 624
922 183
399 109
374 980
709 210
979 327
831 980
319 622
117 980
18 305
498 328
443 325
926 162
847 331
951 636
127 963
52 272
357 374
917 728
532 834
781 963
577 289
217 223
770 324
484 323
902 262
654 739
277 281
1 980
377 634
685 325
216 777
147 179
367 605
658 148
594 325
455 256
947 278
135 191
541 91
134 191
44 281
240 62
933 328
709 569
340 325
233 235
809 142
37 980
883 241
559 980
82 240
312 460
805 980
328 803
259 260
884 980
174 813
708 327
874 980
71 252
836 866
955 654
330 477
286 923
888 908
373 335
100 423
323 324
722 218
520 325
861 609
532 328
447 885
833 283
316 320
438 323
92 926
665 297
421 327
970 238
464 533
455 327
958 936
902 211
238 241
133 499
32 901
127 198
206 652
515 980
584 326
703 980
807 617
106 220
301 302
607 327
224 228
723 329
108 217
939 325
363 422
82 242
18 889
121 293
73 253
276 277
728 629
760 752
549 327
866 325
936 328
104 874
738 592
689 247
434 329
257 258
672 327
187 147
472 99
292 296
618 612
796 325
754 717
27 903
322 324
781 980
615 832
615 88
751 288
901 980
455 699
302 681
976 299
271 276
219 169
592 326
16 306
958 388
893 173
460 324
404 327
810 330
701 328
832 190
855 244
507 932
754 81
576 482
79 246
440 323
280 980
19 305
106 216
907 940
63 263
377 142
156 169
975 203
146 851
178 769
154 980
273 276
883 243
327 832
717 328
961 328
49 276
238 818
213 214
948 926
560 604
738 303
206 980
25 71
781 330
597 324
443 326
593 326
2 321
822 329
256 258
274 539
403 52
308 980
19 306
899 80
656 327
758 326
316 874
680 873
326 331
724 583
75 63
484 980
727 327
216 221
683 228
275 276
19 980
112 213
245 286
978 57
336 809
255 259
945 325
124 201
567 315
631 325
330 327
879 328
592 11
99 224
452 326
890 980
267 854
250 255
800 216
43 649
280 282
777 400
657 699
466 325
819 136
853 325
464 11
581 326
859 309
953 212
813 203
612 326
856 596
162 980
609 972
767 296
105 257
198 719
873 398
94 980
533 980
480 323
42 726
326 566
863 70
428 323
236 237
119 207
139 185
61 264
908 327
630 728
596 980
736 328
59 266
140 182
309 310
476 325
759 325
893 324
657 328
738 798
845 318
143 179
932 980
862 264
66 6
549 328
621 327
750 326
21 889
825 980
384 323
616 980
193 195
399 941
368 325
957 324
470 326
753 601
226 954
236 774
146 177
866 328
445 138
760 115
248 471
873 980
929 634
965 980
482 195
12 310
925 423
945 980
209 210
96 371
522 326
977 980
688 121
113 100
702 464
610 326
431 323
381 323
547 326
176 980
4 715
615 775
583 325
166 171
825 598
672 328
89 980
342 705
136 532
739 712
416 326
318 940
744 980
950 327
609 327
38 288
746 320
873 184
79 980
717 648
761 172
925 776
813 207
112 980
385 326
446 925
843 327
694 980
918 83
179 485
629 327
589 634
425 325
541 324
213 526
89 515
574 604
801 89
905 324
290 808
462 980
481 610
860 253
145 319
460 216
566 287
227 229
724 329
672 324
366 785
961 325
44 128
293 298
682 861
906 660
325 980
178 662
518 324
200 980
974 208
563 327
47 276
99 226
363 358
404 326
242 404
176 325
255 378
735 122
129 193
407 264
97 226
257 767
481 326
634 327
105 217
284 724
207 411
29 980
772 295
582 980
902 260
973 805
326 702
462 493
977 265
708 325
15 309
291 867
822 980
479 326
108 980
212 95
944 259
287 290
889 232
697 766
291 294
894 399
672 325
221 225
336 325
953 238
690 178
708 342
635 326
852 540
296 297
506 378
947 980
