924 983
383 3460 5161 6713 3625 2615 2224 6176 1991 4761 8753 2744 8133 1530 8035 3341 3673 4410 1334 2317 7534 7119 9564 4688 9813 3301 9259 8718 8651 3370 8420 160 2771 4254 1607 9241 4647 2354 6892 324 3447 3767 3428 4619 9919 5807 7360 3164 9788 1675 6769 954 5530 1916 309 5981 173 9434 3063 7093 8374 3229 9597 2998 6051 7906 8572 5310 8765 7037 6115 7967 7937 8682 7744 3673 4095 1151 9042 1574 397 3994 4775 451 8870 6737 4804 9486 7555 4587 7475 3549 4557 1970 4783 1247 2345 7577 2770 4571 479 1276 5186 7092 2765 1892 9194 8855 3349 8189 2662 3862 8705 8692 3079 1791 8317 8265 8170 5460 3294 6667 697 7217 170 2166 7927 3115 4838 2627 6324 3378 1540 3053 7960 7014 8316 7447 4439 8174 1378 6743 4504 3688 9207 6101 1565 5479 9030 4582 9921 5575 8877 6033 9169 8295 5375 744 1246 3388 6540 8114 5049 6991 4537 8650 4306 4853 2564 9037 3872 1243 1859 258 5075 4211 5565 7431 7335 8136 5249 6007 9783 6516 1249 6847 7481 5373 4689 2487 9704 3546 6405 3151 28 4087 6665 2513 1449 5362 9739 667 734 9883 8519 5950 3567 8354 134 7183 1660 7130 8085 4777 1466 9204 2689 6126 1508 8130 1510 8055 6387 5892 2683 4631 926 8354 5884 5242 577 9536 2247 6036 2895 4697 2919 51 1359 6734 2819 9647 6147 9816 6775 5220 5327 7924 1731 1409 6734 823 1927 425 1099 4039 6612 9421 2492 9230 8446 9332 2585 8964 7256 4554 3795 3319 1876 239 534 7923 2525 9108 1733 6741 5935 914 3164 427 3727 2494 8372 8949 6099 1571 7255 8853 2659 3859 3339 6672 8631 2402 5510 1857 9721 3299 7697 3304 4783 4372 5777 5369 8833 4740 9978 7837 4099 5515 6162 1778 2185 793 8682 5172 5561 510 3348 3865 2213 1205 5089 3095 4429 6982 5658 5057 252 2099 174 9188 7241 2912 5089 2756 4355 9690 7109 7199 6962 837 5436 6875 9942 4165 5443 5092 9328 5006 6171 2803 459 3328 9771 4931 9257 1276 6321 2847 3250 3243 5819 3117 4156 4556 7533 8695 2731 1179 7756 5441 5858 8315 3957 7404 5999 894 2966 773 4955 8188 2384 688 7053 9518 3206 6268 1273 7805 2958 3057 904 9766 4149 8603 4938 2876 2855 4014 8512 8998 7639 6615 9940 4763 9651 8889 7136 8518 6288 3341 4227 8822 3100 5949 3192 7768 9023 8530 1164 7196 6545 6775 5233 3766 7712 9655 3443 8132 8507 4978 6654 1632 2319 6232 5544 8956 7908 1124 3802 7120 6689 2868 5169 5162 7428 5022 1650 5033 8603 242 1182 7341 940 9790 1076 1044 7487 4108 1887 3469 4750 9543 1366 3108 8701 6860 3026 8098 1860 5066 8127 8399 3575 776 3173 8683 6833 7211 272 852 8469 3970 5387 1626 6653 9633 4131 2085 7979 9536 5285 4416 4034 3870 3851 3271 6497 1539 9786 6601 1264 9425 2418 143 6236 1444 7419 6528 3139 4149 9066 59 7246 7584 1481 2257 929 7654 5207 3290 7911 2145 7094 3473 8826 6528 4956 6024 1911 3413 6093 1821 7025 7189 3454 1742 5106 5430 7225 1942 3708 752 7256 2997 1077 8814 3656 6922 7420 9337 204 4747 443 3891 2983 2116 5319 6531 6101 9540 4398 3471 2992 682 6275 3975 7119 6034 8202 9169 3948 6317 7860 7998 7855 998 6163 5179 3879 2162 1237 5020 2940 1282 5615 1209 2772 2743 4647 6668 8987 7409 4709 2670 221 9364 2886 596 4436 4750 2319 2357 2740 3264 855 7317 721 3514 6680 8916 6801 5543 6669 5456 2742 6535 8718 1757 8328 6835 3826 5937 6156 5033 2501 2569 5319 4695 958 2942 1874 46 7976 1220 9638 9478 7091 6961 9635 3734 5010 4047 6456 7675 9351 1376 5222 5162 9784 3340 2995 744 5025 4290 1331 335 3858 4751 716 2090 1598 1105 8824 5899 4907 9979 6887 6699 6242 1763 4680 9301 1191 891 800 9959 5334 8535 7660 5605 9524 3993 218 8562 2285 8058 1016 5815 4130 1406 6557 9277 1726 8354 5468 1358 7063 791 4923 1704 7389 1109 9194 9823 931 4324 157 4305 8481 7891 7145 9533 7663 2539 1968 2589 9581 9291 1672 4823 6443 4310 2807 3128 8486 6764 2893 1448 5604 1657 2462 130 7824 1734 3995 487 9663 4872 3969 5859 2744 6563 4117 832 820 6038 7139 9563 2309 5547 314 4899 4223 1787 9640 6127 337 2290 5945 5214 5829 9544 1709 7200 333 7654 888 1995 3127 2610 9437 7512 9038 4470 5326 2870 3430 3765 2301 8473 5062 209 5371 5333 9598 9128 120 2267 9072 7165 1826 8569 3606 3120 2537 8935 5702 8431 2806 482 3081 8142 9512 4270 2698 3394 9153 3377 2608 2642 433 7183 1115 4880 7086 7787 9814 4606 8972 8157 2361 8646 3815 7815 5088 9692 9266 5413 9792 2352 3810 6755 7805 3160 5186 5274 3561 4617 6431 8522 4610 3835 1887 5165 185 8055 7294 2512 582 2911 3002 9930 7646 6697 2624 1608 6396 3754 1598 3060 3597 6321 3058 6650 1683 4918 5627 9497 4318 8676 7804 4083 8379 3154 2617 9178 5953 1334 1482 9224 6793 4914 8078 6459 5614 7808 2049 258 3397 8443 3903 1870 4616 6709 9443 9761 590 7195 999 8243 5924 6153 3207 8679 1947 9711 879 5956 1253 641 6341 2638 9188 1900 8506 2756 2208 5622 9916 1318 5906 7520 
1 2
2 3
3 4
4 5
5 6
6 7
7 8
8 9
9 10
10 11
11 12
12 13
13 14
14 15
15 16
16 17
17 18
18 19
19 20
20 21
21 22
22 23
23 24
24 25
25 26
26 27
27 28
28 29
29 30
30 31
31 32
32 33
33 34
34 35
35 36
36 37
37 38
38 39
39 40
40 41
41 42
42 43
43 44
44 45
45 46
46 47
47 48
48 49
49 50
50 51
51 52
52 53
53 54
54 55
55 56
56 57
57 58
58 59
59 60
60 61
61 62
62 63
63 64
64 65
65 66
66 67
67 68
68 69
69 70
70 71
71 72
72 73
73 74
74 75
75 76
76 77
77 78
78 79
79 80
80 81
81 82
82 83
83 84
84 85
85 86
86 87
87 88
88 89
89 90
90 91
91 92
92 93
93 94
94 95
95 96
96 97
97 98
98 99
99 100
100 101
101 102
102 103
103 104
104 105
105 106
106 107
107 108
108 109
109 110
110 111
111 112
112 113
113 114
114 115
115 116
116 117
117 118
118 119
119 120
120 121
121 122
122 123
123 124
124 125
125 126
126 127
127 128
128 129
129 130
130 131
131 132
132 133
133 134
134 135
135 136
136 137
137 138
138 139
139 140
140 141
141 142
142 143
143 144
144 145
145 146
146 147
147 148
148 149
149 150
150 151
151 152
152 153
153 154
154 155
155 156
156 157
157 158
158 159
159 160
160 161
161 162
162 163
163 164
164 165
165 166
166 167
167 168
168 169
169 170
170 171
171 172
172 173
173 174
174 175
175 176
176 177
177 178
178 179
179 180
180 181
181 182
182 183
183 184
184 185
185 186
186 187
187 188
188 189
189 190
190 191
191 192
192 193
193 194
194 195
195 196
196 197
197 198
198 199
199 200
200 201
201 202
202 203
203 204
204 205
205 206
206 207
207 208
208 209
209 210
210 211
211 212
212 213
213 214
214 215
215 216
216 217
217 218
218 219
219 220
220 221
221 222
222 223
223 224
224 225
225 226
226 227
227 228
228 229
229 230
230 231
231 232
232 233
233 234
234 235
235 236
236 237
237 238
238 239
239 240
240 241
241 242
242 243
243 244
244 245
245 246
246 247
247 248
248 249
249 250
250 251
251 252
252 253
253 254
254 255
255 256
256 257
257 258
258 259
259 260
260 261
261 262
262 263
263 264
264 265
265 266
266 267
267 268
268 269
269 270
270 271
271 272
272 273
273 274
274 275
275 276
276 277
277 278
278 279
279 280
280 281
281 282
282 283
283 284
284 285
285 286
286 287
287 288
288 289
289 290
290 291
291 292
292 293
293 294
294 295
295 296
296 297
297 298
298 299
299 300
300 301
301 302
302 303
303 304
304 305
305 306
306 307
307 308
308 309
309 310
310 311
311 312
312 313
313 314
314 315
315 316
316 317
317 318
318 319
319 320
320 321
321 322
322 323
323 324
324 325
325 326
326 327
327 328
328 329
329 330
330 331
331 332
332 333
333 334
334 335
335 336
336 337
337 338
338 339
339 340
340 341
341 342
342 343
343 344
344 345
345 346
346 347
347 348
348 349
349 350
350 351
351 352
352 353
353 354
354 355
355 356
356 357
357 358
358 359
359 360
360 361
361 362
362 363
363 364
364 365
365 366
366 367
367 368
368 369
369 370
370 371
371 372
372 373
373 374
374 375
375 376
376 377
377 378
378 379
379 380
380 381
381 382
382 383
383 384
384 385
385 386
386 387
387 388
388 389
389 390
390 391
391 392
392 393
393 394
394 395
395 396
396 397
397 398
398 399
399 400
400 401
401 402
402 403
403 404
404 405
405 406
406 407
407 408
408 409
409 410
410 411
411 412
412 413
413 414
414 415
415 416
416 417
417 418
418 419
419 420
420 421
421 422
422 423
423 424
424 425
425 426
426 427
427 428
428 429
429 430
430 431
431 432
432 433
433 434
434 435
435 436
436 437
437 438
438 439
439 440
440 441
441 442
442 443
443 444
444 445
445 446
446 447
447 448
448 449
449 450
450 451
451 452
452 453
453 454
454 455
455 456
456 457
457 458
458 459
459 460
460 461
461 462
462 463
463 464
464 465
465 466
466 467
467 468
468 469
469 470
470 471
471 472
472 473
473 474
474 475
475 476
476 477
477 478
478 479
479 480
480 481
481 482
482 483
483 484
484 485
485 486
486 487
487 488
488 489
489 490
490 491
491 492
492 493
493 494
494 495
495 496
496 497
497 498
498 499
499 500
500 501
501 502
502 503
503 504
504 505
505 506
506 507
507 508
508 509
509 510
510 511
511 512
512 513
513 514
514 515
515 516
516 517
517 518
518 519
519 520
520 521
521 522
522 523
523 524
524 525
525 526
526 527
527 528
528 529
529 530
530 531
531 532
532 533
533 534
534 535
535 536
536 537
537 538
538 539
539 540
540 541
541 542
542 543
543 544
544 545
545 546
546 547
547 548
548 549
549 550
550 551
551 552
552 553
553 554
554 555
555 556
556 557
557 558
558 559
559 560
560 561
561 562
562 563
563 564
564 565
565 566
566 567
567 568
568 569
569 570
570 571
571 572
572 573
573 574
574 575
575 576
576 577
577 578
578 579
579 580
580 581
581 582
582 583
583 584
584 585
585 586
586 587
587 588
588 589
589 590
590 591
591 592
592 593
593 594
594 595
595 596
596 597
597 598
598 599
599 600
600 601
601 602
602 603
603 604
604 605
605 606
606 607
607 608
608 609
609 610
610 611
611 612
612 613
613 614
614 615
615 616
616 617
617 618
618 619
619 620
620 621
621 622
622 623
623 624
624 625
625 626
626 627
627 628
628 629
629 630
630 631
631 632
632 633
633 634
634 635
635 636
636 637
637 638
638 639
639 640
640 641
641 642
642 643
643 644
644 645
645 646
646 647
647 648
648 649
649 650
650 651
651 652
652 653
653 654
654 655
655 656
656 657
657 658
658 659
659 660
660 661
661 662
662 663
663 664
664 665
665 666
666 667
667 668
668 669
669 670
670 671
671 672
672 673
673 674
674 675
675 676
676 677
677 678
678 679
679 680
680 681
681 682
682 683
683 684
684 685
685 686
686 687
687 688
688 689
689 690
690 691
691 692
692 693
693 694
694 695
695 696
696 697
697 698
698 699
699 700
700 701
701 702
702 703
703 704
704 705
705 706
706 707
707 708
708 709
709 710
710 711
711 712
712 713
713 714
714 715
715 716
716 717
717 718
718 719
719 720
720 721
721 722
722 723
723 724
724 725
725 726
726 727
727 728
728 729
729 730
730 731
731 732
732 733
733 734
734 735
735 736
736 737
737 738
738 739
739 740
740 741
741 742
742 743
743 744
744 745
745 746
746 747
747 748
748 749
749 750
750 751
751 752
752 753
753 754
754 755
755 756
756 757
757 758
758 759
759 760
760 761
761 762
762 763
763 764
764 765
765 766
766 767
767 768
768 769
769 770
770 771
771 772
772 773
773 774
774 775
775 776
776 777
777 778
778 779
779 780
780 781
781 782
782 783
783 784
784 785
785 786
786 787
787 788
788 789
789 790
790 791
791 792
792 793
793 794
794 795
795 796
796 797
797 798
798 799
799 800
800 801
801 802
802 803
803 804
804 805
805 806
806 807
807 808
808 809
809 810
810 811
811 812
812 813
813 814
814 815
815 816
816 817
817 818
818 819
819 820
820 821
821 822
822 823
823 824
824 825
825 826
826 827
827 828
828 829
829 830
830 831
831 832
832 833
833 834
834 835
835 836
836 837
837 838
838 839
839 840
840 841
841 842
842 843
843 844
844 845
845 846
846 847
847 848
848 849
849 850
850 851
851 852
852 853
853 854
854 855
855 856
856 857
857 858
858 859
859 860
860 861
861 862
862 863
863 864
864 865
865 866
866 867
867 868
868 869
869 870
870 871
871 872
872 873
873 874
874 875
875 876
876 877
877 878
878 879
879 880
880 881
881 882
882 883
883 884
884 885
885 886
886 887
887 888
888 889
889 890
890 891
891 892
892 893
893 894
894 895
895 896
896 897
897 898
898 899
899 900
900 901
901 902
902 903
903 904
904 905
905 906
906 907
907 908
908 909
909 910
910 911
911 912
912 913
913 914
914 915
915 916
916 917
917 918
918 919
919 920
920 921
921 922
922 923
923 924
99 822
471 470
412 270
543 538
11 909
528 524
739 259
164 909
893 795
882 879
334 356
861 856
633 924
896 894
286 638
541 801
152 772
901 898
310 67
342 543
355 567
552 323
208 715
479 474
385 836
667 663
357 564
360 564
56 110
691 275
80 924
849 848
851 316
101 640
805 32
736 732
40 211
38 884
252 723
484 924
533 529
858 853
221 701
552 924
67 751
378 682
620 618
63 861
405 30
411 386
430 223
916 924
195 924
712 708
207 696
203 167
753 752
440 924
335 855
902 388
790 181
639 637
665 783
382 343
393 497
575 764
92 346
46 383
543 538
294 629
620 619
145 779
688 686
595 375
415 261
265 655
552 448
384 865
510 67
673 671
120 41
835 832
378 646
416 506
172 751
387 535
245 262
463 459
89 832
734 391
42 881
789 293
340 924
154 769
45 879
864 924
869 864
336 587
739 737
341 583
556 924
51 273
888 885
295 57
532 441
486 781
468 568
373 547
829 824
238 682
391 530
527 774
648 255
597 924
99 824
636 726
594 592
518 516
421 499
696 694
325 596
417 924
768 764
354 337
564 561
658 656
150 774
655 218
397 527
716 713
434 488
597 594
622 621
824 318
246 128
426 497
618 924
554 453
86 418
146 604
797 162
302 135
298 537
468 463
750 747
158 765
813 924
268 653
301 21
867 791
701 696
773 365
154 194
875 652
247 675
825 824
876 0
624 619
509 841
637 791
877 876
757 753
565 564
897 893
627 255
524 519
914 911
348 428
223 700
143 440
17 906
819 815
421 781
19 905
647 682
46 875
70 850
687 924
90 41
886 885
707 705
699 694
537 924
422 498
822 818
540 144
514 512
887 322
379 918
605 873
542 541
606 605
857 924
475 470
364 557
49 873
653 638
841 51
147 545
296 18
577 575
141 781
543 542
458 924
769 924
100 823
22 898
609 605
264 479
736 734
577 668
900 898
791 924
850 847
558 554
134 786
469 464
902 900
709 595
521 516
100 821
77 847
508 507
466 502
543 539
373 551
89 508
757 756
731 730
130 483
235 743
679 312
75 82
670 434
484 20
213 119
572 567
528 874
850 924
402 521
384 924
91 256
165 759
711 924
186 616
867 130
176 745
345 577
730 606
226 697
414 14
91 831
174 749
524 520
323 282
622 621
848 843
381 542
32 351
924 830
646 641
884 924
315 609
910 906
383 541
642 640
321 603
433 182
608 604
161 762
642 637
391 377
739 735
282 778
591 588
749 748
412 511
102 821
490 924
691 3
519 517
122 800
790 785
80 843
138 786
518 491
64 382
248 674
574 924
806 51
245 766
523 521
676 674
868 865
153 768
733 924
601 728
128 793
861 859
522 520
441 481
27 897
248 123
315 509
301 713
754 749
294 691
577 924
564 924
455 465
796 425
129 794
37 886
24 900
455 465
354 214
749 747
468 466
327 917
36 886
288 765
257 667
791 915
740 738
534 553
51 924
584 582
248 672
676 672
110 812
584 580
714 135
923 919
883 881
460 242
638 695
814 810
387 537
98 924
262 658
444 98
426 494
707 342
789 240
200 836
106 495
48 373
658 653
322 602
86 836
874 869
757 558
805 804
594 924
865 862
306 614
344 924
603 598
911 924
498 924
790 786
161 760
132 789
18 310
319 602
258 665
796 541
507 457
763 761
217 707
850 845
578 573
383 538
409 924
51 862
459 462
73 848
29 469
804 803
109 813
864 861
520 517
5 917
736 208
32 908
317 604
248 674
755 812
488 483
397 527
238 924
662 49
877 579
633 924
552 849
608 813
171 750
1 244
364 557
479 644
579 576
326 414
657 924
281 219
473 757
365 559
781 865
890 463
436 486
791 787
751 746
331 592
20 904
369 551
508 627
712 164
152 203
248 372
347 51
425 496
864 86
494 490
762 761
557 552
393 606
42 881
241 924
889 47
411 909
232 692
355 427
504 129
553 0
451 472
6 390
90 924
347 160
593 591
741 739
709 285
749 709
791 789
671 924
828 824
284 622
434 924
358 758
206 714
837 835
338 491
811 606
372 551
520 516
902 898
274 648
558 924
220 111
390 694
364 558
839 189
844 924
543 845
523 522
706 703
229 694
638 633
509 504
583 581
286 634
839 357
255 669
593 591
623 587
759 757
786 495
349 585
369 924
469 467
384 539
290 632
474 473
417 503
70 924
693 464
133 789
607 718
724 719
717 924
536 924
338 583
289 632
87 924
282 640
94 149
557 556
830 347
868 704
141 41
604 599
228 269
838 834
778 473
54 604
764 924
347 576
805 681
18 625
407 513
877 872
101 811
856 837
413 342
348 924
838 835
429 426
323 601
52 70
87 854
812 175
513 486
182 752
835 834
186 924
911 909
387 690
646 530
330 924
369 32
409 258
809 807
554 549
639 638
265 924
228 693
773 769
449 473
122 799
73 1
628 625
549 544
86 836
836 36
481 557
6 917
196 727
450 470
203 46
389 762
481 476
292 108
732 728
229 924
847 924
773 768
739 924
670 665
280 675
570 380
263 657
733 731
672 119
449 472
893 892
125 797
147 776
858 924
254 669
34 887
620 618
889 888
741 924
3 147
844 86
748 745
735 730
774 576
833 832
199 725
683 74
103 478
426 494
153 924
207 868
481 924
1 924
702 841
883 712
7 915
513 92
181 743
545 543
154 436
613 924
465 576
142 100
112 523
286 638
50 861
831 340
20 924
250 671
569 567
217 645
201 721
606 601
600 924
337 583
677 542
153 178
461 414
190 352
854 924
357 564
557 706
65 878
694 416
509 504
808 701
301 622
679 482
120 803
111 78
510 600
815 386
543 362
316 604
360 924
856 851
873 505
487 483
646 833
892 891
717 682
913 507
658 494
402 65
367 182
873 560
549 548
536 924
188 798
815 811
135 785
904 901
357 924
283 412
540 535
575 574
544 924
372 924
104 819
142 112
579 693
211 713
126 81
179 743
116 804
581 578
421 873
131 792
557 556
853 848
423 697
173 751
371 725
866 864
723 719
94 827
721 6
821 818
673 77
645 864
399 597
462 687
630 283
356 565
458 639
105 887
195 924
5 554
504 580
787 279
893 371
14 344
255 666
228 696
83 840
239 841
123 16
272 298
879 875
809 808
731 729
903 900
908 277
99 792
894 891
894 777
292 452
807 803
217 704
443 479
41 270
41 879
357 789
883 592
108 815
464 924
525 920
688 685
190 733
502 381
426 373
46 875
268 112
674 332
2 920
84 823
355 800
768 766
800 796
533 924
756 292
777 194
428 493
769 764
273 650
439 482
527 828
304 149
35 560
465 3
30 892
654 750
193 727
878 873
55 867
57 866
16 924
174 749
372 675
641 96
289 634
795 791
65 290
312 789
339 583
199 721
526 414
719 790
566 801
170 753
849 845
746 742
534 287
588 642
587 219
537 211
590 586
443 712
476 473
620 158
277 924
553 549
891 735
653 650
148 773
246 677
250 246
520 832
20 348
377 845
917 400
435 924
427 468
676 586
492 924
184 837
781 776
821 819
69 924
76 847
179 744
54 869
402 924
196 766
584 639
399 524
106 181
270 654
730 924
617 167
555 553
764 763
56 924
741 708
60 863
894 780
162 117
640 636
639 372
60 864
502 644
673 668
178 746
613 479
472 481
560 559
2 920
857 855
362 688
723 721
405 245
374 550
642 640
214 709
805 804
709 704
148 138
59 288
342 363
886 379
580 216
820 903
448 613
368 553
93 924
208 725
188 829
220 701
914 913
241 679
774 924
544 541
350 544
537 532
223 219
628 924
380 544
899 495
286 865
552 551
590 589
630 689
834 924
342 924
814 812
365 559
668 667
451 590
548 546
346 924
13 365
145 779
516 399
267 117
703 130
499 573
832 828
771 217
92 829
437 483
492 490
420 504
120 924
169 924
891 795
230 690
189 735
164 759
426 913
449 924
49 601
788 610
641 640
712 711
741 924
276 645
817 813
855 853
363 561
701 33
732 214
725 722
882 877
77 844
534 924
895 894
747 744
380 924
59 862
12 912
92 95
241 679
495 493
32 81
87 78
58 862
907 905
531 759
713 924
901 924
599 587
921 309
118 538
386 538
906 902
613 609
892 887
906 902
183 924
902 909
587 316
341 471
328 595
701 699
563 561
513 680
113 740
175 746
313 924
222 583
750 745
286 634
101 819
823 818
879 875
122 801
801 796
517 924
766 764
846 843
164 758
609 120
504 119
505 503
900 898
357 881
349 465
702 697
574 573
468 463
458 464
784 84
159 324
154 768
301 181
744 743
858 855
1 924
163 924
19 282
654 100
914 910
97 823
277 646
786 331
672 669
120 885
563 561
204 879
130 924
528 924
729 924
414 924
190 734
233 688
167 755
562 207
508 894
670 924
830 683
184 225
10 911
797 794
436 255
600 597
25 897
832 871
565 924
366 924
760 755
252 669
