10 100
-99959 -81533 -93666 -73500 -80831 -84276 -88522 -70642 -73038 -75536 
-94295 -71855 -76719 -83173 -90039 -99509 -97005 -88058 -95173 -94564 1 5 7
1 3 9
1 7 9
3 8 8 -88462 -85229
1 3 6
2 6 10 -76189 -71297
3 4 9 -84859 -95336
2 4 5 -72356 -74453
2 8 8 -91277 -87141
1 10 10
2 6 6 -99712 -98158
2 1 3 -77352 -80736
3 6 6 -75630 -93271
3 7 8 -96452 -75607
1 4 8
2 7 7 -92624 -95034
3 9 9 -75374 -67561
2 8 9 -97918 -83882
1 2 2
3 10 10 -90070 -77296
1 7 8
1 2 10
3 3 9 -73223 -94171
1 8 8
2 1 2 -77645 -81364
3 6 10 -87948 -95969
3 1 2 -86034 -78276
2 8 10 -88663 -81993
2 8 8 -85055 -89617
3 10 10 -81412 -75779
3 7 9 -83587 -86970
3 1 2 -98345 -81238
2 10 10 -78452 -79463
1 6 7
3 1 2 -90626 -69164
2 7 8 -76801 -72652
1 5 6
1 4 8
1 9 9
3 8 10 -85107 -96272
1 4 10
1 1 8
2 5 10 -81065 -92384
1 1 10
2 7 9 -93776 -69697
2 5 10 -67298 -85011
1 6 9
1 4 9
2 4 4 -86542 -74800
1 1 7
3 2 7 -71991 -79202
2 3 9 -87708 -81462
3 10 10 -92042 -70343
3 6 9 -88489 -80844
3 5 7 -79672 -79945
3 3 9 -71567 -81125
2 3 7 -78119 -98584
1 3 6
2 10 10 -72108 -71524
3 6 8 -97490 -97400
1 10 10
1 2 8
1 4 8
2 3 8 -68574 -72912
1 8 9
3 10 10 -82811 -74279
3 10 10 -78575 -71308
2 5 6 -90488 -92559
2 1 9 -83861 -96247
1 10 10
2 10 10 -80134 -82563
2 4 8 -79584 -96703
3 6 9 -87545 -83718
1 5 6
3 2 10 -95687 -87737
2 6 9 -89192 -99088
3 6 9 -71679 -72244
2 7 9 -95856 -99519
1 3 4
2 6 6 -89534 -88827
3 10 10 -82747 -73561
3 5 7 -79351 -95255
2 4 5 -97832 -71978
3 8 10 -92609 -82042
3 6 8 -90686 -95586
1 5 7
1 10 10
3 8 9 -91823 -92482
2 1 4 -82808 -97332
3 3 3 -92373 -70787
3 10 10 -98457 -97375
2 4 9 -85819 -86939
2 3 4 -77275 -72407
3 3 9 -68714 -82778
3 1 8 -77587 -91640
3 1 1 -69167 -99765
2 1 7 -92715 -95333
2 1 5 -78376 -97305
3 6 7 -77342 -78306
2 2 4 -77407 -95322
