20 100
-99959 -81533 -93666 -73500 -80831 -84276 -88522 -70642 -73038 -75536 -94295 -71855 -76719 -83173 -90039 -99509 -97005 -88058 -95173 -94564 
-67609 -85396 -96098 -99847 -99708 -87618 -82579 -81284 -80282 -80105 -94553 -78274 -85229 -88462 -98131 -80088 -74333 -73701 -82965 -90106 3 12 14 -82327 -69667
3 2 18 -93132 -71747
3 5 11 -79963 -67243
2 4 4 -99222 -72471
2 16 16 -99712 -98158
2 1 3 -77352 -80736
3 6 11 -75630 -93271
3 7 14 -96452 -75607
1 4 16
2 17 17 -92624 -95034
3 9 9 -75374 -67561
2 18 19 -97918 -83882
1 2 9
3 20 20 -90070 -77296
1 7 12
1 2 19
3 13 19 -73223 -94171
1 18 18
2 11 12 -77645 -81364
3 16 20 -87948 -95969
3 11 12 -86034 -78276
2 8 13 -88663 -81993
2 8 19 -85055 -89617
3 10 11 -81412 -75779
3 7 17 -83587 -86970
3 1 12 -98345 -81238
2 20 20 -78452 -79463
1 16 17
3 11 12 -90626 -69164
2 17 18 -76801 -72652
1 5 14
1 14 18
1 19 19
3 8 20 -85107 -96272
1 4 12
1 11 18
2 15 20 -81065 -92384
1 1 10
2 17 19 -93776 -69697
2 5 6 -67298 -85011
1 6 9
1 4 10
2 4 6 -86542 -74800
1 1 17
3 2 2 -71991 -79202
2 13 19 -87708 -81462
3 20 20 -92042 -70343
3 16 19 -88489 -80844
3 15 17 -79672 -79945
3 3 11 -71567 -81125
2 3 15 -78119 -98584
1 3 6
2 20 20 -72108 -71524
3 16 18 -97490 -97400
1 10 18
1 2 6
1 4 8
2 3 10 -68574 -72912
1 18 19
3 10 19 -82811 -74279
3 10 13 -78575 -71308
2 15 16 -90488 -92559
2 1 19 -83861 -96247
1 20 20
2 10 20 -80134 -82563
2 14 18 -79584 -96703
3 6 14 -87545 -83718
1 15 16
3 12 20 -95687 -87737
2 6 19 -89192 -99088
3 6 14 -71679 -72244
2 7 17 -95856 -99519
1 3 4
2 16 16 -89534 -88827
3 20 20 -82747 -73561
3 15 17 -79351 -95255
2 14 15 -97832 -71978
3 8 20 -92609 -82042
3 6 8 -90686 -95586
1 15 17
1 20 20
3 8 17 -91823 -92482
2 11 14 -82808 -97332
3 3 5 -92373 -70787
3 20 20 -98457 -97375
2 4 5 -85819 -86939
2 13 14 -77275 -72407
3 13 19 -68714 -82778
3 1 8 -77587 -91640
3 11 11 -69167 -99765
2 1 17 -92715 -95333
2 1 15 -78376 -97305
3 6 17 -77342 -78306
2 12 14 -77407 -95322
2 5 15 -78881 -71536
2 1 8 -98074 -68940
2 18 19 -90424 -79685
3 4 16 -94891 -92836
2 7 18 -70423 -96513
3 6 13 -68072 -94371
