1000 999
674 170
553 240
865 170
269 456
610 170
97 481
447 296
180 170
928 378
355 606
174 508
262 221
227 24
769 698
30 932
857 43
170 792
810 263
464 610
558 427
170 575
715 694
475 936
736 667
313 990
18 141
170 621
522 559
170 881
99 199
809 802
170 242
714 170
182 582
211 786
93 72
307 590
696 170
810 170
162 426
910 170
170 533
253 953
796 544
114 969
890 437
862 197
627 415
893 500
134 156
674 4
246 3
265 170
3 170
170 948
170 531
103 17
301 170
170 150
730 193
725 951
612 429
706 274
561 291
887 117
140 433
126 137
660 489
67 170
333 721
525 886
13 521
921 45
827 15
170 12
849 617
668 524
495 316
356 975
700 824
365 381
646 939
170 716
618 150
170 159
216 31
809 267
170 321
791 251
529 96
171 170
170 574
738 499
746 5
986 722
170 814
650 219
477 229
928 603
379 503
912 170
735 966
170 822
207 33
215 233
719 362
75 189
261 528
981 704
261 166
926 676
170 119
961 451
227 170
536 105
958 170
729 388
679 675
170 969
80 147
761 776
533 853
404 448
929 800
784 869
126 170
696 682
159 492
170 262
996 42
170 883
937 148
804 455
170 702
736 624
170 891
170 222
523 648
143 908
518 170
531 647
170 312
337 150
477 243
292 51
712 623
640 703
170 890
227 687
94 696
170 513
571 187
170 391
119 519
170 220
483 518
234 2
90 602
96 170
74 170
28 723
800 10
810 393
670 83
372 684
778 180
30 170
844 376
25 82
619 840
467 699
997 811
621 66
614 170
302 12
698 53
345 547
170 401
58 120
405 913
402 46
967 656
870 170
290 433
310 306
635 170
170 447
484 912
115 170
717 605
460 653
412 974
352 170
32 577
935 173
9 55
428 559
439 713
719 170
170 189
632 312
270 418
824 170
892 312
703 170
733 126
664 970
775 361
340 889
419 954
966 170
192 401
170 926
914 816
796 170
832 713
170 172
214 170
824 213
420 427
68 513
216 170
897 323
626 543
170 617
170 84
660 170
440 545
744 98
170 283
656 322
957 203
17 683
258 260
460 170
422 998
916 505
949 281
220 349
170 987
836 916
339 423
565 790
377 890
535 681
152 797
37 601
170 40
287 575
183 600
383 30
351 964
170 387
711 401
777 564
881 430
170 332
665 697
190 476
414 170
605 170
188 306
170 569
510 170
178 726
963 590
709 573
392 169
170 650
170 744
681 170
568 620
170 406
170 921
211 286
567 293
502 301
170 200
962 170
758 859
759 856
850 755
941 170
136 770
898 591
357 411
248 264
495 424
407 396
170 939
487 36
493 44
815 148
35 871
501 113
427 170
434 262
170 173
609 235
830 170
912 155
279 596
389 158
170 423
212 412
282 788
737 732
928 170
868 410
170 117
327 712
294 23
170 503
191 661
585 309
896 851
441 479
170 831
654 595
933 27
590 170
20 258
521 170
781 791
426 652
477 170
148 170
746 170
534 837
257 710
753 910
144 341
125 621
172 445
324 635
749 422
684 170
35 170
894 760
719 847
369 941
977 872
685 112
336 957
775 110
86 496
374 170
797 756
132 300
391 421
170 777
977 843
555 562
875 808
750 470
304 364
282 613
170 410
504 365
767 551
55 170
350 72
170 215
44 947
842 539
475 918
170 526
118 860
829 716
170 467
507 583
973 228
60 734
25 384
726 695
170 18
248 170
442 507
214 625
47 674
866 731
883 461
167 628
170 365
955 691
170 294
794 631
498 111
170 721
61 951
170 977
170 368
978 542
170 867
170 281
559 170
136 297
78 303
220 431
780 133
170 656
774 831
129 989
608 91
449 459
170 252
926 834
170 520
517 41
978 170
71 170
180 145
743 170
478 471
654 170
406 370
87 284
458 224
211 170
38 527
942 185
415 878
177 388
927 147
170 737
308 514
803 67
181 416
884 881
515 886
956 910
99 170
170 761
402 888
170 568
633 911
67 106
604 808
170 691
97 170
398 838
438 170
143 170
170 507
972 181
567 170
387 250
268 737
17 170
7 891
222 196
657 36
170 27
83 170
170 816
516 423
823 394
882 244
280 358
480 739
308 170
548 170
313 724
170 784
435 170
552 909
124 1
456 329
223 629
79 958
758 206
170 486
41 128
741 74
60 485
885 231
750 325
524 170
841 406
48 194
748 134
388 170
923 84
916 170
170 909
173 925
398 170
399 953
56 643
52 170
706 201
170 790
55 305
139 592
896 170
84 472
503 491
448 237
690 789
170 710
897 170
902 716
146 641
319 966
276 124
81 346
702 813
619 999
153 651
170 43
655 490
745 831
727 111
170 585
15 642
215 101
354 462
170 880
532 511
22 846
320 127
854 588
751 537
839 458
555 170
234 335
804 863
117 950
308 160
241 182
170 118
193 266
371 116
170 993
782 587
555 938
238 304
170 153
654 168
124 170
905 279
311 170
288 954
773 96
438 275
69 764
643 154
161 403
953 170
88 777
478 170
608 170
864 921
980 278
527 170
993 494
16 52
659 252
170 411
163 885
170 284
351 945
170 258
209 149
913 49
170 300
622 170
569 463
722 170
397 539
952 35
170 811
611 414
619 170
694 170
414 298
561 170
448 170
170 791
634 743
456 170
496 170
520 26
143 899
304 170
170 167
356 432
784 363
170 804
170 591
347 371
792 906
113 271
165 299
64 69
761 443
272 690
58 380
284 70
605 109
22 566
170 462
83 488
170 886
984 574
170 244
691 754
170 207
95 686
692 169
353 693
957 170
301 740
244 570
811 102
170 63
74 817
321 807
971 158
170 911
779 63
920 167
539 170
170 643
340 170
845 996
130 174
919 438
119 367
718 792
768 948
614 594
249 561
867 121
870 469
560 170
720 723
723 170
573 793
170 282
170 800
131 479
368 858
743 295
170 669
187 943
580 321
44 170
994 685
991 814
510 783
830 825
533 662
169 170
661 170
104 40
976 821
543 170
478 826
210 989
170 685
265 557
239 995
170 738
281 572
679 170
170 500
76 235
184 51
170 197
440 934
833 865
170 105
279 170
157 526
855 170
170 954
554 830
760 170
712 170
311 765
548 616
541 703
678 200
722 417
214 54
62 410
170 187
874 978
115 581
915 331
576 353
663 638
189 142
524 812
873 183
476 965
37 170
348 71
40 8
658 425
326 374
58 170
181 170
100 345
315 523
787 891
867 247
194 599
704 170
170 174
146 170
170 706
686 170
353 170
958 457
170 280
396 170
496 983
341 21
170 183
738 408
435 512
398 589
686 73
913 170
170 885
475 170
677 669
567 385
170 854
170 726
170 306
170 480
689 107
615 513
538 403
895 694
941 597
352 922
979 105
672 816
980 195
883 108
602 861
785 988
170 440
790 762
511 343
115 92
721 390
146 798
63 444
60 170
794 170
345 170
664 77
200 728
537 175
636 460
907 854
170 850
170 346
170 808
540 574
876 510
170 780
22 170
606 579
366 521
170 270
182 170
172 473
903 531
809 170
342 622
638 1000
996 170
413 915
32 901
930 280
111 170
960 480
479 170
796 328
799 497
795 170
486 198
446 340
359 352
346 230
766 107
660 509
546 520
36 170
880 176
185 208
170 158
395 560
865 85
645 987
170 341
170 78
371 170
15 170
976 170
256 870
454 411
135 795
170 537
193 170
852 714
425 752
459 170
962 317
435 705
688 976
837 14
248 701
170 134
332 959
170 165
71 982
801 759
961 170
240 170
506 823
386 744
368 39
236 961
170 785
374 550
415 170
217 684
759 170
452 497
476 170
591 586
170 72
617 289
987 818
170 731
11 396
170 551
41 170
170 185
273 526
170 612
946 896
97 607
170 775
122 587
338 391
681 360
606 170
240 382
608 598
50 207
995 204
794 450
270 707
170 797
666 149
170 139
511 170
170 980
283 671
170 698
351 170
447 992
806 969
334 822
673 569
147 170
940 12
170 587
197 578
482 159
170 951
318 850
612 848
170 223
170 402
99 400
823 170
575 593
453 669
234 170
412 170
19 467
879 880
170 758
855 202
655 170
170 665
34 909
639 518
170 973
614 65
170 113
170 127
820 911
772 655
425 170
194 170
225 27
459 57
170 736
226 222
543 277
52 904
311 409
661 330
170 495
644 746
995 170
573 170
690 170
118 314
170 426
837 170
223 123
924 376
153 877
708 551
403 170
710 549
170 915
170 313
465 548
170 107
25 170
622 835
584 962
497 170
138 462
6 785
170 32
356 170
283 254
795 931
18 232
294 680
259 822
170 235
702 968
771 585
763 486
255 635
760 151
530 171
51 170
747 814
69 170
3 344
89 897
186 37
170 638
332 828
170 750
170 261
649 78
218 43
704 164
989 170
373 139
757 560
170 422
563 252
165 556
855 985
805 387
713 170
436 939
973 285
149 170
679 630
170 664
714 466
523 170
216 179
900 993
127 205
742 500
819 171
468 780
527 29
300 245
433 170
170 376
665 474
170 458
650 917
265 944
948 637
602 170
610 375
136 170
59 731
