2000
140393414
562112969
146486421
170822502
840919238
216107907
726527801
860937237
123145027
364810490
552016
92086730
39326531
237273775
281758268
481186239
724650872
760759086
822293235
260481404
594228392
617241268
675186465
276026310
982512397
648885013
41323356
907926873
423128284
335469195
109210965
751606131
816292093
717621069
932532032
877081360
710926722
511617453
614406871
92765125
146552571
980382022
332314411
77442711
851510097
829631242
554392120
425395484
737774809
815314281
298883487
388413983
121511476
749273924
700422994
612767231
562463496
403060111
393179335
537432631
798039174
748368431
811389866
574726308
295644928
995789965
336238332
203195307
11428499
657923891
80890864
739797647
72163065
32901485
357768450
931856462
851510349
690202634
141903631
503827310
205668187
431730845
103958472
214427068
497413069
76735240
323255765
682870789
762120920
878887713
766340627
937669315
227968025
69753289
628898059
132544990
842127608
785114011
948294981
584631807
155866684
66619670
186551444
856572412
844297121
30484660
904034127
635691995
838691759
564329028
224371436
516638410
710289124
72119342
443308127
427384830
95757736
159466594
467437338
803916055
495129867
426545597
609034213
231018975
356555194
743600392
216328166
611264445
836680631
17769568
156325132
934396920
985030897
847339142
251364853
902743895
38451596
342644445
281139109
846867684
281272136
402567386
131710230
581858075
959026882
690367389
936730944
238352211
885638180
370882713
160633818
21878726
219052418
859384316
983982298
106871719
581662522
133461694
457184083
602659104
139141112
495926503
662718568
355694503
542192642
241515020
607073662
107053196
868374151
20769340
540863528
455139980
172175009
918557294
583657929
413014202
204129138
372225106
880401008
505442667
941531629
27065477
568881076
457032274
430800887
137479342
241952122
549204915
785458938
543872342
575479399
778206530
208809388
617213613
904109910
912441660
265826114
624477626
70634211
298358280
904451995
97266879
252450559
777012527
868581224
748444428
13952781
867784206
711758695
932446321
150796877
507909818
461244196
80245823
786181308
172236808
942378372
66740068
677423916
115880531
639930318
103370814
322482833
524723935
443820602
206755053
121963877
569723401
993268650
144572505
449960255
588206483
245601810
201615871
175574736
236014879
651330262
164009246
454979721
766584877
40635087
74031778
228530374
323399405
90877828
465878474
389686804
110261157
549234469
127527426
801587759
937707723
507276776
34283602
64137959
912504910
313615817
175003118
980131441
933333116
109481728
257311639
908302628
202514993
292324734
969994830
851698224
460973668
22509070
82213714
929023579
935253110
54587482
522764512
441271187
108062834
11966855
178189514
947367301
931693741
896385861
247570252
997518478
97408148
534932156
813450576
197202052
139963549
472243587
33602389
623397979
34502430
568063612
431775540
358596531
298065663
889058498
635890884
19563038
724860279
832235403
820969872
59828973
45644593
947316991
55194186
101728104
240663791
930010767
489777960
74439695
901532620
21363774
908003442
328708120
14787481
930138083
756657220
650377176
76077493
98846941
405011822
931449785
651435155
22489715
864532273
155201202
305822994
622785041
573905998
996713333
776034051
893826435
44782305
64610253
349735213
389211330
122956269
961574446
988361922
538356745
872982216
489408900
446295093
924012511
105669536
489959763
933092212
117789446
155410674
115220738
861453683
233443805
145519483
679486354
580155028
146471156
553792767
571379620
447744595
366938106
945579964
868217190
587468451
828183369
649912931
127958912
783318109
887819900
927013526
495162933
252454785
576952213
134772785
233889051
656345600
951406071
867763596
757463925
429183918
404600001
754577483
891665188
245291976
501252702
928845062
610591246
701528049
37085048
998835625
19165658
886183261
39968619
104931020
943056617
522328220
192795579
931470130
186503260
413732215
704178333
556721564
967863917
902522741
685949483
593458241
429209351
177952646
615755734
305674243
759092058
164442876
104770698
633392083
227617979
270461909
541663320
54913577
966236723
308277134
329117056
413315335
619171727
341192799
53295800
936530492
384318776
12102817
120593569
164627801
971064407
20046480
740620023
360416434
50822044
329244187
6492736
642564309
661602573
748898240
514773718
488383352
334722933
390329211
683293078
124040216
97759473
514787854
534517032
139620577
615623316
401317981
339750976
96927209
536010744
59149046
845041571
79361753
695075138
102278539
560528662
708086721
516783590
774084800
744413568
484507313
60846228
17537437
732377838
243200122
420678172
87271846
60345311
521217425
467019982
122936818
713470656
929623575
880988151
580156241
720174030
728160600
999952141
635967076
619406657
422323014
349195872
419222794
410286685
855596934
915947041
482045468
976990959
637318938
290156493
712981686
369082392
240751978
392726885
137250136
397725210
49033501
301195485
596593290
796368880
39890101
753215218
811240971
547939695
511330737
222442074
550418699
273059902
66168120
416057205
554589875
948309516
774099562
118466105
10591921
651285903
678254673
27596948
964995770
848672542
864130511
735135222
325341279
162869588
3230319
986837915
296591187
320319384
105307572
476922194
451952508
131981215
508947612
262734058
258281880
423885179
398041877
641190231
714266703
153029022
331289586
359792981
35358823
736528587
234838050
798685749
310277897
41874787
550673023
69042029
852567597
31360283
934829807
52661064
714413441
659644990
722902248
629325675
214603453
343728978
170338545
692098403
689304479
4742054
72009691
434015027
653732042
816875540
859042095
3111989
164610043
146167181
680969748
952428703
981320869
47907314
554587374
431703644
877009430
773832581
22277528
949029135
413870945
735921992
560097312
539205757
783850838
104259869
738052187
217048560
391345522
481438319
835620075
330989178
293153681
60621927
51269232
32683699
386767730
1033640
429786392
244676758
9771471
677427820
711503248
52421988
558104986
935043299
964859947
170048797
163889059
808222249
25320823
886069729
811620380
148702808
875910791
849013750
862053679
261348669
364329594
64904798
834263152
471299961
804906449
51583511
686080449
894048876
643678039
384913069
743694144
250142408
526750336
167691728
864013459
113359523
165406991
409222278
179846265
961418649
932842564
116031342
357846301
638766614
4485463
118242754
942105285
3735988
272273596
802341525
301771791
219412915
66958325
184240182
14819677
372411264
940903830
595620197
995562962
55223288
896659215
689833402
594086142
856482832
150672159
810315588
561649965
293186790
479629371
66428278
602965112
32289092
100269023
218599383
224387187
248612264
151259107
523589249
39213341
161488610
761591731
226708877
160981833
143085347
799680072
70177922
268564736
27592771
798703773
386438099
563384565
151997826
656102704
235628991
498608338
7733513
644808483
195478962
30497476
430424442
280669457
769119969
747395278
1339899
374875144
390023824
430197745
922586838
677221953
438134100
924601340
669562860
769681071
257398592
790625822
182526598
142307971
953286660
548373183
70384982
787746153
693627045
518070602
86151490
572803315
892633824
694405496
425031701
934159517
801072015
283545565
394253438
269103659
482608238
623821745
706325337
19548517
894555794
68303140
289206841
505257506
165067597
882195986
484733634
948447785
134548750
74912862
406816497
692115230
481247856
46215968
96668231
252462412
363998096
412318271
503010742
379609284
973574520
867424900
30575952
942874094
354243675
42250872
904375599
145636371
290690925
489251926
16769575
136860768
874795441
987685039
911777557
737918159
895794895
223085988
645243301
971842503
21981740
618555905
792573019
400434373
24917668
623824708
489217474
948733460
424383563
978599401
121833764
841668302
993656079
487305117
324499575
452505911
593627898
407413038
491533870
299160458
302897298
365821932
46168833
437211219
697841583
20570931
648918102
126084410
389094915
679540555
100237961
264302914
122534783
431754698
555847010
770286118
412328920
704369001
592746941
140565686
911421225
573959016
809952294
341746826
653764177
155161785
852347855
271370440
39809283
686627665
102123208
77307613
812470443
612662171
324999164
445389757
755398739
4068132
858245794
782633221
512442451
140764591
68569983
209126489
911754348
203435232
173584400
665913022
524007384
991759458
501268631
471263489
253145260
452441664
483419435
621426506
264026625
257459043
72033805
44585609
407887136
906058760
401775928
375381039
248932432
557162883
14199629
504911208
144934016
532704687
542014293
535734936
632189148
849808967
46256662
431126972
117237939
846018929
16144805
78245546
916195899
248903707
333423939
735368778
190199835
415293113
956035839
389861326
196518642
212233455
211714869
845241454
697967196
236280428
508276209
320259271
878060705
640775354
413301998
769074846
44563528
255640208
345544845
462043691
570199011
463246104
385738181
549439227
364393279
755919437
187455833
606348145
881757845
827125522
63510123
220862232
221071642
242490687
382318675
522028745
923607291
215569857
157265034
205775328
486829690
331452588
19260898
225079650
398072054
54284872
655008578
746643024
428620294
498457336
860543020
673103314
178597710
580934513
511015760
262285174
993580546
458018691
45020195
477408725
165492657
825551066
731768983
581495254
422015040
139907261
937745470
487735414
104106734
955826564
5469035
608069679
700257614
310015009
96860092
500569466
995267482
820420904
348583105
905761612
640249969
843230565
179056098
208724626
619132954
349391274
235509548
910831688
330897097
514720258
951675263
579524255
820686277
142909845
842786132
589388924
5116587
248463356
534587847
81923875
612992398
523252844
558634813
75548157
16081683
930399351
580275258
120807835
548114811
137793859
203340950
357198179
720231348
912451714
485519920
706646118
53703374
3805154
698730217
683797814
122605328
860032054
37410103
790440048
96088488
12802162
83214682
118916417
640939159
788435457
443159659
732150463
915003782
786046834
624801875
713531823
108171709
907854784
67730788
418434732
498741477
428812144
197764685
582673309
269583747
22697221
487697005
227979604
906487539
39019965
784816533
458365086
776952538
465611173
492903973
923740298
46733575
218353966
254092719
194836041
993275637
168337772
64512416
64975721
837267547
600371093
452896719
663402710
346310996
498063261
601886422
804555329
898020663
154687600
317532275
240092004
554952239
764579472
827252690
636782455
861318027
625007905
778791201
641736292
263647367
41750413
709375481
690947235
563295135
663741074
68869585
339616849
912859133
297761492
328574815
706518270
111814247
666342931
35325580
144581284
107373381
133871444
194526984
374661094
1785752
342912752
641210431
736185010
927934145
59572103
877679993
305964049
846608004
436097015
469472970
382482911
920871337
181410436
101465089
880656818
637272430
482303979
29027546
568140380
19453644
159102502
508643751
840304549
280183756
389907371
794050307
361417044
417881276
928089839
110026641
993280877
953817259
891298946
673803318
609098050
44746250
36050935
916395879
32257428
71013681
457770212
367302782
733158603
505648348
487771923
528795377
138926010
362197997
200525200
285733284
263744101
129513457
741588229
613108483
427242336
6569067
71193307
772616239
845012123
46495737
111368543
27719280
940217406
316863306
31917471
920135636
316042425
840932032
897263472
210792080
800006322
173492671
124267276
822103872
524846898
670933144
184517464
680245156
118761113
317077570
463187547
490859508
863777545
425630985
952623140
67869715
646554775
435978969
246487836
677134199
498498324
720677540
707563925
453507150
68285859
131896889
70340770
326702
594374104
262335115
902146017
915910110
318436975
141068715
133679821
718595731
899736156
248348939
406943134
692996835
106098139
522652796
256265769
443392155
522889272
623048018
999053735
109213197
492733864
24478296
307980064
264220048
678761137
92306726
161523873
252114888
971911194
895237338
876190151
839913884
338269353
115737637
958857082
455596088
839707432
311766326
758261118
488443610
718688959
568515822
174280707
307771953
64722304
380840385
868532566
63435425
999621346
30820675
201206401
508709961
828087158
540213193
893447186
145196133
27722791
983503613
610515665
318966709
459260317
33658089
208982573
228883036
285193132
965281895
860065670
310750086
371825830
835695070
844284461
273709248
712063723
43196761
373792525
728336776
930693585
428011916
75254078
544894820
163749284
201261344
71162062
668519106
313062644
172431267
38355922
27576318
656373594
385472018
865174992
539532903
28014834
75343659
203306955
347907131
326546439
206511719
184829518
576147129
71338282
920910292
143400796
229213600
129767285
340110493
848125777
654267942
255381544
421904860
718429112
222758854
917546101
969461906
81052985
271481246
10022324
99365612
164877366
27513441
166608080
976291600
18082241
13180406
620481534
324089641
33532535
137986358
632321713
316527750
739450353
415258831
921489276
334379118
297996225
333402859
713346541
694771222
246760969
781278799
981048515
822837361
238933398
396418638
844719449
356666683
406806864
801198006
62553463
210481452
818937155
284340352
761930779
528840379
143625055
213950342
986902285
830589411
944547808
735082790
13788835
83374220
69166152
21723353
564049912
950736803
43885570
336081546
202396869
166791937
331369144
502828053
917649295
510708986
103071266
828523598
125613067
388807759
305859307
398778390
839241400
65331042
779738735
402610713
261581640
274229314
21880602
267994505
142380319
432891273
32949387
460264034
249935365
802814653
986612160
570190596
723925149
574714491
228493173
797656649
465554496
507333719
431218116
168759070
525118969
488860755
686111134
731040779
768863401
986959654
950933635
533168779
546217020
3196927
321203423
33338012
359472462
80224921
93251383
249703177
482916671
845785135
187385811
505208167
706287194
769411565
566000951
12360860
735579161
310425737
474536924
931560504
759224418
594372509
977031704
46906729
744414647
245190326
111100607
486887907
688155496
475174613
611144855
72112418
46015904
37276630
684606625
403690262
74167163
72078541
163208429
109149674
338406085
683376002
346757863
910683516
719982513
72116375
97334496
374372627
12066780
426559585
50108452
706836503
112031712
865049789
121773500
174671635
287471260
211996402
627196714
176127088
115743549
282862275
931324417
554304179
899351783
320975894
428117233
270118672
69761505
306114907
709793919
427264567
271940271
400649600
494932166
108369498
362008787
807663858
6950426
985881094
865638174
309242122
682106914
56186294
744119815
423006428
928257401
856524576
203280736
759090848
631927546
996870067
446923661
848938046
861565279
747831396
928209158
11832639
769681262
567898236
940021960
865404549
604890210
601807454
785634790
35362861
486879553
173182160
913722988
646869514
294318675
60346436
825224949
23799928
541693780
623639135
229193649
620426288
739354996
332914497
313823091
179406174
25992498
497135925
905493724
628154132
391518053
816926255
803983731
28600599
392507489
690305686
294234390
443782058
319818580
70027904
11345042
889594442
857820914
384795243
605553985
995300308
491193570
746494935
842415453
86350596
962954906
95544121
271952176
71465684
121938638
806699668
428943816
225517821
150745415
974102320
362578552
388077350
251853382
809707626
127819447
851823523
821986806
184460235
523510723
529440664
376130941
161525936
896469094
554526987
204051011
449776157
721098070
298897986
734196714
64031490
785420618
883933657
989022458
724033203
421561658
806863009
870210623
953630578
311787685
807102143
511404948
462448308
57617192
987992318
716546059
572979276
141480436
783645463
794337400
122260129
79174210
972856295
689807503
219002427
419311598
931064522
854523749
606319582
763750436
191554397
151051826
187893841
530507700
547583604
228228441
662737635
917073628
297959426
978670006
597932081
561193583
153950598
59544288
884192973
626655966
322342760
933517299
632160115
211872634
764316883
898067349
22978460
93785074
497210188
59187421
96015857
474711260
844742848
113439055
807515478
145108925
305404504
570385929
487686549
74400166
12218132
980127546
618369778
105414244
380058059
512240885
510764777
613058426
662249232
867439829
56988842
103055200
367749125
158997202
106324073
534810194
984202068
942293656
91028002
86884493
784096493
713083777
406267237
165155160
830869949
212932033
123393412
406961926
586954152
672408352
213624819
977703243
141677619
283484288
129132927
346729807
312325645
655442741
244959293
86574292
215860778
653166468
809629889
483616758
380821730
473166957
118979629
434656462
843098414
12491176
274604131
307636113
92793022
903513974
623972153
6005325
768142295
127543355
614452065
626696922
109340696
728697703
998989539
881817596
635039995
938346021
296041989
64847164
94100975
263170490
647571230
73169944
610195940
751593950
274150647
524263964
818469135
529378265
493836979
897593362
138863868
374104580
809413696
122260149
663718607
990316983
556738657
556300469
565040423
104556032
997756806
185126975
535386336
818014960
580175931
97074000
961448632
291434494
541290820
903867346
866499715
88259964
48512914
45684278
77004747
643121974
624926149
118137646
194716722
539369179
381329010
211245737
754095710
61889350
4664624
572573007
721359271
146258011
511148648
603543532
689423228
458479891
792766164
82466192
128692925
592433866
142537009
866620710
252024664
587464568
214867104
948495797
544345754
453777339
450577534
906589511
15820574
149745599
181403229
117074195
96338209
846029379
979110116
393089549
725786088
658573212
293117218
751337673
538555799
660712119
63998650
28249849
866768657
51269682
38745627
770956976
811366402
397797085
792791142
171338936
239839445
744491857
149305490
720393840
998350236
931281317
131327076
714480468
3941634
933696515
641359316
939382257
917980021
633967946
292533262
251303736
208793628
521101576
884687979
975394829
216497429
589533302
505199844
751157471
504359491
647800792
475185340
815709233
302766516
928719563
772009189
851798694
324194741
336581215
928570882
355482980
385741151
220425967
453672752
740889132
14122937
627721580
79031107
118874838
664520738
468299763
882370822
887882292
8730975
448700317
877836454
524991983
393190924
522602431
602124769
535571945
255620680
6147130
278051921
961890696
836503963
991754191
977251887
815955970
316244601
645995845
744855222
80458679
702877945
702389620
117900027
718722091
837933786
672939450
658586863
307995495
22977803
527351910
140981114
490985123
894098668
453475521
92338843
702225058
884531763
885993547
921712217
77597689
458851556
155747907
857612117
78043192
940136283
547773334
496589120
294528101
827300888
318686005
273547443
711231298
445801628
372639702
137924048
574843405
596936324
822871939
120029296
169542289
522437530
1020238
975711282
943666514
992011986
398948708
230893350
214819870
728845416
390483336
622112750
490516952
690736415
340835732
908786887
720849409
50444424
984664099
742546066
28428531
405627249
341891504
393921702
204744827
403678820
781395735
762233462
157534650
366364565
797900721
221907414
52004915
330985557
656056636
298521757
919409350
946146016
404278083
917012254
525210519
643513089
993199543
203210619
221409663
460919547
870939009
147003600
737084942
686542271
289445031
259947301
244652660
448027075
38189377
393176392
189579115
528641590
427638586
11108913
499694098
875984098
743052290
865309135
144624078
140775282
821331197
344402768
266475208
982247075
43507495
969860151
966501346
230524708
234429958
454570592
412056939
326459948
153528080
83404396
977193249
542269624
808123237
842563718
302080601
950866469
93866300
237320132
585405331
351183502
506003172
