1000
486
779
741
87
47
269
493
454
106
480
327
97
443
345
570
921
776
261
86
481
212
108
276
614
1000
817
780
791
340
716
342
426
889
17
99
58
684
110
769
694
574
295
529
977
634
627
712
700
957
544
240
784
62
654
391
338
546
453
742
464
293
363
393
563
908
762
790
115
420
551
726
105
730
69
184
873
103
332
550
615
640
806
199
124
928
822
511
277
799
361
667
203
9
503
966
137
547
738
153
931
423
167
973
75
557
710
193
829
722
126
303
430
286
223
583
670
459
559
156
53
448
446
705
606
834
424
135
457
228
804
910
442
19
5
320
1
589
560
693
93
576
145
752
147
370
549
468
506
756
196
120
209
326
334
532
49
166
925
929
466
763
425
927
932
728
788
855
256
617
591
673
967
820
136
272
14
567
382
415
608
740
686
475
44
316
786
366
237
653
218
206
596
505
476
311
835
663
862
649
488
672
479
671
171
478
972
435
335
975
759
621
418
882
70
101
265
429
451
278
531
702
650
456
194
753
109
317
189
94
996
689
991
158
516
633
782
848
88
63
224
987
84
839
660
828
934
564
24
260
750
629
940
920
658
395
639
953
369
751
890
901
133
767
849
368
530
823
411
282
309
679
507
407
434
830
483
803
878
523
540
43
431
239
65
30
737
162
74
982
262
837
175
950
872
584
565
36
605
938
718
465
287
83
609
622
131
678
161
428
235
600
98
768
20
274
81
697
887
961
246
632
80
662
864
91
34
954
315
573
525
655
372
233
935
680
329
851
42
916
484
367
164
805
539
168
630
683
534
979
373
482
943
619
390
458
288
885
811
460
865
582
543
911
825
923
13
22
495
514
416
724
389
412
963
229
31
721
522
513
211
57
252
568
231
250
204
899
579
939
359
792
796
814
160
263
958
18
283
414
643
504
772
205
770
61
163
321
449
900
146
102
210
501
838
144
349
846
675
795
646
944
284
96
755
743
66
886
819
192
842
330
470
757
593
383
681
138
976
198
749
956
993
588
129
871
854
850
962
990
149
477
474
553
281
376
537
128
590
185
177
322
217
159
884
279
471
187
536
999
275
907
533
601
642
616
897
313
736
350
294
992
280
351
21
301
362
52
169
170
566
687
727
241
810
72
875
765
123
801
422
688
594
603
360
919
50
100
40
178
827
604
731
447
473
51
818
122
45
676
141
4
581
364
778
289
341
352
134
913
965
597
421
926
214
378
781
440
491
348
624
625
980
802
452
27
535
807
510
67
343
843
409
439
729
959
861
180
845
948
219
947
186
64
515
107
508
664
704
48
298
10
611
8
29
248
346
526
242
494
794
371
251
398
285
496
151
183
569
268
296
417
150
461
12
775
711
637
404
253
587
130
402
365
202
325
318
659
148
541
392
82
220
909
714
877
824
245
880
266
55
179
195
989
381
489
971
157
797
674
344
545
858
139
870
225
304
881
358
33
556
761
988
472
732
71
354
552
744
333
469
747
915
766
104
519
725
876
902
586
173
77
226
190
595
774
267
715
357
254
172
28
355
112
2
427
652
816
433
85
25
323
952
641
706
121
860
978
960
264
152
518
244
571
690
994
46
983
249
562
809
682
785
852
308
538
964
207
455
258
155
917
310
618
955
26
542
645
374
866
984
657
39
60
270
176
997
745
758
613
548
783
914
922
946
598
893
720
665
636
216
647
377
380
821
906
800
140
930
847
789
859
937
401
32
698
201
386
853
981
462
119
651
312
793
90
487
182
904
717
143
638
174
607
735
905
408
558
125
305
191
23
524
815
709
15
826
746
297
6
328
314
813
255
188
951
319
868
299
127
37
867
699
337
985
347
331
521
896
612
375
869
998
863
403
492
585
485
436
35
974
808
555
92
215
666
68
703
628
3
840
970
257
118
490
771
213
626
527
933
437
945
238
405
432
142
271
291
396
879
222
833
243
669
739
692
498
760
941
777
413
841
918
723
78
16
406
444
292
773
300
844
463
388
631
400
116
924
883
733
520
132
691
384
273
290
644
554
324
734
995
623
227
339
895
410
968
181
580
812
620
113
200
336
836
387
397
592
41
577
903
701
56
572
76
517
892
208
95
38
259
719
677
385
713
394
936
696
599
949
787
888
59
685
942
891
986
856
450
575
707
874
648
512
798
656
748
54
165
898
307
89
708
306
353
11
234
754
661
502
79
236
445
247
912
111
695
221
399
528
379
500
7
302
73
969
197
561
356
154
467
635
602
117
230
509
894
610
764
578
831
497
441
419
232
438
499
114
668
832
857
