2000
200519121
29542701
694639899
154525075
778765760
837895957
726903829
102902190
855958948
443091602
649560357
788721786
70185100
379920738
18103566
216572904
752214199
98027433
494602745
268459013
69876369
828908283
246729019
58897092
534085961
76803659
299709174
369844737
121539524
24134912
314975411
781314871
82900378
885431304
275701386
477707704
201162009
520970986
847157584
251717284
910805423
255072573
104680442
687940484
120026765
906361149
924086804
315236621
595874918
322578250
555280212
736140918
997288858
842045658
183695314
985276804
763798224
111586784
172153823
124598991
585626512
968859627
538796768
303066978
925725097
65291084
357407317
149959100
910610919
618649355
18980469
714315459
3588449
299917633
295664352
77899435
119341945
250186015
452296969
560955461
614881808
326684011
670639988
424696343
760192072
158588947
99352504
13792768
435053381
390204135
720133157
641393577
429516850
275036247
709167522
882792261
213522575
676714338
986476935
802466071
771160515
482230500
694271678
85499022
359004203
327032432
383560747
775033093
842117374
764806942
586657411
129334449
398944822
445953388
867936483
488795366
356539090
44596688
752129921
872459332
931216215
343455724
336608828
34303138
80408205
103738415
602258359
110702009
931688625
466551961
885479544
524643951
734877579
453275527
825623106
504194221
663090587
426831861
420523499
854004011
636734447
671603730
300294073
64232554
305456754
406574179
716121721
680419629
310046247
692675348
493095245
674803601
434252919
605730940
978835881
131197257
6862718
135052344
546849151
888353920
893247886
561642109
655351180
78927760
159805190
358946773
288955403
956526036
692308326
339501406
461300058
877071607
202540714
997855116
180203343
962518559
423734845
656312803
999263633
352043773
781239056
310359659
366705754
60500927
938149468
991837100
792716284
853378034
166367676
6553990
966808413
687142751
114745352
958041631
64953061
894438000
645846411
719532462
300673842
167104407
442891880
259767982
69071192
716305987
584413307
889829563
991994167
661827510
486432943
577466318
214041920
558570160
347001945
274552469
265352604
811820443
631675787
271896491
411668162
872518635
539100356
303159267
346848002
267790912
772642213
190824804
922055959
696141098
155032485
220355102
204257518
922323537
549569199
784842597
487261662
568457379
41970184
36730977
428541308
526125540
78894413
241930531
8073867
236613218
388379127
762443829
191550294
624112706
825528026
30037586
22588541
913584320
225116861
636861762
338326477
769570896
147609303
652497752
331200740
228637437
359871931
706555534
950565807
617681917
467988605
970002069
748657269
14834730
245728435
76292029
611498019
478794963
257755594
855572938
252587418
331356273
667121453
984212611
943522217
129257860
60538874
369482413
931084441
448648823
506989917
581273131
593207835
177595928
119892035
293496179
838865386
549024839
116752821
420136685
253285682
117367827
342024274
38900201
196924331
697716511
32947455
238780027
706354167
26702263
669138128
366933347
400140274
225501438
412114864
25859316
527542834
18271037
987320571
540819852
122573926
59965644
836777423
969235752
720083870
235524258
88419080
350149103
88595040
956827528
672742817
813261026
60819860
54244459
203727341
755014073
102124939
183748804
627469305
482765217
162441319
884775795
11834819
387642643
68852137
149939813
98799058
573980652
885710488
373493685
143104720
890676498
424818951
661019506
262299546
901527349
388334772
770840466
779085314
955110163
377473482
13004635
568502108
464632825
849836912
133118742
34003033
34283542
836545810
64788237
362572189
278166396
364831318
553603126
790493575
221663830
300376988
454070466
656485796
225920105
441692714
846852351
286181591
441089854
107744366
418301265
208104585
56282927
503987389
529130566
49964049
978136960
28635308
472369016
49909558
360977616
569257195
326063936
587922155
73986772
357397667
142295395
230776890
654539408
727473654
541709845
215324747
514183366
123483302
552152680
36782876
508645045
293655662
133476694
607809890
624183169
989426511
826474689
206668682
280585277
906869616
177262068
93521249
613361535
502406980
199258289
542023574
762798918
868071891
720293643
87270734
513720991
896375679
192285278
580736732
306291591
703360408
578978988
591107656
948749552
994350035
241995109
79552319
709902864
903584443
807704699
454881079
780732740
108260375
919552715
419322525
102819652
139428146
636840135
691578284
846142803
600302397
564417004
137462692
517090218
116020911
257927791
332511366
75011844
307863102
54911111
114843821
280508443
946099081
825204157
865331597
866923550
140879772
104483323
604346434
791513954
762809039
457113620
59374617
369581946
968346850
151328101
540304820
287897424
962521194
363180541
134763910
649432706
312827495
453210665
373275886
678204134
323997399
602787604
288963321
440642945
999375934
485015058
231247713
67367687
607655139
36504780
665952961
478408486
408861207
743264802
127851186
3570404
556960356
939503878
963482191
467426096
70270577
675426482
995032218
140856070
928400858
202692872
92906139
187695652
827820140
286954871
765552139
918163886
693064076
562202936
20287344
484487569
666027039
28012958
218775700
738802420
262006629
88640446
132044523
964130872
719807023
990373380
442927004
58356434
370839492
299919323
75184425
108146453
769624607
66810173
106552794
688554256
124164597
25061798
259772669
474683444
238384519
722595577
114229317
736862898
929968650
953477509
713703714
530803646
563960117
803995636
989303866
116720232
340569673
173640309
3008054
822059435
175089115
490062203
85804974
145459480
98057058
552850454
311006853
94863374
39868632
189549883
655320231
889560970
155737904
54772999
99380069
138250203
956999738
8995297
726444091
161979334
950550175
6474738
55712951
482803627
51946498
527809732
768473596
570990258
382048279
118534000
608099772
596509646
228918100
678744208
317387621
710682624
688979569
633574042
692263766
943333056
465329423
549021381
94045115
585062002
71119198
86086626
23915643
284552895
938457088
937594734
46691212
296106004
434910407
141445538
770049103
269846306
62545832
749255264
332737443
967516634
703795073
546614635
421900355
137636787
581448009
64331512
764018730
698287070
601021046
791086338
331620139
53569057
34888628
530767642
817200454
717205782
610345476
718442907
288549146
47515986
190117642
417012715
769363832
116686151
780634167
549687233
602580104
444673575
804209249
244166272
831067261
141291406
52698419
577580536
36410382
287427326
527274006
286982802
863572605
865290177
947674592
640936961
485485236
75569923
493102634
469923545
219629006
718692480
623910316
751732316
112460697
84923422
678190831
522149034
789875337
790859197
769083132
890794338
614244995
2941439
282176758
710034940
125194177
378266385
679008430
565183265
692389274
18521777
322230269
420343525
21295387
907727648
107314080
235672771
326589766
11803813
748486972
913448769
752844311
616613094
871711295
170068021
172262414
996605459
303411813
508726536
356902712
594185137
38259344
114857054
502753006
543046981
644772660
724458379
368922616
598723112
448668696
571648516
544648040
5093120
141640278
265084833
108764452
891530887
593469369
5029188
511399780
559784508
706515220
937714800
434301959
549701654
877847643
941862203
318350232
867748312
747955702
948756068
225374611
42406253
53576682
18138415
766337539
903853809
916231007
27009920
451567970
901756166
766670105
988734065
741292739
236776985
611774923
714390551
656557885
570497351
146786527
764190133
201986117
503290250
38964786
383304351
481953424
539115240
514727844
996758690
636361888
647677462
324434360
464397603
934548964
893494899
659699867
268836307
521006229
537412715
205559981
898072201
118334811
693589824
689577644
201924490
92684165
705406450
965816712
457635260
616875454
428322849
58528517
308469974
613298775
995202146
29892446
198283361
19991699
482100646
990822434
889905886
883559969
868545736
142082047
455849129
518997077
828716975
903423199
741460387
441816081
82215064
713602746
12240749
296120001
137962420
98654198
208798047
872653022
130014492
782482808
805179813
607960526
671932151
64878327
108186965
685960904
709257532
417393316
513998305
714795717
980606847
17165967
496364228
297660401
264258437
95730966
909593692
621356441
531017891
955771575
804549690
287880070
123105255
333028861
239995340
119766877
8692093
631865374
238469004
96405784
883098253
703711605
497677062
921367442
684747640
62437615
191140909
361893387
813141186
439126341
973373216
234510490
147241203
495107506
874108832
954822145
455208148
998729205
102653340
380412045
118704536
591733755
612318539
23772077
78808416
481988415
369280471
141016644
433924571
312711457
323919577
934908512
92780654
724166018
165960366
45704525
207512271
413560362
696618498
953053534
646371933
12659887
845437233
5971492
722245954
490457268
45172827
599989931
242172535
247379445
718168265
350336740
746173640
13088116
611279234
138079722
784745648
883642897
809251604
929777985
271759655
189270951
974201301
49311370
824980971
153803004
966828424
392700297
326323281
839674240
314947457
684771151
805115331
869425779
512189565
667486976
374481111
306882163
806663059
600555503
875696822
49129865
575581495
955164362
22008972
406593775
31708771
73648214
892544314
678886466
823919642
273526586
735703229
610244062
744785526
424638424
99206144
20470487
436723222
508095036
68650794
838024954
296873148
499167045
783280518
322653499
591341561
942652470
439518394
280701918
907814078
264324544
892106420
502014450
542055477
71621513
721634448
12670549
648552744
396209862
940494371
631493716
813470032
866664853
751937004
149193544
377628857
580138685
890413895
229345487
45502705
23433455
635694348
860533861
848223626
48949760
999419553
868681919
937109865
169638179
795577084
616174918
530599493
780044102
151488950
462966259
773581575
374905647
612030969
800507326
876403869
420661964
314096992
379719922
180642982
534317214
892955618
640097178
860731449
575745192
455222469
24761247
933000264
667354594
177002463
241901804
121839845
350022439
624687880
18952893
102343837
674843998
344801829
395135157
226883233
634240294
205863798
737714060
461265891
97307449
926762136
776967307
96300542
274985666
877796805
180873578
244751450
679698672
521924252
65607819
801150678
800315334
987636155
632095798
727853144
277781043
627509864
536056234
274008901
102204360
970961203
270045933
422810032
43348380
826168739
43200837
582639228
269256392
574543212
453219500
766367730
33047603
130707735
843994489
836334809
990559180
184717331
536559901
25344691
115221461
596089044
449977517
519968333
243772363
789806191
961405426
469143794
137312006
305159680
87517508
652432897
511504353
695758510
113736184
299307587
366773145
379333430
966394229
136587726
812239516
462433570
207211753
696045642
330572894
965932070
9298361
514778086
265064673
4716804
702856696
551031997
519144629
358405356
195854658
690603222
282327476
391204864
318556110
95100405
438417832
133583164
686991996
709579693
195037411
429930918
112462190
559275454
338975997
265968479
603524738
92015097
884019552
749356927
437313589
350757360
906653532
488114860
403262724
907124459
715971281
175322715
906793964
59180042
876333424
181753569
148203796
840203974
109059218
695806767
654580895
780226763
646899893
30573469
9596360
171380086
629608763
465764728
51242171
170988684
121593153
54946513
709819063
820647658
898005606
13802770
698547860
806969045
98240208
77761264
29558451
971820948
116869447
327604468
928296798
150688623
712044497
882497333
997206600
78041386
440084812
184288816
54188103
16832233
877859904
800686141
73041897
868817282
541483736
731623998
115139358
815686234
225378454
145922776
558615753
720944438
760300253
278142310
150280913
486137298
614093319
500614858
290974675
490854744
91875030
999346635
237864613
841649346
578549226
288824029
927464758
19289956
8429926
144917366
20872683
393223502
369259770
113082750
286011774
455501388
523765422
823641951
949789857
57954647
73605066
576578255
715670569
523521846
731337745
121082188
726212665
357312937
707052700
749639378
60127805
478151759
63349238
826677266
4044409
999226262
728171390
417885234
67816513
515678156
127213768
945891715
719760168
151613179
636890196
786875834
661754271
905121540
357907263
940752152
754833417
898097260
523716399
146672264
528799326
21797160
64692407
768113193
64319818
589641470
317023264
942563981
597778603
811759382
898297620
244383290
382389100
190373629
451084392
208508636
273158822
989921102
624151172
349926325
877457996
918702203
942642600
660177131
901535085
97120491
248336929
22051090
574627794
79465601
610252417
33004989
517055829
860354634
436387631
116104774
372470126
873548124
277415104
805834137
750727117
181083564
89083279
230195203
939758689
688438851
366300670
905794754
522785370
758138884
504880283
261722644
172502922
648879191
917221981
706581856
721058478
773674420
83276416
337196521
874245155
802804407
930576332
543928958
650204862
296509179
74732235
438778910
542856621
889350446
778536169
20723167
993231457
247406927
96217027
441142665
699589633
573207214
47633274
975505400
745409243
375763671
865019587
936226846
842403633
696401562
498067216
715670884
683419997
261574879
723746986
407642556
249678276
507944870
713057104
599715997
577633371
549813208
152006168
104359081
605332585
750943423
794997232
811249851
996165191
509855576
9772048
416358227
431986478
369596472
807787870
59499947
822997256
113535519
41903662
56467609
851398879
718422349
593844664
265058293
792499781
318376983
347427471
554090940
985504274
735997341
512250987
37483549
825362270
628252632
674788383
648498349
281293326
668611636
63722933
526253875
581460635
577033500
681382107
112300383
877737599
362466643
713545179
76229135
27786743
330457404
528051279
95722592
353713082
28504566
819859146
405717096
636893334
337022612
379785037
656310970
371160568
724768734
232268667
836349601
254985911
454818157
359920301
793829130
300751561
4888723
246858575
181496091
260879556
82684107
52421016
616253749
433145010
78207395
894950456
687452498
176999626
425222455
716704416
211081773
781797800
584538646
926238052
17330462
873793654
17231219
233253808
432997045
607108069
323910366
830791366
322304474
144012910
41370784
797082012
977929226
707193667
682503095
111778474
568411977
35423376
190040906
681871569
419757806
515599394
402019258
9806643
166324611
236212101
749253217
133183850
27557740
26098048
851269283
806548590
425323310
567266464
413053721
866983869
176429414
108838078
137493888
706715232
529824499
563602937
515729456
868195093
93609903
565298767
777514324
681839413
251410629
349120329
471608083
520394021
449171782
316852030
97201630
986276974
892893571
270995174
507582702
546429320
905307142
85971009
581078669
329259203
972763416
65575666
296523150
466944822
736733137
945770456
399169879
481480465
560631041
408690067
211451311
968682710
714789117
859703208
414114547
75958657
112434927
577168329
928966678
756763480
890314923
795398142
757010878
563688145
853357815
199012153
107378839
44626734
158939954
274955083
898960440
63282775
524461165
34025479
569467870
854107934
103885007
824834031
314572256
4020793
428171886
876073103
50925216
894086780
836673614
619287969
730409200
637366764
102759093
456997776
289917584
35830098
46328136
154723421
853372213
8542191
963936557
137812013
209960754
347371442
969166142
115188629
167055864
152691802
379728512
75736012
52611186
672147010
624749218
178836759
345098946
287244473
728620398
694150831
174323864
116355269
672530588
913734110
879675514
448266309
110637243
135834333
347359983
286767142
690787862
322697159
654524935
857269872
231868180
586503598
562377814
918753868
450484834
703547870
768290707
383166051
809316884
871098133
616758901
147518142
354093948
486349238
224893711
489833689
71561058
918814332
221590103
893676503
8074190
804226314
67590285
99773554
57961103
168218049
960826544
551477017
704378600
333761945
99018910
122622835
841850915
229329846
784607223
492290019
453439627
586958824
683823293
182778514
166854667
66411062
324061738
732236420
31610131
288981623
611030394
372102442
701483346
957927066
538568170
905201288
72248843
735670668
747360756
552264213
39144145
578143798
941771832
331476394
490122616
645588621
664821707
405763319
554026568
518365481
196834306
99396555
344121386
643268268
559635607
506231989
517775121
401368213
7086161
67738335
942563116
551899461
823762334
591165552
490033490
380810781
923396040
992455841
800579587
794676539
632434246
210083125
511023205
686622517
714890679
99271828
126953847
914359096
431179647
51099454
359215321
175876004
78045949
978813332
785592324
8438160
683800619
44922483
637922380
416890180
752936066
166378748
962856
149296444
642970676
31817350
493119732
433266660
305024238
583101478
355653185
64133146
773770208
61154785
859474592
817962189
663457027
164227030
937085853
726403964
246548110
951941431
741023361
135050840
89056167
198241225
35666940
850198687
323361773
471009903
379650314
971759252
524887689
369316206
596725397
164955040
854705241
37976135
762183350
689495273
49375744
41933723
141601139
348222472
2593002
195266265
542135924
837813048
124504696
910172602
8506801
663066365
522714474
826235871
398252076
379781599
351270799
16980408
16121570
276874170
421566007
613002348
666690928
297575595
270748360
203827894
852968122
137836501
252731334
393653358
481802861
789347225
207956326
819157323
755577281
62294393
783306065
566975278
102305443
160073455
6414549
316766426
823469981
7871644
558083043
63823019
658039029
6138641
890318011
103510075
450241861
715463381
955146950
12161143
598437925
954899742
540686227
146525896
787903270
839632979
666268685
220096386
171913911
631984684
861508200
811141518
78180627
411037483
501440962
129046770
249696997
165364164
248143385
135153443
968375160
340027112
905372641
286945006
815716631
843899098
445993536
219908471
29014331
295638311
74712890
917395724
136200450
660639104
187506573
199557520
25317693
652381343
554772192
193467578
102694760
315196923
533878606
180785164
247219298
835286748
618953647
563080914
9915424
76866805
682396516
287168994
108876951
364880276
805892392
6564410
5405146
649621779
416367584
884825515
962370868
222787426
160755348
369474616
924838080
203430144
192602888
503783033
321225926
734905916
405978434
911239649
87049973
638388688
645512830
43138569
189067783
225657089
542853192
790008008
149061517
571191877
102746066
391801540
409481623
995356148
743878673
115718094
957301374
497369682
249833645
983321839
681680837
136972010
483097011
279475654
426388391
772709626
644519523
550512885
825555835
951962276
641356754
892237376
479003366
176975685
742759578
32628644
918841608
184357243
782466683
898150327
715163883
855797261
916930649
728107485
697148783
58609256
654378826
588612853
209200685
67417799
489346207
49691133
501523064
287776780
299571923
878984285
941536568
577800331
671253348
677959677
22419859
914232896
487775743
847520382
397589826
405399316
713724318
230689314
853099876
387997518
882568175
875782167
176159660
285972567
716778155
218944689
14607230
674489050
966331542
629027952
838123749
156859914
947475260
663092726
370369943
751931696
923546633
524413359
334823648
222588206
987061660
690806430
197408085
580812378
92878411
672506253
242367228
120149613
700129531
354458930
57768294
108596053
307561736
178983832
260463393
201217267
197117198
56658998
993025685
48955957
870943878
950231256
440917355
571098108
127761196
177039145
642486527
287828753
87097539
269047189
619430307
371690060
465319362
589280635
954265505
622305302
482851208
984223373
61886308
234430800
78028475
643403573
837883374
140483065
390745055
153983435
483355053
568854665
334885695
631362525
487045896
121363154
484920123
669732363
499349045
90588816
208492766
