5
41 3
26932996 472813348 111118644 197825138 269904045 195792586 261312583 28285232 616345420 42486197 785769079 155134284 139857505 279679021 747613324 212425100 775599104 550139899 698779095 146961559 654010926 11309616 280298259 304469205 150896881 27873474 383640351 988582233 991298740 543017958 466356304 604519545 617744235 768662910 920690034 142529031 342777873 578012961 831323078 556910572 355621428 
38 3
945338599 836267064 402590831 898236981 26087912 233994584 436698384 228685756 281843407 279398837 272463173 596947994 619229493 454284377 335577355 339761679 711841443 563611185 315042195 339796161 381605669 807242462 302051101 221004255 625200091 282482004 707022482 683699981 151843188 360358326 324305753 80713713 686450146 349223702 62276838 84743758 219731857 640150165 
43 3
579599478 444977108 946410074 573887940 458727607 981609773 214068222 13716882 499830622 375749388 837440564 341645548 779440970 225218891 60755951 188640556 462329960 623188631 337903302 20526391 483054164 89501264 947180091 293035105 267494521 118020294 303240621 854002510 807503662 69618710 955187492 804942033 216764943 982811296 60427551 39817397 565513540 513159137 414308778 203871985 260536632 355061743 212701804 
42 3
136623584 323075635 548337909 59627053 45875845 672788008 189246027 573387963 880742213 581798346 549479674 980977526 87704071 597330118 529248179 354263701 189609174 571334796 900448021 8136974 510313925 744996194 669844146 79979114 934667913 412623056 947534868 574589682 405544056 518751945 618604690 376794176 44491700 662962250 25237317 597831934 679980005 799277507 426630408 450323586 579389534 622891679 
36 3
388519704 298346807 651701075 524889590 50187943 884827076 950851644 92114095 233626529 12012660 418657683 454175875 357066705 872450674 148531797 470186637 543281375 56079705 372289128 843288574 549517590 660823060 161620023 142670127 870464404 764120924 373160648 774793885 746901139 536075017 62386376 242421297 427660386 225216308 324765593 831851187 
