2000 2000
24 16 42 46 19 45 1 28 4 1 34 49 45 25 39 25 33 39 1 7 40 49 28 44 12 36 48 37 22 6 33 0 5 35 44 37 0 50 48 6 43 8 22 46 45 20 36 29 50 21 6 7 22 15 28 18 15 47 17 17 14 44 45 0 47 47 0 11 37 12 21 38 24 46 46 2 44 50 16 47 38 44 16 5 8 44 40 43 16 23 44 45 34 14 44 24 47 27 46 4 26 8 40 46 22 27 23 36 24 20 31 43 16 41 24 47 3 23 2 2 31 7 22 4 33 8 18 41 21 1 38 45 28 21 29 11 19 34 16 2 29 34 44 47 6 35 32 34 2 27 24 43 49 45 8 4 10 45 47 0 26 33 25 43 25 19 44 39 17 49 37 23 47 38 46 28 4 35 41 49 45 23 22 50 35 0 37 9 29 13 7 8 4 44 46 43 21 20 15 4 4 34 23 32 5 45 13 12 40 24 22 2 2 45 9 11 0 26 26 0 50 48 39 30 12 50 10 31 6 17 42 19 31 21 26 14 50 16 44 15 0 43 24 11 14 13 28 39 38 42 32 28 17 11 1 38 5 19 48 11 14 41 15 7 17 40 21 2 39 33 27 45 31 12 13 47 4 19 31 49 44 29 8 50 5 29 28 25 40 24 37 36 43 35 25 49 26 11 23 46 8 32 37 10 29 8 13 25 34 41 17 24 40 20 49 13 11 33 49 34 11 24 12 9 14 26 38 46 39 44 38 3 40 13 28 5 2 13 0 38 32 50 19 3 45 42 47 17 24 35 16 40 26 19 37 14 15 35 8 6 24 23 35 12 35 50 24 23 44 1 29 10 34 48 1 35 0 3 41 28 11 0 42 0 27 47 36 3 46 39 40 12 21 16 34 41 3 20 40 39 45 35 27 35 20 33 40 41 17 25 25 16 13 41 44 0 19 31 6 42 30 20 20 14 33 19 7 46 5 7 25 15 34 3 5 47 39 35 47 29 34 49 20 35 26 3 26 8 11 16 35 31 44 47 8 22 2 47 42 14 11 31 24 32 45 25 47 16 35 38 45 49 18 39 7 24 25 28 44 6 37 22 42 21 18 13 8 20 24 38 19 18 32 42 17 45 25 46 37 24 44 42 44 6 26 45 9 28 24 10 32 24 33 47 0 36 8 20 12 20 32 21 10 42 35 18 23 30 28 40 5 7 36 7 9 10 43 31 15 11 10 27 29 43 16 10 46 35 24 3 18 48 15 2 48 16 33 36 12 15 1 1 10 15 4 15 38 43 1 5 18 31 27 37 34 27 47 26 12 28 9 20 10 6 12 40 34 44 44 39 26 18 35 16 38 30 44 26 5 10 29 35 48 50 34 16 31 39 22 39 42 13 20 3 26 37 12 34 27 46 18 18 45 45 23 0 33 8 50 23 15 39 25 18 39 6 45 37 7 13 39 32 15 31 5 12 47 10 37 49 24 30 37 22 29 7 50 1 15 18 12 33 26 41 40 39 26 28 38 36 24 2 9 2 29 7 43 10 9 49 29 46 46 37 25 44 9 34 6 20 13 10 20 46 35 44 39 28 11 44 14 1 12 24 21 39 8 23 0 50 48 20 39 45 28 49 47 5 14 15 34 14 47 7 34 22 46 37 28 49 47 49 19 20 40 32 37 35 37 30 48 1 16 33 21 5 41 6 50 9 22 12 38 10 27 11 9 20 29 36 49 26 22 11 20 12 38 37 31 45 27 3 21 18 29 25 42 38 43 4 42 4 18 16 21 34 21 3 19 5 30 27 4 25 6 17 4 0 41 25 12 50 30 16 35 46 20 36 33 23 48 22 10 19 23 42 37 7 15 47 7 31 43 20 45 37 50 41 21 37 4 24 25 28 0 5 20 25 7 29 7 38 0 13 44 19 15 20 33 38 15 36 44 11 24 46 32 19 31 17 0 29 16 26 25 31 7 37 40 47 2 4 3 22 45 8 35 43 3 7 15 18 22 31 24 41 28 17 38 5 28 35 38 38 41 21 38 47 48 18 24 27 6 46 17 45 32 43 0 6 37 17 3 50 1 32 38 31 40 27 32 26 19 12 39 50 19 6 31 18 26 10 10 15 24 27 42 3 16 3 4 32 41 14 24 23 50 10 29 27 28 18 42 11 11 44 1 23 43 25 1 17 6 25 0 23 13 45 24 48 35 42 34 43 34 3 14 35 46 34 3 44 39 46 10 39 22 3 11 11 34 48 12 17 34 16 0 16 23 30 26 15 27 36 19 14 22 25 17 42 16 34 23 20 30 5 31 42 11 42 46 11 25 19 13 12 39 27 27 4 12 27 14 28 26 9 47 36 2 29 19 33 28 47 30 3 44 44 30 30 27 38 47 23 42 24 30 13 43 39 28 18 49 17 3 10 39 14 19 37 25 8 37 41 23 22 28 37 28 1 46 41 41 11 37 8 16 30 2 19 18 27 19 19 4 44 39 34 42 2 40 21 15 36 42 8 36 14 2 34 38 6 11 13 7 25 7 3 17 34 16 12 27 45 41 9 3 35 27 3 5 8 4 28 37 50 1 20 30 38 29 37 36 3 11 27 25 13 27 33 43 17 43 37 44 38 28 38 18 17 45 26 25 29 34 40 5 49 28 32 50 5 18 13 12 36 12 48 49 21 2 38 46 7 37 17 27 27 30 19 28 7 39 12 48 9 1 43 2 19 31 25 20 32 25 10 18 11 7 14 15 31 48 24 26 38 14 20 20 19 28 50 39 30 35 37 23 41 27 18 50 36 29 4 23 6 50 39 36 2 7 23 11 6 15 15 38 39 8 43 43 9 6 12 42 21 16 27 35 29 7 12 15 33 24 3 45 21 43 0 44 22 0 21 10 43 12 17 20 35 35 35 50 23 49 27 41 32 38 15 8 44 44 17 13 8 45 22 7 30 44 17 26 4 38 38 25 11 1 18 48 47 41 33 31 1 21 2 46 43 2 43 27 50 33 22 9 6 25 22 6 11 9 49 27 34 0 9 16 31 34 42 47 6 3 41 29 7 38 39 17 8 33 17 12 33 17 10 48 28 46 12 44 21 20 11 14 48 43 21 17 14 5 36 27 1 22 42 31 23 39 17 36 15 44 20 37 35 26 20 5 18 41 6 40 37 37 14 25 10 42 1 10 31 30 32 28 35 20 9 50 9 12 21 50 49 11 29 12 42 28 12 16 2 5 18 38 44 26 22 3 4 19 30 48 41 44 35 22 31 46 13 19 42 50 20 31 7 1 46 40 49 14 5 2 22 50 26 6 25 49 18 25 29 50 26 41 28 13 27 13 2 9 1 8 5 1 28 4 39 12 38 14 22 23 14 20 1 21 23 22 11 50 19 1 6 5 1 38 21 15 42 27 0 14 30 41 42 15 43 41 49 17 50 31 35 40 40 29 46 16 47 9 2 18 45 9 11 26 2 42 45 9 11 28 9 8 16 29 45 30 49 20 46 4 30 9 36 0 42 15 15 5 5 11 12 13 37 50 3 18 30 11 43 35 13 43 33 21 4 9 19 22 39 44 7 24 42 38 19 42 32 13 47 9 16 7 11 10 50 14 3 17 3 14 36 32 25 30 18 37 14 24 11 6 50 13 50 11 5 27 45 47 24 29 39 17 39 3 22 12 6 17 48 14 41 36 20 3 7 48 49 37 6 9 25 48 16 37 33 20 29 23 5 38 34 7 1 33 43 38 20 25 36 12 3 24 50 10 33 17 41 36 18 46 20 29 14 1 28 18 11 31 21 1 27 11 3 50 16 21 34 50 24 27 1 7 14 12 44 1 36 19 1 29 10 24 40 37 47 40 0 28 40 41 16 5 47 30 29 6 24 9 38 39 47 17 27 18 26 41 24 10 5 21 0 26 38 45 11 44 15 17 45 46 30 35 39 35 43 39 42 42 4 44 11 27 50 48 27 3 8 1 43 24 32 0 4 39 43 10 16 4 1 13 48 20 47 15 49 3 1 26 50 49 39 9 38 46 1 15 12 42 11 41 40 35 4 19 15 3 42 48 39 22 0 3 7 0 28 36 7 18 3 41 0 22 12 4 30 33 28 7 42 19 13 37 2 38 13 47 10 33 0 15 25 25 39 0 21 17 39 25 45 1 45 50 44 21 36 25 33 10 7 8 1 20 43 8 44 17 44 8 32 31 28 48 27 12 25 17 24 13 30 13 45 32 40 27 33 32 6 24 38 21 18 48 1 1 34 14 49 18 8 34 26 23 35 40 7 48 4 34 35 11 36 3 32 7 5 19 9 4 0 37 8 8 41 3 1 8 6 40 3 43 49 50 50 16 22 6 10 5 17 13 39 22 25 49 18 44 23 40 27 5 46 43 23 50 28 8 36 44 32 47 37 3 18 48 2 41 28 27 22 3 27 24 25 6 49 19 40 12 32 49 30 20 14 7 17 47 7 28 46 37 25 1 36 11 32 30 18 24 29 25 20 4 22 29 44 16 45 11 18 33 26 10 41 8 31
289 397 18
1054 1611 15
931 1571 31
817 826 7
534 1257 5
165 1481 0
1676 1963 6
573 1071 12
1922 1990 11
1239 1371 31
121 582 36
1020 1381 9
757 842 29
187 279 31
1321 1926 30
340 844 33
184 1833 21
1873 1905 15
1476 1545 17
6 898 37
841 1906 22
1704 1951 17
1535 1762 8
664 798 29
979 1683 17
1032 1400 15
545 1264 31
531 1577 24
849 1037 15
26 777 3
1402 1733 49
1946 2000 47
846 1585 26
385 943 8
1228 1249 29
40 1830 4
633 1859 38
1507 1829 30
436 983 46
1676 1819 30
904 957 40
1589 1890 42
691 995 1
765 1941 18
90 1715 28
471 905 35
826 1378 26
1145 1718 23
1192 1649 4
1090 1182 41
242 1689 20
342 1085 49
962 993 43
721 1615 45
460 1056 39
994 1825 22
361 1909 46
430 1691 50
1601 1702 4
98 326 24
621 1108 14
825 1571 16
391 544 25
1107 1594 49
1306 1453 26
1935 1970 30
1738 1926 5
748 1160 48
429 484 43
1030 1045 16
429 1214 16
1379 1907 33
1252 1476 7
998 1156 49
1806 1859 4
642 1016 11
795 1497 3
889 1005 40
1669 1978 28
619 1822 31
1877 1907 42
1048 1081 17
1743 2000 42
744 1319 46
1624 1711 10
1565 1786 42
1838 1853 1
1974 1998 14
1182 1652 47
445 775 17
511 603 11
544 926 29
509 1197 6
1097 1825 11
1414 1952 6
1671 1899 48
1140 1652 46
1556 1710 26
1775 1953 25
398 641 48
1693 1951 26
1094 1438 25
1912 1918 9
731 1357 27
189 746 14
1238 1975 15
1705 1834 9
1967 1975 40
1374 1694 43
1023 1340 25
323 931 8
45 835 42
1560 1634 3
1271 1580 20
1722 1934 29
1712 1793 27
1125 1896 45
717 1737 32
719 1389 46
751 1093 46
502 1459 22
534 997 34
346 1731 38
1670 1978 16
178 887 10
152 594 4
1869 1979 20
1348 1481 11
507 646 25
104 561 35
1920 1973 47
976 1360 20
1507 1935 29
1267 1403 23
188 399 14
1282 1843 13
649 777 37
1985 1988 19
101 704 32
303 987 34
969 1919 48
1746 1971 1
1449 1467 31
255 665 30
1380 1611 17
230 1771 26
1898 1958 27
1611 1952 26
52 1782 45
575 1840 39
660 1063 26
1000 1873 13
40 196 41
1151 1874 30
319 767 21
794 807 32
1234 1718 1
1915 1925 36
629 939 10
1861 1950 47
1254 1864 12
929 1242 37
520 796 38
1478 1917 0
1244 1946 44
1660 1911 48
1172 1612 9
1585 1896 45
909 1724 20
1691 1826 3
1823 1858 9
1492 1907 21
688 818 32
1173 1750 36
1601 1752 7
1296 1720 7
1007 1691 40
1554 1562 47
575 1690 23
1914 1940 41
1282 1445 30
549 1063 29
1822 1994 24
1367 1844 8
747 942 28
1292 1846 22
1025 1504 30
1254 1683 0
1672 1739 49
1642 1894 26
925 1339 29
1087 1161 16
1663 1819 39
1821 1905 10
37 483 47
362 1496 1
1880 1967 48
753 1445 6
293 1414 29
1425 1941 12
1488 1990 38
1795 1808 19
603 1837 24
752 1991 26
1894 1937 37
559 1601 46
1383 1522 28
35 112 2
1326 1432 1
67 1550 35
12 1190 3
1713 1957 20
689 1671 6
1897 1973 49
1267 1663 3
1469 1703 45
332 1977 12
956 1888 13
96 1898 2
889 1018 24
601 1905 22
1416 1622 3
1425 1847 44
356 1491 36
865 1010 2
1144 1692 35
1999 1999 5
480 592 41
806 1105 12
1144 1308 37
419 1703 42
97 832 31
1092 1773 7
1366 1734 21
1457 1973 36
19 1162 38
1175 1783 19
672 1951 36
1257 1377 30
319 610 32
1902 1919 18
723 731 38
1849 1959 7
461 1670 45
1776 1988 34
1576 1941 37
608 1869 1
915 1280 2
1366 1592 46
549 833 41
962 1265 17
1320 1574 11
1153 1778 37
1940 1996 3
443 1020 38
200 1502 4
657 1210 6
1918 1925 19
1331 1837 14
1438 1449 43
1440 1497 30
1484 1733 50
1663 1926 20
1683 1743 47
1876 1891 12
1612 1672 37
627 1218 19
455 1112 28
573 765 15
84 1309 7
113 1570 27
1682 1861 21
1020 1579 45
61 844 13
556 1773 38
633 1395 9
192 393 19
295 1910 11
438 1707 8
404 1658 12
706 931 14
505 1254 21
1486 1850 45
27 1377 20
1378 1681 42
1812 1821 13
1119 1256 8
1406 1437 2
133 1265 18
170 611 20
356 1831 15
59 1463 7
1203 1656 15
1601 1682 34
1481 1570 10
622 989 28
62 1179 5
637 1192 35
766 887 36
1475 1968 20
1870 1997 8
82 399 17
1750 1798 46
1880 1968 42
321 1003 23
1452 1883 31
485 513 10
245 1131 24
1552 1860 17
104 1476 47
1749 1967 48
1730 1924 11
1899 1947 2
1603 1781 37
1772 1949 31
438 1108 1
643 695 18
1146 1996 42
736 1458 22
1475 1597 38
434 1958 25
611 633 6
353 816 1
399 650 36
498 1013 31
812 1627 25
1602 1966 1
503 1605 15
169 436 25
293 313 31
1717 1867 36
1036 1701 15
171 799 27
404 738 36
1404 1418 13
1224 1630 28
1169 1471 35
960 1771 24
570 1763 31
253 1762 6
1188 1248 25
628 1448 50
1907 1920 2
1661 1968 48
1034 1192 8
790 817 34
1216 1547 50
1461 1492 1
369 1873 17
1467 1894 49
1852 1971 1
1698 1803 5
1187 1189 22
702 1875 34
1503 1551 43
1627 1720 26
515 1612 31
1166 1197 2
1861 1932 27
1765 1881 31
1438 1841 39
1659 1895 29
604 1434 14
200 417 10
669 1707 19
212 1891 19
513 1411 41
1166 1213 18
319 988 39
1155 1548 50
663 1681 45
677 1088 26
1619 1926 0
938 1758 12
1359 1526 26
1567 1852 43
1432 1432 48
55 1778 9
1306 1739 47
347 1905 0
1521 1612 50
1036 1799 25
181 284 21
503 1370 11
1802 1887 15
475 835 33
53 1676 4
842 1871 2
412 1282 2
36 1370 8
785 1429 0
1699 1899 17
918 1375 0
1274 1492 12
1062 1670 44
1225 1911 0
262 359 16
1158 1488 5
1086 1241 4
560 653 35
396 1604 9
1245 1274 32
388 1082 27
1576 1813 18
615 1104 33
485 649 5
547 1975 4
1994 1995 4
1647 1883 16
1339 1689 31
544 1055 39
1806 1846 37
1739 1907 8
916 1600 11
1173 1633 21
828 1933 28
602 1170 3
2 181 32
1319 1885 12
673 1156 22
1195 1361 44
1414 1643 14
1458 1526 7
399 613 15
20 1681 2
1122 1210 39
97 1607 22
179 1587 48
147 488 21
537 1288 15
55 888 6
616 1824 36
1759 1910 49
697 1755 18
759 1486 9
1441 1934 29
456 1161 27
202 931 1
1611 1661 14
21 571 36
1611 1739 38
290 1175 49
301 1900 34
1634 1930 1
896 1084 20
423 920 44
981 1335 35
90 1984 0
1745 1774 46
376 1257 37
1588 1619 11
1115 1944 23
1402 1776 20
1664 1984 39
954 1750 40
1770 1889 50
780 1713 22
200 1304 38
667 805 24
1415 1954 2
1944 1994 2
1911 1932 45
1245 1996 47
1943 1962 7
552 1255 4
473 1695 40
771 1295 23
739 1451 40
1316 1729 0
112 446 26
858 1078 1
326 601 43
475 1610 34
1652 1975 20
843 1778 25
1413 1788 17
1843 1865 31
526 1606 6
1503 1513 47
703 1986 10
1240 1751 32
538 1268 31
1991 1997 42
1832 1898 18
1869 1938 39
1100 1172 24
871 1793 10
982 1629 29
38 1186 17
1773 1949 11
1049 1137 0
691 915 45
753 1536 44
414 1454 41
77 1958 9
749 1979 50
1245 1309 21
1396 1662 37
1356 1749 11
1961 1991 39
881 1138 0
684 1421 35
950 1977 7
1353 1358 16
431 1702 3
1487 1827 18
456 1572 42
1237 1302 26
640 1504 6
342 1287 43
375 1566 32
899 1048 31
1005 1277 44
459 1226 22
378 1159 4
1131 1905 6
274 1496 30
1022 1023 23
1304 1304 20
1559 1759 14
1305 1827 16
1538 1885 37
1329 1444 49
877 1051 18
1468 1562 14
1458 1568 0
1736 1752 29
1397 1796 44
1790 1828 33
1635 1869 25
1732 1781 36
634 841 16
1142 1380 18
886 1893 43
31 1419 45
1644 1917 26
1763 1883 0
872 1981 20
514 863 14
991 1220 26
362 1647 35
475 1564 17
1745 1745 28
1701 1915 29
1873 1877 41
530 1590 30
702 792 10
830 950 9
1291 1500 47
376 380 32
1930 1982 23
25 1089 17
871 1820 48
1940 1959 28
1059 1377 28
1026 1287 1
668 1318 12
225 1587 43
1527 1740 35
416 611 10
173 195 18
493 668 12
780 1650 24
1205 1802 42
1702 1763 49
226 299 22
735 1628 2
1466 1589 13
543 1346 42
1415 1777 14
1469 1655 16
1983 1983 5
944 1380 12
1626 1955 32
113 137 30
1474 1737 25
246 1431 48
610 1136 46
1085 1470 38
1724 1790 2
1949 1960 5
1844 1876 49
994 1015 10
1644 1986 23
215 234 22
1745 1867 37
1981 1985 3
1260 1913 36
1452 1755 16
152 479 45
333 1676 26
1246 1681 23
382 642 4
1809 1830 29
1873 1965 34
593 1794 9
494 1286 0
1568 1846 21
480 697 18
403 1206 48
1560 1618 25
1116 1236 35
1246 1986 23
866 1020 45
1422 1562 28
1980 1981 20
162 1360 39
79 1309 35
1753 1959 27
1759 1887 13
584 762 19
1357 1760 11
1977 1986 29
1721 1838 19
1903 1977 18
1306 1607 10
606 1270 43
288 513 43
1022 1456 45
716 822 24
1479 1562 37
1373 1764 0
539 1325 50
1067 1319 26
1125 1674 14
833 1217 1
1036 1082 45
192 332 33
1364 1786 20
186 613 48
870 1627 17
343 731 14
114 874 39
1810 1863 2
1811 1841 9
1848 1930 19
140 1673 33
291 539 19
1775 1850 35
1240 1980 46
1498 1690 43
708 1055 7
284 770 2
1183 1348 29
1566 1988 16
1020 1357 11
755 1348 50
1322 1906 29
1201 1481 4
146 1322 28
505 1337 6
1873 1966 11
23 1112 50
1090 1397 10
1525 1683 13
1334 1462 16
836 1211 32
1452 1597 33
1613 1822 43
845 1871 6
1305 1822 8
1525 1738 29
1418 1433 30
1867 1964 6
464 1137 23
1154 1965 26
1502 1646 22
541 920 50
234 920 32
1349 1732 11
1592 1792 8
1733 1877 15
923 1557 31
1420 1700 12
1859 1931 19
1024 1140 29
526 1665 45
1880 2000 43
624 936 43
1539 1634 31
332 1521 42
1358 1535 44
1333 1654 34
1780 1955 36
448 893 17
1082 1932 49
360 1546 7
672 952 4
1029 1566 50
1244 1527 30
412 689 15
40 1947 35
495 1579 23
1454 1924 0
444 495 38
1634 1869 14
1833 1997 13
1925 1958 16
1076 1139 47
1665 1911 38
1633 1973 13
1727 1737 40
387 1910 40
805 1370 10
537 584 39
29 202 13
1937 1960 28
932 1832 40
1128 1719 26
374 954 14
179 1271 5
105 153 12
713 1005 4
1115 1152 19
1923 1931 49
1908 1913 13
787 1800 46
1003 1892 7
1405 1560 4
651 1155 46
1470 1861 2
1035 1767 12
1323 1989 21
155 1737 36
20 1992 33
813 1056 20
742 788 2
1591 1804 37
93 1259 40
1966 1973 46
857 1074 14
630 1822 46
1340 1690 16
86 187 12
302 1134 23
1966 1997 31
1464 1572 7
672 1022 8
160 777 35
905 1104 42
931 1387 11
81 1604 12
1203 1569 49
438 1279 30
1150 1168 7
1065 1572 23
450 1596 40
180 613 2
1822 1854 48
176 336 19
1739 1804 25
1994 1997 19
34 413 1
803 1971 33
1825 1963 23
537 1668 48
1258 1607 5
735 1685 23
460 564 46
1078 1997 3
924 1817 14
207 1029 10
1797 1824 42
1788 1830 40
1678 1838 12
1063 1064 44
594 732 32
165 944 6
1622 1674 20
937 1833 16
104 1956 18
1704 1994 7
1663 1800 43
775 1957 43
1680 1767 40
804 1700 39
1886 1948 35
1860 1888 31
902 1770 47
75 687 26
1485 1495 38
312 644 50
600 1283 35
1763 1990 14
1014 1061 22
989 1346 49
1969 1987 20
301 1638 21
1312 1470 16
1274 1519 43
1434 1729 46
67 1003 30
234 779 14
1445 1855 6
1985 2000 35
1832 1895 24
636 1377 6
785 1530 33
287 1922 2
862 1873 10
1499 1788 0
855 1187 13
1334 1521 7
283 932 24
316 1589 18
1540 1897 12
1735 1953 34
209 1615 33
779 1718 20
1898 1912 26
1976 1996 28
1302 1842 30
354 1056 26
449 1904 20
1829 1973 15
1583 1983 42
881 1348 35
495 1743 32
612 1894 25
990 1915 50
1827 1924 15
1584 1988 29
289 772 47
639 1875 28
688 704 49
108 1101 46
1618 1632 36
1143 1676 31
1409 1706 49
1326 1374 28
806 1281 40
1882 1900 3
162 1347 11
1117 1999 20
818 1050 26
121 1312 49
833 1021 36
1943 1943 13
1043 1900 3
1266 1425 32
940 1349 1
98 719 42
1121 1562 16
1188 1670 17
1310 1680 10
185 1133 35
1772 2000 15
1825 1942 15
1432 1773 15
988 1282 14
1284 1806 30
62 1550 18
1076 1941 31
1917 1955 42
1472 1492 25
213 924 3
470 602 15
97 1603 21
746 1512 33
1520 1711 17
371 1269 44
704 792 29
1704 1810 23
185 970 1
1556 1982 40
1400 1616 21
403 524 42
1184 1663 45
712 1571 13
1967 1992 41
582 844 36
1682 1740 14
1341 1734 48
1742 1781 46
423 1542 4
1568 1586 36
1229 1330 0
27 737 32
995 1438 25
1447 1795 33
1509 1528 15
289 590 28
1706 1868 35
506 1676 44
1474 1572 43
619 1581 6
1115 1186 15
1459 1565 26
1177 1481 46
517 1416 36
295 883 36
880 1303 1
27 1700 17
770 1397 49
1490 1763 43
717 1952 41
1125 1352 29
1247 1388 45
708 874 12
1241 1498 13
650 1453 21
1405 1969 49
1331 1519 24
1609 1822 33
1948 1980 38
163 1975 28
711 1090 26
938 1900 28
596 1182 0
589 1318 27
1798 1817 0
1467 1894 4
767 1386 41
1536 1647 25
334 616 35
569 672 26
572 1740 37
658 767 41
120 736 28
1362 1938 19
1365 1685 30
672 905 12
795 1963 3
1635 1648 42
907 1504 27
1221 1222 49
1118 1523 18
1541 1905 30
332 1595 32
847 993 11
1470 1534 8
1874 1938 22
149 1343 31
111 321 35
505 1651 7
950 1202 44
1613 1734 29
1033 1583 45
830 1645 27
523 1133 11
1698 1815 4
1619 1897 15
1552 1842 33
860 1219 36
1920 1943 1
1902 1959 49
1246 2000 47
246 1554 5
657 1913 46
612 633 25
635 1462 25
1725 1829 19
746 1977 1
1401 1964 32
351 1698 25
120 1025 47
477 1820 35
1010 1109 40
1179 1917 28
1615 1885 21
1539 1802 42
549 1796 34
1324 1413 47
1770 1911 26
1438 1710 0
1961 1990 48
1562 1996 43
1023 1104 3
1696 1874 45
1378 1821 26
366 1453 38
1325 1449 36
884 1100 16
648 1948 4
695 1587 11
1803 1860 0
1739 1869 24
1135 1855 0
1211 1275 38
566 1421 15
1288 1770 15
1486 1927 28
1849 1886 2
769 1955 20
1222 1337 13
167 1663 38
1387 1868 26
1968 1992 22
363 1463 5
1622 1748 21
1869 1884 34
1181 1228 49
1934 1976 45
888 1330 20
1325 1942 42
631 1269 5
921 1716 33
1142 1353 44
1165 1798 41
1836 1876 31
72 850 13
1653 1964 5
942 1188 33
1560 1721 17
307 404 28
1275 1530 18
863 1993 40
1889 1906 23
1793 1813 23
746 1332 11
1745 1822 49
370 1842 45
1936 1992 11
850 897 7
1360 1510 14
1994 1995 34
663 1398 39
1020 1130 47
1380 1520 6
1325 1666 2
1068 1603 28
1517 1859 26
275 278 19
165 1367 38
651 715 3
836 1299 38
505 1813 43
709 1171 7
1718 1798 47
307 1761 33
1467 1528 43
926 1930 21
357 609 12
1997 1999 29
121 1729 43
651 1097 19
903 1258 25
292 1027 31
1767 1873 27
263 1362 35
1888 1993 40
593 976 21
953 1123 15
558 1259 10
770 946 21
1927 1995 31
784 1930 45
1370 1610 36
675 1406 49
884 1373 16
429 1255 34
1698 1904 32
50 585 41
1004 1495 34
214 938 17
1092 1249 30
36 513 47
1284 1707 26
1004 1086 42
1513 1641 27
1460 1762 49
441 1873 6
1940 1951 36
55 68 40
1465 1610 16
1446 1779 27
1741 1782 35
837 1022 26
790 1387 21
1827 1935 45
641 1578 18
1896 1940 49
1871 1958 4
1618 1935 6
1721 1999 1
1650 1849 50
1726 1949 28
555 1493 33
411 1191 10
958 1371 29
1363 1951 18
34 877 1
983 1213 48
162 1438 31
1185 1705 16
969 1353 32
725 1852 45
1018 1696 13
549 1275 21
1763 1792 20
1038 1203 40
1179 1683 6
1346 1350 33
289 1065 48
1507 1952 29
986 1693 47
1703 1794 23
1504 1654 24
1891 1965 36
1005 1575 40
1433 1531 28
518 618 5
652 893 20
709 1107 17
979 1659 22
1574 1574 27
1884 1897 4
176 1468 3
1109 1821 31
232 1716 2
1426 1432 48
1717 1913 20
731 814 37
492 659 47
1629 1720 42
1923 1927 23
1334 1562 12
692 750 14
1112 1679 24
1531 1761 21
1832 1872 27
732 1322 5
1058 1262 32
1519 1815 37
504 1467 26
1299 1464 36
1423 1893 11
60 1827 15
1474 1561 8
385 1084 33
243 253 9
934 990 22
646 824 15
170 720 43
1526 1805 12
356 1736 15
744 1246 41
711 979 34
1586 1905 42
1513 1721 0
1828 1934 9
779 949 38
1096 1545 22
1370 1566 50
408 978 10
1888 1906 17
331 1819 29
342 1193 34
59 1574 47
292 1969 25
939 1836 0
1355 1884 39
1231 1269 45
1055 1695 33
221 666 3
1726 1966 33
269 750 5
809 1212 10
82 83 39
851 1941 29
1084 1346 6
745 1518 46
1678 1826 2
1348 1970 15
1783 1842 7
341 803 17
1248 1930 27
1725 1862 18
1533 1907 17
988 1125 31
277 1471 16
699 1208 22
1733 1924 14
1756 1852 0
1258 1851 9
1459 1542 25
766 1156 24
1798 1900 5
756 1476 24
1683 1806 12
1527 1684 23
248 609 39
835 1704 39
1817 1822 45
1665 1948 50
1593 1743 14
1241 1600 10
7 923 2
1477 1647 16
201 1883 35
1424 1429 4
840 1838 48
279 329 4
1127 1730 32
1606 1756 9
311 834 27
647 1280 19
1844 1963 44
1983 1992 5
1794 1950 43
69 1905 2
654 1538 26
400 512 31
1478 1672 12
1861 1990 36
1125 1187 36
804 1558 21
1969 1985 33
535 1384 21
924 989 18
735 1665 19
172 1462 9
433 741 41
1955 1980 33
1527 1882 27
567 1084 6
1538 1640 19
1007 1617 24
273 1427 43
984 1447 39
879 914 7
1209 1595 48
1379 1641 32
1812 1838 27
1207 1754 21
1093 1333 1
855 1958 48
1546 1627 7
583 689 43
1073 1375 46
1868 1991 30
1834 1885 49
1262 1615 46
1213 1836 26
1418 1925 27
788 1791 42
1282 1744 11
990 1163 36
1867 1931 2
41 922 0
1180 1497 32
544 589 13
906 1082 32
843 1885 6
1034 1827 25
1677 1906 36
669 1310 35
1017 1122 44
231 1176 49
1448 1494 7
10 1972 6
645 1698 36
900 1298 48
1639 1703 25
241 1627 11
234 430 3
1563 1612 3
510 918 29
34 590 26
1650 1765 49
901 998 49
1934 2000 20
209 808 21
1714 1944 47
373 585 21
222 1594 44
1517 1964 47
1129 1898 39
690 1222 37
756 877 46
73 1554 3
1605 1715 34
1412 1619 9
722 1133 1
138 1820 7
1372 1692 37
547 1506 14
1732 1992 32
459 1965 35
992 1418 32
551 904 25
308 1722 46
1163 1994 26
302 1098 33
1941 1951 12
128 1536 44
1479 1741 14
1929 1978 27
1926 1940 13
307 1043 19
1124 1888 30
571 993 17
1513 1658 6
202 862 20
1007 1949 22
618 822 34
820 852 37
1495 1662 19
624 1064 26
1361 1551 19
104 1430 15
1156 1738 10
1276 1883 30
1202 1591 42
187 1769 44
63 506 34
932 1630 9
1291 1476 43
1372 1974 46
914 1618 47
1424 1642 38
1517 1667 10
1509 1700 45
1032 1537 12
1555 1587 18
133 483 20
1250 1297 44
782 1869 15
1804 1901 36
1594 1969 33
305 452 40
452 1866 29
1331 1748 19
1716 1972 49
1343 1611 39
208 1593 16
139 1697 19
132 491 3
459 1950 23
746 1607 14
554 1141 9
1659 1829 9
1183 1988 0
1065 1299 8
1644 1924 25
72 294 11
477 1183 45
1057 1218 36
976 1039 20
577 980 41
572 1394 7
1122 1665 15
1872 1900 44
1830 1971 27
1571 1942 46
1719 1773 43
391 1232 19
832 1380 41
26 257 9
298 1181 16
446 1599 34
327 1499 12
46 449 16
822 1335 19
1433 1770 28
811 1449 32
275 1113 33
881 1914 27
405 1068 38
349 984 48
196 1665 6
1176 1983 17
605 1420 1
843 1107 25
29 128 31
36 1643 33
1925 1989 4
761 1069 6
51 1738 11
1866 1997 16
1087 1206 20
326 1985 50
711 763 12
1980 1999 45
780 1654 17
1835 1974 47
1268 1751 43
1293 1978 6
1437 1538 20
1250 1565 9
1664 1984 4
1315 1797 41
1381 1785 33
948 1174 27
886 1072 15
1410 1945 4
1858 1939 25
982 1807 44
21 746 29
1221 1759 33
1306 1687 22
404 896 8
1562 1863 12
1672 1887 17
1788 1904 49
1804 1809 17
1476 1572 9
852 1235 2
1678 1957 32
266 813 42
711 1218 21
354 529 49
1091 1251 9
1894 1992 32
790 1666 29
1249 1292 34
1669 1831 30
387 707 13
789 789 25
1205 1214 12
683 1895 0
556 1493 11
1790 1805 39
68 1577 32
1697 1757 5
736 1711 40
602 1653 44
344 701 25
772 1512 30
1881 1983 4
734 1832 37
760 1837 45
1422 1688 4
519 1576 28
349 1867 31
427 1834 24
1478 1654 44
669 1460 17
1886 1895 44
259 889 32
751 1679 48
765 1738 16
1826 1971 4
526 748 29
892 1833 10
1690 1979 17
14 254 8
589 635 1
805 1940 28
500 966 15
1734 1766 9
1339 1858 47
751 996 21
955 1834 32
826 1295 6
1093 1631 44
1549 1975 21
925 1506 19
186 521 17
1417 1833 14
254 934 26
863 1250 12
53 342 46
928 1182 7
449 1711 26
468 694 39
184 1438 5
1700 1891 8
497 1983 25
1383 1734 38
1909 1920 35
848 1762 44
1608 1795 26
572 1539 45
1072 1323 46
700 767 10
648 1790 22
437 906 25
1517 1601 24
450 1510 16
307 555 16
549 1711 22
444 1654 1
1365 1614 43
977 1449 2
636 1378 30
184 1666 45
810 1997 17
1882 1994 34
1206 1236 5
1336 1947 37
662 840 48
27 1946 28
877 1369 13
56 1453 10
1469 1999 30
662 1119 42
1424 1664 16
1382 1789 3
630 843 9
885 1541 1
251 888 1
1621 1675 10
1459 1462 12
1286 1558 28
1245 1287 15
65 777 33
990 1478 46
391 808 13
1758 1770 0
66 1111 29
104 1483 6
1448 1793 39
1424 1911 20
816 1263 5
727 1632 11
1513 1616 28
583 1647 22
608 1767 42
1087 1122 34
225 507 28
430 815 36
418 1168 32
1047 1885 3
1883 1934 45
673 787 30
1967 1992 3
1588 1959 7
838 1743 9
1950 1988 38
1029 1380 13
1740 1788 43
193 1521 4
457 1882 10
146 1748 34
699 1947 2
1978 1994 21
925 1823 44
399 405 7
318 1839 43
273 1459 16
176 1325 39
1272 1681 12
1956 1972 2
642 1053 15
1857 1978 43
607 781 50
814 1568 20
1285 1386 17
1918 1980 27
1859 1901 30
1141 1849 17
1509 1750 19
1608 1708 33
1865 1904 15
1641 1739 20
1432 1947 39
1039 1757 15
827 923 35
192 361 24
1529 1650 6
1346 1815 44
1601 1948 49
740 1161 17
1089 1700 29
630 847 11
502 1021 23
23 748 3
28 1050 48
1692 1866 12
1176 1888 19
418 890 15
591 987 42
1591 1918 0
902 1634 8
1778 1886 37
1904 1942 47
412 602 15
884 1960 1
365 936 29
840 984 25
1060 1881 21
162 1042 0
1604 1769 49
1789 1872 45
1293 1323 36
254 1512 19
571 1168 32
687 1238 3
1922 1943 2
744 1705 46
804 854 34
1153 1157 42
1320 1684 9
789 1771 43
978 1160 35
296 1156 48
449 1428 36
1119 1671 45
1118 1523 25
523 1460 5
978 1881 34
311 1848 24
1854 1992 9
1341 1491 31
732 1569 4
1803 1877 27
732 1705 17
480 1547 42
290 1212 14
800 1088 45
265 758 44
22 1985 15
906 1707 12
685 1868 27
1491 1631 49
1923 1944 17
1580 1869 28
1246 1801 1
57 1200 28
1280 1552 8
353 435 35
80 1676 0
389 439 30
1128 1506 34
138 1138 17
1536 1658 37
602 1040 32
93 1795 22
47 1425 48
1827 1876 37
955 1025 32
1488 1923 35
1397 1499 38
490 1145 12
546 1443 9
1682 1857 15
600 935 47
748 1901 42
614 1682 25
1985 1996 24
825 1742 49
637 1043 0
237 1750 43
348 1656 44
1220 1655 43
1711 1994 23
536 917 18
1775 1874 25
1728 1758 44
1886 1931 48
3 1923 38
93 1956 8
195 442 7
1869 1969 20
1795 1800 49
145 1942 11
59 75 47
607 1032 28
276 1449 38
662 1806 32
1982 1988 48
452 1224 25
1618 1941 27
231 973 7
1642 1645 45
1241 1648 33
1295 1944 10
68 1594 0
917 1477 29
130 1732 22
223 1107 39
1227 1665 31
1707 1879 25
641 1587 32
4 1373 16
860 1325 0
1634 1988 24
1485 1650 18
1373 1865 29
552 984 0
1946 1980 8
489 1421 34
742 863 19
599 1386 49
1195 1515 16
314 1262 24
1572 1908 11
906 1937 0
263 930 38
1901 1996 14
138 1057 23
656 1261 47
1111 1760 26
501 1348 11
1740 1817 1
28 1594 36
1337 1737 30
266 1572 15
1697 1755 11
1612 1862 46
457 926 22
477 730 13
256 1829 16
40 550 38
1690 1924 47
702 978 25
1566 1853 48
1433 1934 9
1981 1990 49
1849 1851 0
1727 1899 22
1592 1726 46
1571 1928 14
1969 1980 41
1350 1504 13
1745 1772 25
1145 1815 12
1910 1991 48
319 1658 28
1485 1540 37
963 1465 37
776 1410 23
1626 1921 25
1192 1963 36
1627 1911 39
915 1769 6
1445 1576 0
1917 1955 19
857 1961 44
977 1642 25
1402 1558 8
330 1074 35
577 1697 1
1133 1825 19
328 1216 26
1668 1841 12
1652 1752 2
605 1112 43
1453 1922 15
440 1662 36
599 663 46
122 426 5
796 1015 6
1312 1479 9
1960 1975 47
1873 1904 19
1426 1655 33
1202 1497 50
1221 1221 45
876 1378 28
504 1383 11
1448 1778 17
622 1614 12
734 1717 0
1247 1570 27
1857 1930 2
131 413 24
1745 1755 22
458 1360 13
1328 1813 24
500 1776 4
106 772 37
699 842 26
462 1077 48
1830 1868 19
98 731 3
926 1190 15
694 1507 44
1331 1655 20
744 972 13
1734 1884 25
1496 1608 32
1923 1929 29
938 1860 25
465 941 36
1637 1761 4
51 135 9
782 794 8
987 1937 23
1468 1785 14
449 1559 39
750 1661 45
1283 1485 36
1792 1971 37
93 445 3
1586 1994 17
261 493 30
1326 1457 49
1504 1715 45
1204 1906 40
1958 1965 3
1858 1984 14
403 1621 7
149 1064 18
953 1897 28
629 1153 10
1503 1966 36
1440 1734 9
1729 1916 23
438 1048 44
1473 1548 45
1123 1765 39
1248 1498 31
1632 1773 49
1636 1935 34
1746 1772 49
1442 1727 21
9 608 0
1589 1681 39
1803 1936 41
905 1278 30
1285 1457 20
729 1448 4
361 1442 29
1044 1810 42
282 1475 31
188 1302 13
1256 1515 21
1650 1978 7
1937 1988 39
615 999 20
1972 1993 20
1110 1269 21
181 1134 30
131 235 2
1933 1953 50
1217 1462 11
1605 1953 32
586 869 6
1128 1895 15
85 548 45
666 1024 40
1040 1604 14
1046 1085 1
1526 1803 43
1029 1800 0
793 1862 28
1430 1841 11
606 1279 8
1396 1590 12
824 920 49
50 1329 1
553 1487 39
1430 1750 16
1418 1510 37
47 699 4
554 884 11
611 1852 39
465 756 20
1126 1280 5
363 614 32
714 1653 13
791 794 43
1275 1354 4
685 768 13
336 963 45
1209 1834 28
1319 1645 14
1738 1929 30
824 1861 15
1235 1968 31
675 823 8
865 917 3
1385 1730 49
1014 1788 8
239 1999 49
1862 1923 13
1654 1868 16
1882 1916 21
383 597 17
64 1128 44
1881 1895 5
1553 1954 16
302 1398 17
1807 1967 18
185 609 1
1866 1999 47
1979 1979 0
343 1600 50
224 1251 14
1340 1742 15
1349 1527 12
340 1452 12
409 724 7
1791 1978 27
1800 1833 50
760 821 47
1491 1529 1
1859 1887 5
1838 1961 37
1211 1792 12
1314 1990 31
1024 1478 3
162 1525 17
1200 1670 16
863 943 31
1967 1976 24
995 1336 45
1359 1446 4
1839 1884 12
1788 1810 29
586 948 0
1362 1758 24
33 957 27
237 1608 23
31 706 16
1710 1814 10
988 1308 31
1847 1975 42
1224 1744 9
492 583 4
525 1936 47
443 1738 31
1434 1905 43
193 1054 16
1973 1996 4
744 863 17
1466 1969 27
1567 1846 37
1409 1930 23
365 697 33
1 784 21
59 1957 18
1038 1288 15
1610 1637 38
1323 1858 49
402 925 27
939 1118 23
1677 1840 0
1869 1877 0
1415 1987 3
337 1747 31
1608 1714 12
401 786 47
1746 1789 24
1448 1714 30
1784 1806 50
1328 1348 17
1835 1882 33
485 1185 43
373 512 28
396 507 42
372 1243 1
984 1776 34
231 888 17
171 328 22
65 1869 6
1910 1978 10
1747 1870 43
766 1194 27
63 1100 20
1265 1640 29
275 1179 18
1703 1708 49
1844 1899 4
456 1301 21
1005 1015 21
990 1167 36
640 643 12
1371 1588 16
709 1517 17
1895 1984 1
1156 1680 10
384 478 31
1454 1836 11
336 1672 41
988 1842 45
890 1363 39
1836 1914 10
1811 1984 22
136 719 40
1107 1598 5
1318 1672 2
565 992 15
198 525 10
1166 1347 8
154 503 50
905 1365 44
1866 1960 8
1496 1715 28
1966 1971 28
964 1992 17
389 539 34
933 1554 38
1789 1864 7
94 664 20
1456 1731 29
849 1729 16
643 655 16
1329 1467 38
203 481 21
875 1584 37
1228 1636 36
565 1410 33
494 908 21
1284 1712 33
1819 1913 34
1530 1853 47
1935 1935 50
1985 1989 21
1113 1254 16
1201 1390 27
45 951 21
1265 1960 50
810 1912 48
1271 1706 2
1979 1982 39
1985 1994 48
316 1976 26
