10 100
-99959 -81533 -93666 -73500 -80831 -84276 -88522 -70642 -73038 -75536 
-94295 -71855 -76719 -83173 -90039 -99509 -97005 -88058 -95173 -94564 3 5 7 -99708 -99847
1 2 7
1 6 8
1 2 2
3 3 6 -82965 -73701
1 4 8
1 4 9
1 2 9
3 9 10 -67338 -72356
3 8 9 -90259 -91277
3 9 9 -77810 -96965
1 9 9
1 3 3
1 7 8
1 10 10
1 7 8
3 9 10 -75916 -87377
1 7 7
1 7 10
1 5 8
1 4 4
1 9 9
3 2 2 -95361 -68885
1 5 5
3 7 8 -94979 -77614
3 5 9 -94171 -93730
3 4 5 -76014 -83488
1 2 8
3 8 8 -95969 -84426
1 1 1
3 5 9 -68893 -96570
3 8 8 -87713 -84543
3 4 4 -67791 -91091
1 2 5
1 7 9
1 4 10
1 2 8
3 1 10 -79463 -72376
1 4 5
3 3 9 -69164 -89709
1 1 7
3 9 10 -75516 -80332
3 5 10 -73582 -98001
1 1 9
3 8 10 -75352 -85107
3 8 8 -93383 -85690
3 5 10 -81065 -92384
3 1 10 -68444 -83481
1 4 5
1 5 10
3 3 6 -96907 -79515
3 4 9 -90497 -70686
1 1 9
1 1 7
1 2 7
1 10 10
1 3 5
1 9 10
1 8 10
3 6 9 -88489 -80844
1 5 7
3 9 9 -95114 -73638
3 4 4 -76156 -79858
1 2 5
1 2 6
3 8 8 -75611 -72108
3 3 3 -78997 -97490
3 2 2 -90211 -86599
3 4 8 -75818 -89415
3 9 9 -76243 -71383
1 3 4
1 2 10
1 10 10
1 6 6
1 10 10
1 6 6
1 4 8
3 10 10 -87471 -83313
3 8 8 -99807 -87051
3 8 9 -83895 -71714
1 3 10
1 5 6
1 2 10
3 4 6 -79947 -68815
1 9 9
3 4 5 -80442 -71679
1 3 4
1 7 9
3 2 2 -88827 -79550
1 5 10
1 10 10
1 5 7
3 10 10 -95526 -91687
1 9 9
3 6 9 -89798 -92609
3 8 9 -74176 -90686
1 5 5
3 4 4 -71703 -92513
1 8 9
1 4 5
