2001 3000
225 1222 1 6
1 2 3
2 3 4
3 4 6
4 5 10
5 6 18
6 7 34
7 8 66
8 9 130
9 10 258
10 11 514
11 12 1026
12 13 2050
13 14 4098
14 15 8194
15 16 16386
16 17 32770
17 18 65538
18 19 131074
19 20 262146
20 21 524290
21 22 1048578
22 23 2097154
23 24 4194306
24 25 8388610
25 26 16777218
26 27 33554434
27 28 67108866
28 29 134217730
29 30 268435458
30 31 536870914
31 32 3
32 33 4
33 34 6
34 35 10
35 36 18
36 37 34
37 38 66
38 39 130
39 40 258
40 41 514
41 42 1026
42 43 2050
43 44 4098
44 45 8194
45 46 16386
46 47 32770
47 48 65538
48 49 131074
49 50 262146
50 51 524290
51 52 1048578
52 53 2097154
53 54 4194306
54 55 8388610
55 56 16777218
56 57 33554434
57 58 67108866
58 59 134217730
59 60 268435458
60 61 536870914
61 62 3
62 63 4
63 64 6
64 65 10
65 66 18
66 67 34
67 68 66
68 69 130
69 70 258
70 71 514
71 72 1026
72 73 2050
73 74 4098
74 75 8194
75 76 16386
76 77 32770
77 78 65538
78 79 131074
79 80 262146
80 81 524290
81 82 1048578
82 83 2097154
83 84 4194306
84 85 8388610
85 86 16777218
86 87 33554434
87 88 67108866
88 89 134217730
89 90 268435458
90 91 536870914
91 92 3
92 93 4
93 94 6
94 95 10
95 96 18
96 97 34
97 98 66
98 99 130
99 100 258
100 101 514
101 102 1026
102 103 2050
103 104 4098
104 105 8194
105 106 16386
106 107 32770
107 108 65538
108 109 131074
109 110 262146
110 111 524290
111 112 1048578
112 113 2097154
113 114 4194306
114 115 8388610
115 116 16777218
116 117 33554434
117 118 67108866
118 119 134217730
119 120 268435458
120 121 536870914
121 122 3
122 123 4
123 124 6
124 125 10
125 126 18
126 127 34
127 128 66
128 129 130
129 130 258
130 131 514
131 132 1026
132 133 2050
133 134 4098
134 135 8194
135 136 16386
136 137 32770
137 138 65538
138 139 131074
139 140 262146
140 141 524290
141 142 1048578
142 143 2097154
143 144 4194306
144 145 8388610
145 146 16777218
146 147 33554434
147 148 67108866
148 149 134217730
149 150 268435458
150 151 536870914
151 152 3
152 153 4
153 154 6
154 155 10
155 156 18
156 157 34
157 158 66
158 159 130
159 160 258
160 161 514
161 162 1026
162 163 2050
163 164 4098
164 165 8194
165 166 16386
166 167 32770
167 168 65538
168 169 131074
169 170 262146
170 171 524290
171 172 1048578
172 173 2097154
173 174 4194306
174 175 8388610
175 176 16777218
176 177 33554434
177 178 67108866
178 179 134217730
179 180 268435458
180 181 536870914
181 182 3
182 183 4
183 184 6
184 185 10
185 186 18
186 187 34
187 188 66
188 189 130
189 190 258
190 191 514
191 192 1026
192 193 2050
193 194 4098
194 195 8194
195 196 16386
196 197 32770
197 198 65538
198 199 131074
199 200 262146
200 201 524290
201 202 1048578
202 203 2097154
203 204 4194306
204 205 8388610
205 206 16777218
206 207 33554434
207 208 67108866
208 209 134217730
209 210 268435458
210 211 536870914
211 212 3
212 213 4
213 214 6
214 215 10
215 216 18
216 217 34
217 218 66
218 219 130
219 220 258
220 221 514
221 222 1026
222 223 2050
223 224 4098
224 225 8194
225 226 16386
226 227 32770
227 228 65538
228 229 131074
229 230 262146
230 231 524290
231 232 1048578
232 233 2097154
233 234 4194306
234 235 8388610
235 236 16777218
236 237 33554434
237 238 67108866
238 239 134217730
239 240 268435458
240 241 536870914
241 242 3
242 243 4
243 244 6
244 245 10
245 246 18
246 247 34
247 248 66
248 249 130
249 250 258
250 251 514
251 252 1026
252 253 2050
253 254 4098
254 255 8194
255 256 16386
256 257 32770
257 258 65538
258 259 131074
259 260 262146
260 261 524290
261 262 1048578
262 263 2097154
263 264 4194306
264 265 8388610
265 266 16777218
266 267 33554434
267 268 67108866
268 269 134217730
269 270 268435458
270 271 536870914
271 272 3
272 273 4
273 274 6
274 275 10
275 276 18
276 277 34
277 278 66
278 279 130
279 280 258
280 281 514
281 282 1026
282 283 2050
283 284 4098
284 285 8194
285 286 16386
286 287 32770
287 288 65538
288 289 131074
289 290 262146
290 291 524290
291 292 1048578
292 293 2097154
293 294 4194306
294 295 8388610
295 296 16777218
296 297 33554434
297 298 67108866
298 299 134217730
299 300 268435458
300 301 536870914
301 302 3
302 303 4
303 304 6
304 305 10
305 306 18
306 307 34
307 308 66
308 309 130
309 310 258
310 311 514
311 312 1026
312 313 2050
313 314 4098
314 315 8194
315 316 16386
316 317 32770
317 318 65538
318 319 131074
319 320 262146
320 321 524290
321 322 1048578
322 323 2097154
323 324 4194306
324 325 8388610
325 326 16777218
326 327 33554434
327 328 67108866
328 329 134217730
329 330 268435458
330 331 536870914
331 332 3
332 333 4
333 334 6
334 335 10
335 336 18
336 337 34
337 338 66
338 339 130
339 340 258
340 341 514
341 342 1026
342 343 2050
343 344 4098
344 345 8194
345 346 16386
346 347 32770
347 348 65538
348 349 131074
349 350 262146
350 351 524290
351 352 1048578
352 353 2097154
353 354 4194306
354 355 8388610
355 356 16777218
356 357 33554434
357 358 67108866
358 359 134217730
359 360 268435458
360 361 536870914
361 362 3
362 363 4
363 364 6
364 365 10
365 366 18
366 367 34
367 368 66
368 369 130
369 370 258
370 371 514
371 372 1026
372 373 2050
373 374 4098
374 375 8194
375 376 16386
376 377 32770
377 378 65538
378 379 131074
379 380 262146
380 381 524290
381 382 1048578
382 383 2097154
383 384 4194306
384 385 8388610
385 386 16777218
386 387 33554434
387 388 67108866
388 389 134217730
389 390 268435458
390 391 536870914
391 392 3
392 393 4
393 394 6
394 395 10
395 396 18
396 397 34
397 398 66
398 399 130
399 400 258
400 401 514
401 402 1026
402 403 2050
403 404 4098
404 405 8194
405 406 16386
406 407 32770
407 408 65538
408 409 131074
409 410 262146
410 411 524290
411 412 1048578
412 413 2097154
413 414 4194306
414 415 8388610
415 416 16777218
416 417 33554434
417 418 67108866
418 419 134217730
419 420 268435458
420 421 536870914
421 422 3
422 423 4
423 424 6
424 425 10
425 426 18
426 427 34
427 428 66
428 429 130
429 430 258
430 431 514
431 432 1026
432 433 2050
433 434 4098
434 435 8194
435 436 16386
436 437 32770
437 438 65538
438 439 131074
439 440 262146
440 441 524290
441 442 1048578
442 443 2097154
443 444 4194306
444 445 8388610
445 446 16777218
446 447 33554434
447 448 67108866
448 449 134217730
449 450 268435458
450 451 536870914
451 452 3
452 453 4
453 454 6
454 455 10
455 456 18
456 457 34
457 458 66
458 459 130
459 460 258
460 461 514
461 462 1026
462 463 2050
463 464 4098
464 465 8194
465 466 16386
466 467 32770
467 468 65538
468 469 131074
469 470 262146
470 471 524290
471 472 1048578
472 473 2097154
473 474 4194306
474 475 8388610
475 476 16777218
476 477 33554434
477 478 67108866
478 479 134217730
479 480 268435458
480 481 536870914
481 482 3
482 483 4
483 484 6
484 485 10
485 486 18
486 487 34
487 488 66
488 489 130
489 490 258
490 491 514
491 492 1026
492 493 2050
493 494 4098
494 495 8194
495 496 16386
496 497 32770
497 498 65538
498 499 131074
499 500 262146
500 501 524290
501 502 1048578
502 503 2097154
503 504 4194306
504 505 8388610
505 506 16777218
506 507 33554434
507 508 67108866
508 509 134217730
509 510 268435458
510 511 536870914
511 512 3
512 513 4
513 514 6
514 515 10
515 516 18
516 517 34
517 518 66
518 519 130
519 520 258
520 521 514
521 522 1026
522 523 2050
523 524 4098
524 525 8194
525 526 16386
526 527 32770
527 528 65538
528 529 131074
529 530 262146
530 531 524290
531 532 1048578
532 533 2097154
533 534 4194306
534 535 8388610
535 536 16777218
536 537 33554434
537 538 67108866
538 539 134217730
539 540 268435458
540 541 536870914
541 542 3
542 543 4
543 544 6
544 545 10
545 546 18
546 547 34
547 548 66
548 549 130
549 550 258
550 551 514
551 552 1026
552 553 2050
553 554 4098
554 555 8194
555 556 16386
556 557 32770
557 558 65538
558 559 131074
559 560 262146
560 561 524290
561 562 1048578
562 563 2097154
563 564 4194306
564 565 8388610
565 566 16777218
566 567 33554434
567 568 67108866
568 569 134217730
569 570 268435458
570 571 536870914
571 572 3
572 573 4
573 574 6
574 575 10
575 576 18
576 577 34
577 578 66
578 579 130
579 580 258
580 581 514
581 582 1026
582 583 2050
583 584 4098
584 585 8194
585 586 16386
586 587 32770
587 588 65538
588 589 131074
589 590 262146
590 591 524290
591 592 1048578
592 593 2097154
593 594 4194306
594 595 8388610
595 596 16777218
596 597 33554434
597 598 67108866
598 599 134217730
599 600 268435458
600 601 536870914
601 602 3
602 603 4
603 604 6
604 605 10
605 606 18
606 607 34
607 608 66
608 609 130
609 610 258
610 611 514
611 612 1026
612 613 2050
613 614 4098
614 615 8194
615 616 16386
616 617 32770
617 618 65538
618 619 131074
619 620 262146
620 621 524290
621 622 1048578
622 623 2097154
623 624 4194306
624 625 8388610
625 626 16777218
626 627 33554434
627 628 67108866
628 629 134217730
629 630 268435458
630 631 536870914
631 632 3
632 633 4
633 634 6
634 635 10
635 636 18
636 637 34
637 638 66
638 639 130
639 640 258
640 641 514
641 642 1026
642 643 2050
643 644 4098
644 645 8194
645 646 16386
646 647 32770
647 648 65538
648 649 131074
649 650 262146
650 651 524290
651 652 1048578
652 653 2097154
653 654 4194306
654 655 8388610
655 656 16777218
656 657 33554434
657 658 67108866
658 659 134217730
659 660 268435458
660 661 536870914
661 662 3
662 663 4
663 664 6
664 665 10
665 666 18
666 667 34
667 668 66
668 669 130
669 670 258
670 671 514
671 672 1026
672 673 2050
673 674 4098
674 675 8194
675 676 16386
676 677 32770
677 678 65538
678 679 131074
679 680 262146
680 681 524290
681 682 1048578
682 683 2097154
683 684 4194306
684 685 8388610
685 686 16777218
686 687 33554434
687 688 67108866
688 689 134217730
689 690 268435458
690 691 536870914
691 692 3
692 693 4
693 694 6
694 695 10
695 696 18
696 697 34
697 698 66
698 699 130
699 700 258
700 701 514
701 702 1026
702 703 2050
703 704 4098
704 705 8194
705 706 16386
706 707 32770
707 708 65538
708 709 131074
709 710 262146
710 711 524290
711 712 1048578
712 713 2097154
713 714 4194306
714 715 8388610
715 716 16777218
716 717 33554434
717 718 67108866
718 719 134217730
719 720 268435458
720 721 536870914
721 722 3
722 723 4
723 724 6
724 725 10
725 726 18
726 727 34
727 728 66
728 729 130
729 730 258
730 731 514
731 732 1026
732 733 2050
733 734 4098
734 735 8194
735 736 16386
736 737 32770
737 738 65538
738 739 131074
739 740 262146
740 741 524290
741 742 1048578
742 743 2097154
743 744 4194306
744 745 8388610
745 746 16777218
746 747 33554434
747 748 67108866
748 749 134217730
749 750 268435458
750 751 536870914
751 752 3
752 753 4
753 754 6
754 755 10
755 756 18
756 757 34
757 758 66
758 759 130
759 760 258
760 761 514
761 762 1026
762 763 2050
763 764 4098
764 765 8194
765 766 16386
766 767 32770
767 768 65538
768 769 131074
769 770 262146
770 771 524290
771 772 1048578
772 773 2097154
773 774 4194306
774 775 8388610
775 776 16777218
776 777 33554434
777 778 67108866
778 779 134217730
779 780 268435458
780 781 536870914
781 782 3
782 783 4
783 784 6
784 785 10
785 786 18
786 787 34
787 788 66
788 789 130
789 790 258
790 791 514
791 792 1026
792 793 2050
793 794 4098
794 795 8194
795 796 16386
796 797 32770
797 798 65538
798 799 131074
799 800 262146
800 801 524290
801 802 1048578
802 803 2097154
803 804 4194306
804 805 8388610
805 806 16777218
806 807 33554434
807 808 67108866
808 809 134217730
809 810 268435458
810 811 536870914
811 812 3
812 813 4
813 814 6
814 815 10
815 816 18
816 817 34
817 818 66
818 819 130
819 820 258
820 821 514
821 822 1026
822 823 2050
823 824 4098
824 825 8194
825 826 16386
826 827 32770
827 828 65538
828 829 131074
829 830 262146
830 831 524290
831 832 1048578
832 833 2097154
833 834 4194306
834 835 8388610
835 836 16777218
836 837 33554434
837 838 67108866
838 839 134217730
839 840 268435458
840 841 536870914
841 842 3
842 843 4
843 844 6
844 845 10
845 846 18
846 847 34
847 848 66
848 849 130
849 850 258
850 851 514
851 852 1026
852 853 2050
853 854 4098
854 855 8194
855 856 16386
856 857 32770
857 858 65538
858 859 131074
859 860 262146
860 861 524290
861 862 1048578
862 863 2097154
863 864 4194306
864 865 8388610
865 866 16777218
866 867 33554434
867 868 67108866
868 869 134217730
869 870 268435458
870 871 536870914
871 872 3
872 873 4
873 874 6
874 875 10
875 876 18
876 877 34
877 878 66
878 879 130
879 880 258
880 881 514
881 882 1026
882 883 2050
883 884 4098
884 885 8194
885 886 16386
886 887 32770
887 888 65538
888 889 131074
889 890 262146
890 891 524290
891 892 1048578
892 893 2097154
893 894 4194306
894 895 8388610
895 896 16777218
896 897 33554434
897 898 67108866
898 899 134217730
899 900 268435458
900 901 536870914
901 902 3
902 903 4
903 904 6
904 905 10
905 906 18
906 907 34
907 908 66
908 909 130
909 910 258
910 911 514
911 912 1026
912 913 2050
913 914 4098
914 915 8194
915 916 16386
916 917 32770
917 918 65538
918 919 131074
919 920 262146
920 921 524290
921 922 1048578
922 923 2097154
923 924 4194306
924 925 8388610
925 926 16777218
926 927 33554434
927 928 67108866
928 929 134217730
929 930 268435458
930 931 536870914
931 932 3
932 933 4
933 934 6
934 935 10
935 936 18
936 937 34
937 938 66
938 939 130
939 940 258
940 941 514
941 942 1026
942 943 2050
943 944 4098
944 945 8194
945 946 16386
946 947 32770
947 948 65538
948 949 131074
949 950 262146
950 951 524290
951 952 1048578
952 953 2097154
953 954 4194306
954 955 8388610
955 956 16777218
956 957 33554434
957 958 67108866
958 959 134217730
959 960 268435458
960 961 536870914
961 962 3
962 963 4
963 964 6
964 965 10
965 966 18
966 967 34
967 968 66
968 969 130
969 970 258
970 971 514
971 972 1026
972 973 2050
973 974 4098
974 975 8194
975 976 16386
976 977 32770
977 978 65538
978 979 131074
979 980 262146
980 981 524290
981 982 1048578
982 983 2097154
983 984 4194306
984 985 8388610
985 986 16777218
986 987 33554434
987 988 67108866
988 989 134217730
989 990 268435458
990 991 536870914
991 992 3
992 993 4
993 994 6
994 995 10
995 996 18
996 997 34
997 998 66
998 999 130
999 1000 258
1000 1001 514
1 1002 1
2 1002 1
2 1003 1
3 1003 1
3 1004 1
4 1004 1
4 1005 1
5 1005 1
5 1006 1
6 1006 1
6 1007 1
7 1007 1
7 1008 1
8 1008 1
8 1009 1
9 1009 1
9 1010 1
10 1010 1
10 1011 1
11 1011 1
11 1012 1
12 1012 1
12 1013 1
13 1013 1
13 1014 1
14 1014 1
14 1015 1
15 1015 1
15 1016 1
16 1016 1
16 1017 1
17 1017 1
17 1018 1
18 1018 1
18 1019 1
19 1019 1
19 1020 1
20 1020 1
20 1021 1
21 1021 1
21 1022 1
22 1022 1
22 1023 1
23 1023 1
23 1024 1
24 1024 1
24 1025 1
25 1025 1
25 1026 1
26 1026 1
26 1027 1
27 1027 1
27 1028 1
28 1028 1
28 1029 1
29 1029 1
29 1030 1
30 1030 1
30 1031 1
31 1031 1
31 1032 1
32 1032 1
32 1033 1
33 1033 1
33 1034 1
34 1034 1
34 1035 1
35 1035 1
35 1036 1
36 1036 1
36 1037 1
37 1037 1
37 1038 1
38 1038 1
38 1039 1
39 1039 1
39 1040 1
40 1040 1
40 1041 1
41 1041 1
41 1042 1
42 1042 1
42 1043 1
43 1043 1
43 1044 1
44 1044 1
44 1045 1
45 1045 1
45 1046 1
46 1046 1
46 1047 1
47 1047 1
47 1048 1
48 1048 1
48 1049 1
49 1049 1
49 1050 1
50 1050 1
50 1051 1
51 1051 1
51 1052 1
52 1052 1
52 1053 1
53 1053 1
53 1054 1
54 1054 1
54 1055 1
55 1055 1
55 1056 1
56 1056 1
56 1057 1
57 1057 1
57 1058 1
58 1058 1
58 1059 1
59 1059 1
59 1060 1
60 1060 1
60 1061 1
61 1061 1
61 1062 1
62 1062 1
62 1063 1
63 1063 1
63 1064 1
64 1064 1
64 1065 1
65 1065 1
65 1066 1
66 1066 1
66 1067 1
67 1067 1
67 1068 1
68 1068 1
68 1069 1
69 1069 1
69 1070 1
70 1070 1
70 1071 1
71 1071 1
71 1072 1
72 1072 1
72 1073 1
73 1073 1
73 1074 1
74 1074 1
74 1075 1
75 1075 1
75 1076 1
76 1076 1
76 1077 1
77 1077 1
77 1078 1
78 1078 1
78 1079 1
79 1079 1
79 1080 1
80 1080 1
80 1081 1
81 1081 1
81 1082 1
82 1082 1
82 1083 1
83 1083 1
83 1084 1
84 1084 1
84 1085 1
85 1085 1
85 1086 1
86 1086 1
86 1087 1
87 1087 1
87 1088 1
88 1088 1
88 1089 1
89 1089 1
89 1090 1
90 1090 1
90 1091 1
91 1091 1
91 1092 1
92 1092 1
92 1093 1
93 1093 1
93 1094 1
94 1094 1
94 1095 1
95 1095 1
95 1096 1
96 1096 1
96 1097 1
97 1097 1
97 1098 1
98 1098 1
98 1099 1
99 1099 1
99 1100 1
100 1100 1
100 1101 1
101 1101 1
101 1102 1
102 1102 1
102 1103 1
103 1103 1
103 1104 1
104 1104 1
104 1105 1
105 1105 1
105 1106 1
106 1106 1
106 1107 1
107 1107 1
107 1108 1
108 1108 1
108 1109 1
109 1109 1
109 1110 1
110 1110 1
110 1111 1
111 1111 1
111 1112 1
112 1112 1
112 1113 1
113 1113 1
113 1114 1
114 1114 1
114 1115 1
115 1115 1
115 1116 1
116 1116 1
116 1117 1
117 1117 1
117 1118 1
118 1118 1
118 1119 1
119 1119 1
119 1120 1
120 1120 1
120 1121 1
121 1121 1
121 1122 1
122 1122 1
122 1123 1
123 1123 1
123 1124 1
124 1124 1
124 1125 1
125 1125 1
125 1126 1
126 1126 1
126 1127 1
127 1127 1
127 1128 1
128 1128 1
128 1129 1
129 1129 1
129 1130 1
130 1130 1
130 1131 1
131 1131 1
131 1132 1
132 1132 1
132 1133 1
133 1133 1
133 1134 1
134 1134 1
134 1135 1
135 1135 1
135 1136 1
136 1136 1
136 1137 1
137 1137 1
137 1138 1
138 1138 1
138 1139 1
139 1139 1
139 1140 1
140 1140 1
140 1141 1
141 1141 1
141 1142 1
142 1142 1
142 1143 1
143 1143 1
143 1144 1
144 1144 1
144 1145 1
145 1145 1
145 1146 1
146 1146 1
146 1147 1
147 1147 1
147 1148 1
148 1148 1
148 1149 1
149 1149 1
149 1150 1
150 1150 1
150 1151 1
151 1151 1
151 1152 1
152 1152 1
152 1153 1
153 1153 1
153 1154 1
154 1154 1
154 1155 1
155 1155 1
155 1156 1
156 1156 1
156 1157 1
157 1157 1
157 1158 1
158 1158 1
158 1159 1
159 1159 1
159 1160 1
160 1160 1
160 1161 1
161 1161 1
161 1162 1
162 1162 1
162 1163 1
163 1163 1
163 1164 1
164 1164 1
164 1165 1
165 1165 1
165 1166 1
166 1166 1
166 1167 1
167 1167 1
167 1168 1
168 1168 1
168 1169 1
169 1169 1
169 1170 1
170 1170 1
170 1171 1
171 1171 1
171 1172 1
172 1172 1
172 1173 1
173 1173 1
173 1174 1
174 1174 1
174 1175 1
175 1175 1
175 1176 1
176 1176 1
176 1177 1
177 1177 1
177 1178 1
178 1178 1
178 1179 1
179 1179 1
179 1180 1
180 1180 1
180 1181 1
181 1181 1
181 1182 1
182 1182 1
182 1183 1
183 1183 1
183 1184 1
184 1184 1
184 1185 1
185 1185 1
185 1186 1
186 1186 1
186 1187 1
187 1187 1
187 1188 1
188 1188 1
188 1189 1
189 1189 1
189 1190 1
190 1190 1
190 1191 1
191 1191 1
191 1192 1
192 1192 1
192 1193 1
193 1193 1
193 1194 1
194 1194 1
194 1195 1
195 1195 1
195 1196 1
196 1196 1
196 1197 1
197 1197 1
197 1198 1
198 1198 1
198 1199 1
199 1199 1
199 1200 1
200 1200 1
200 1201 1
201 1201 1
201 1202 1
202 1202 1
202 1203 1
203 1203 1
203 1204 1
204 1204 1
204 1205 1
205 1205 1
205 1206 1
206 1206 1
206 1207 1
207 1207 1
207 1208 1
208 1208 1
208 1209 1
209 1209 1
209 1210 1
210 1210 1
210 1211 1
211 1211 1
211 1212 1
212 1212 1
212 1213 1
213 1213 1
213 1214 1
214 1214 1
214 1215 1
215 1215 1
215 1216 1
216 1216 1
216 1217 1
217 1217 1
217 1218 1
218 1218 1
218 1219 1
219 1219 1
219 1220 1
220 1220 1
220 1221 1
221 1221 1
221 1222 1
222 1222 1
222 1223 1
223 1223 1
223 1224 1
224 1224 1
224 1225 1
225 1225 1
225 1226 1
226 1226 1
226 1227 1
227 1227 1
227 1228 1
228 1228 1
228 1229 1
229 1229 1
229 1230 1
230 1230 1
230 1231 1
231 1231 1
231 1232 1
232 1232 1
232 1233 1
233 1233 1
233 1234 1
234 1234 1
234 1235 1
235 1235 1
235 1236 1
236 1236 1
236 1237 1
237 1237 1
237 1238 1
238 1238 1
238 1239 1
239 1239 1
239 1240 1
240 1240 1
240 1241 1
241 1241 1
241 1242 1
242 1242 1
242 1243 1
243 1243 1
243 1244 1
244 1244 1
244 1245 1
245 1245 1
245 1246 1
246 1246 1
246 1247 1
247 1247 1
247 1248 1
248 1248 1
248 1249 1
249 1249 1
249 1250 1
250 1250 1
250 1251 1
251 1251 1
251 1252 1
252 1252 1
252 1253 1
253 1253 1
253 1254 1
254 1254 1
254 1255 1
255 1255 1
255 1256 1
256 1256 1
256 1257 1
257 1257 1
257 1258 1
258 1258 1
258 1259 1
259 1259 1
259 1260 1
260 1260 1
260 1261 1
261 1261 1
261 1262 1
262 1262 1
262 1263 1
263 1263 1
263 1264 1
264 1264 1
264 1265 1
265 1265 1
265 1266 1
266 1266 1
266 1267 1
267 1267 1
267 1268 1
268 1268 1
268 1269 1
269 1269 1
269 1270 1
270 1270 1
270 1271 1
271 1271 1
271 1272 1
272 1272 1
272 1273 1
273 1273 1
273 1274 1
274 1274 1
274 1275 1
275 1275 1
275 1276 1
276 1276 1
276 1277 1
277 1277 1
277 1278 1
278 1278 1
278 1279 1
279 1279 1
279 1280 1
280 1280 1
280 1281 1
281 1281 1
281 1282 1
282 1282 1
282 1283 1
283 1283 1
283 1284 1
284 1284 1
284 1285 1
285 1285 1
285 1286 1
286 1286 1
286 1287 1
287 1287 1
287 1288 1
288 1288 1
288 1289 1
289 1289 1
289 1290 1
290 1290 1
290 1291 1
291 1291 1
291 1292 1
292 1292 1
292 1293 1
293 1293 1
293 1294 1
294 1294 1
294 1295 1
295 1295 1
295 1296 1
296 1296 1
296 1297 1
297 1297 1
297 1298 1
298 1298 1
298 1299 1
299 1299 1
299 1300 1
300 1300 1
300 1301 1
301 1301 1
301 1302 1
302 1302 1
302 1303 1
303 1303 1
303 1304 1
304 1304 1
304 1305 1
305 1305 1
305 1306 1
306 1306 1
306 1307 1
307 1307 1
307 1308 1
308 1308 1
308 1309 1
309 1309 1
309 1310 1
310 1310 1
310 1311 1
311 1311 1
311 1312 1
312 1312 1
312 1313 1
313 1313 1
313 1314 1
314 1314 1
314 1315 1
315 1315 1
315 1316 1
316 1316 1
316 1317 1
317 1317 1
317 1318 1
318 1318 1
318 1319 1
319 1319 1
319 1320 1
320 1320 1
320 1321 1
321 1321 1
321 1322 1
322 1322 1
322 1323 1
323 1323 1
323 1324 1
324 1324 1
324 1325 1
325 1325 1
325 1326 1
326 1326 1
326 1327 1
327 1327 1
327 1328 1
328 1328 1
328 1329 1
329 1329 1
329 1330 1
330 1330 1
330 1331 1
331 1331 1
331 1332 1
332 1332 1
332 1333 1
333 1333 1
333 1334 1
334 1334 1
334 1335 1
335 1335 1
335 1336 1
336 1336 1
336 1337 1
337 1337 1
337 1338 1
338 1338 1
338 1339 1
339 1339 1
339 1340 1
340 1340 1
340 1341 1
341 1341 1
341 1342 1
342 1342 1
342 1343 1
343 1343 1
343 1344 1
344 1344 1
344 1345 1
345 1345 1
345 1346 1
346 1346 1
346 1347 1
347 1347 1
347 1348 1
348 1348 1
348 1349 1
349 1349 1
349 1350 1
350 1350 1
350 1351 1
351 1351 1
351 1352 1
352 1352 1
352 1353 1
353 1353 1
353 1354 1
354 1354 1
354 1355 1
355 1355 1
355 1356 1
356 1356 1
356 1357 1
357 1357 1
357 1358 1
358 1358 1
358 1359 1
359 1359 1
359 1360 1
360 1360 1
360 1361 1
361 1361 1
361 1362 1
362 1362 1
362 1363 1
363 1363 1
363 1364 1
364 1364 1
364 1365 1
365 1365 1
365 1366 1
366 1366 1
366 1367 1
367 1367 1
367 1368 1
368 1368 1
368 1369 1
369 1369 1
369 1370 1
370 1370 1
370 1371 1
371 1371 1
371 1372 1
372 1372 1
372 1373 1
373 1373 1
373 1374 1
374 1374 1
374 1375 1
375 1375 1
375 1376 1
376 1376 1
376 1377 1
377 1377 1
377 1378 1
378 1378 1
378 1379 1
379 1379 1
379 1380 1
380 1380 1
380 1381 1
381 1381 1
381 1382 1
382 1382 1
382 1383 1
383 1383 1
383 1384 1
384 1384 1
384 1385 1
385 1385 1
385 1386 1
386 1386 1
386 1387 1
387 1387 1
387 1388 1
388 1388 1
388 1389 1
389 1389 1
389 1390 1
390 1390 1
390 1391 1
391 1391 1
391 1392 1
392 1392 1
392 1393 1
393 1393 1
393 1394 1
394 1394 1
394 1395 1
395 1395 1
395 1396 1
396 1396 1
396 1397 1
397 1397 1
397 1398 1
398 1398 1
398 1399 1
399 1399 1
399 1400 1
400 1400 1
400 1401 1
401 1401 1
401 1402 1
402 1402 1
402 1403 1
403 1403 1
403 1404 1
404 1404 1
404 1405 1
405 1405 1
405 1406 1
406 1406 1
406 1407 1
407 1407 1
407 1408 1
408 1408 1
408 1409 1
409 1409 1
409 1410 1
410 1410 1
410 1411 1
411 1411 1
411 1412 1
412 1412 1
412 1413 1
413 1413 1
413 1414 1
414 1414 1
414 1415 1
415 1415 1
415 1416 1
416 1416 1
416 1417 1
417 1417 1
417 1418 1
418 1418 1
418 1419 1
419 1419 1
419 1420 1
420 1420 1
420 1421 1
421 1421 1
421 1422 1
422 1422 1
422 1423 1
423 1423 1
423 1424 1
424 1424 1
424 1425 1
425 1425 1
425 1426 1
426 1426 1
426 1427 1
427 1427 1
427 1428 1
428 1428 1
428 1429 1
429 1429 1
429 1430 1
430 1430 1
430 1431 1
431 1431 1
431 1432 1
432 1432 1
432 1433 1
433 1433 1
433 1434 1
434 1434 1
434 1435 1
435 1435 1
435 1436 1
436 1436 1
436 1437 1
437 1437 1
437 1438 1
438 1438 1
438 1439 1
439 1439 1
439 1440 1
440 1440 1
440 1441 1
441 1441 1
441 1442 1
442 1442 1
442 1443 1
443 1443 1
443 1444 1
444 1444 1
444 1445 1
445 1445 1
445 1446 1
446 1446 1
446 1447 1
447 1447 1
447 1448 1
448 1448 1
448 1449 1
449 1449 1
449 1450 1
450 1450 1
450 1451 1
451 1451 1
451 1452 1
452 1452 1
452 1453 1
453 1453 1
453 1454 1
454 1454 1
454 1455 1
455 1455 1
455 1456 1
456 1456 1
456 1457 1
457 1457 1
457 1458 1
458 1458 1
458 1459 1
459 1459 1
459 1460 1
460 1460 1
460 1461 1
461 1461 1
461 1462 1
462 1462 1
462 1463 1
463 1463 1
463 1464 1
464 1464 1
464 1465 1
465 1465 1
465 1466 1
466 1466 1
466 1467 1
467 1467 1
467 1468 1
468 1468 1
468 1469 1
469 1469 1
469 1470 1
470 1470 1
470 1471 1
471 1471 1
471 1472 1
472 1472 1
472 1473 1
473 1473 1
473 1474 1
474 1474 1
474 1475 1
475 1475 1
475 1476 1
476 1476 1
476 1477 1
477 1477 1
477 1478 1
478 1478 1
478 1479 1
479 1479 1
479 1480 1
480 1480 1
480 1481 1
481 1481 1
481 1482 1
482 1482 1
482 1483 1
483 1483 1
483 1484 1
484 1484 1
484 1485 1
485 1485 1
485 1486 1
486 1486 1
486 1487 1
487 1487 1
487 1488 1
488 1488 1
488 1489 1
489 1489 1
489 1490 1
490 1490 1
490 1491 1
491 1491 1
491 1492 1
492 1492 1
492 1493 1
493 1493 1
493 1494 1
494 1494 1
494 1495 1
495 1495 1
495 1496 1
496 1496 1
496 1497 1
497 1497 1
497 1498 1
498 1498 1
498 1499 1
499 1499 1
499 1500 1
500 1500 1
500 1501 1
501 1501 1
501 1502 1
502 1502 1
502 1503 1
503 1503 1
503 1504 1
504 1504 1
504 1505 1
505 1505 1
505 1506 1
506 1506 1
506 1507 1
507 1507 1
507 1508 1
508 1508 1
508 1509 1
509 1509 1
509 1510 1
510 1510 1
510 1511 1
511 1511 1
511 1512 1
512 1512 1
512 1513 1
513 1513 1
513 1514 1
514 1514 1
514 1515 1
515 1515 1
515 1516 1
516 1516 1
516 1517 1
517 1517 1
517 1518 1
518 1518 1
518 1519 1
519 1519 1
519 1520 1
520 1520 1
520 1521 1
521 1521 1
521 1522 1
522 1522 1
522 1523 1
523 1523 1
523 1524 1
524 1524 1
524 1525 1
525 1525 1
525 1526 1
526 1526 1
526 1527 1
527 1527 1
527 1528 1
528 1528 1
528 1529 1
529 1529 1
529 1530 1
530 1530 1
530 1531 1
531 1531 1
531 1532 1
532 1532 1
532 1533 1
533 1533 1
533 1534 1
534 1534 1
534 1535 1
535 1535 1
535 1536 1
536 1536 1
536 1537 1
537 1537 1
537 1538 1
538 1538 1
538 1539 1
539 1539 1
539 1540 1
540 1540 1
540 1541 1
541 1541 1
541 1542 1
542 1542 1
542 1543 1
543 1543 1
543 1544 1
544 1544 1
544 1545 1
545 1545 1
545 1546 1
546 1546 1
546 1547 1
547 1547 1
547 1548 1
548 1548 1
548 1549 1
549 1549 1
549 1550 1
550 1550 1
550 1551 1
551 1551 1
551 1552 1
552 1552 1
552 1553 1
553 1553 1
553 1554 1
554 1554 1
554 1555 1
555 1555 1
555 1556 1
556 1556 1
556 1557 1
557 1557 1
557 1558 1
558 1558 1
558 1559 1
559 1559 1
559 1560 1
560 1560 1
560 1561 1
561 1561 1
561 1562 1
562 1562 1
562 1563 1
563 1563 1
563 1564 1
564 1564 1
564 1565 1
565 1565 1
565 1566 1
566 1566 1
566 1567 1
567 1567 1
567 1568 1
568 1568 1
568 1569 1
569 1569 1
569 1570 1
570 1570 1
570 1571 1
571 1571 1
571 1572 1
572 1572 1
572 1573 1
573 1573 1
573 1574 1
574 1574 1
574 1575 1
575 1575 1
575 1576 1
576 1576 1
576 1577 1
577 1577 1
577 1578 1
578 1578 1
578 1579 1
579 1579 1
579 1580 1
580 1580 1
580 1581 1
581 1581 1
581 1582 1
582 1582 1
582 1583 1
583 1583 1
583 1584 1
584 1584 1
584 1585 1
585 1585 1
585 1586 1
586 1586 1
586 1587 1
587 1587 1
587 1588 1
588 1588 1
588 1589 1
589 1589 1
589 1590 1
590 1590 1
590 1591 1
591 1591 1
591 1592 1
592 1592 1
592 1593 1
593 1593 1
593 1594 1
594 1594 1
594 1595 1
595 1595 1
595 1596 1
596 1596 1
596 1597 1
597 1597 1
597 1598 1
598 1598 1
598 1599 1
599 1599 1
599 1600 1
600 1600 1
600 1601 1
601 1601 1
601 1602 1
602 1602 1
602 1603 1
603 1603 1
603 1604 1
604 1604 1
604 1605 1
605 1605 1
605 1606 1
606 1606 1
606 1607 1
607 1607 1
607 1608 1
608 1608 1
608 1609 1
609 1609 1
609 1610 1
610 1610 1
610 1611 1
611 1611 1
611 1612 1
612 1612 1
612 1613 1
613 1613 1
613 1614 1
614 1614 1
614 1615 1
615 1615 1
615 1616 1
616 1616 1
616 1617 1
617 1617 1
617 1618 1
618 1618 1
618 1619 1
619 1619 1
619 1620 1
620 1620 1
620 1621 1
621 1621 1
621 1622 1
622 1622 1
622 1623 1
623 1623 1
623 1624 1
624 1624 1
624 1625 1
625 1625 1
625 1626 1
626 1626 1
626 1627 1
627 1627 1
627 1628 1
628 1628 1
628 1629 1
629 1629 1
629 1630 1
630 1630 1
630 1631 1
631 1631 1
631 1632 1
632 1632 1
632 1633 1
633 1633 1
633 1634 1
634 1634 1
634 1635 1
635 1635 1
635 1636 1
636 1636 1
636 1637 1
637 1637 1
637 1638 1
638 1638 1
638 1639 1
639 1639 1
639 1640 1
640 1640 1
640 1641 1
641 1641 1
641 1642 1
642 1642 1
642 1643 1
643 1643 1
643 1644 1
644 1644 1
644 1645 1
645 1645 1
645 1646 1
646 1646 1
646 1647 1
647 1647 1
647 1648 1
648 1648 1
648 1649 1
649 1649 1
649 1650 1
650 1650 1
650 1651 1
651 1651 1
651 1652 1
652 1652 1
652 1653 1
653 1653 1
653 1654 1
654 1654 1
654 1655 1
655 1655 1
655 1656 1
656 1656 1
656 1657 1
657 1657 1
657 1658 1
658 1658 1
658 1659 1
659 1659 1
659 1660 1
660 1660 1
660 1661 1
661 1661 1
661 1662 1
662 1662 1
662 1663 1
663 1663 1
663 1664 1
664 1664 1
664 1665 1
665 1665 1
665 1666 1
666 1666 1
666 1667 1
667 1667 1
667 1668 1
668 1668 1
668 1669 1
669 1669 1
669 1670 1
670 1670 1
670 1671 1
671 1671 1
671 1672 1
672 1672 1
672 1673 1
673 1673 1
673 1674 1
674 1674 1
674 1675 1
675 1675 1
675 1676 1
676 1676 1
676 1677 1
677 1677 1
677 1678 1
678 1678 1
678 1679 1
679 1679 1
679 1680 1
680 1680 1
680 1681 1
681 1681 1
681 1682 1
682 1682 1
682 1683 1
683 1683 1
683 1684 1
684 1684 1
684 1685 1
685 1685 1
685 1686 1
686 1686 1
686 1687 1
687 1687 1
687 1688 1
688 1688 1
688 1689 1
689 1689 1
689 1690 1
690 1690 1
690 1691 1
691 1691 1
691 1692 1
692 1692 1
692 1693 1
693 1693 1
693 1694 1
694 1694 1
694 1695 1
695 1695 1
695 1696 1
696 1696 1
696 1697 1
697 1697 1
697 1698 1
698 1698 1
698 1699 1
699 1699 1
699 1700 1
700 1700 1
700 1701 1
701 1701 1
701 1702 1
702 1702 1
702 1703 1
703 1703 1
703 1704 1
704 1704 1
704 1705 1
705 1705 1
705 1706 1
706 1706 1
706 1707 1
707 1707 1
707 1708 1
708 1708 1
708 1709 1
709 1709 1
709 1710 1
710 1710 1
710 1711 1
711 1711 1
711 1712 1
712 1712 1
712 1713 1
713 1713 1
713 1714 1
714 1714 1
714 1715 1
715 1715 1
715 1716 1
716 1716 1
716 1717 1
717 1717 1
717 1718 1
718 1718 1
718 1719 1
719 1719 1
719 1720 1
720 1720 1
720 1721 1
721 1721 1
721 1722 1
722 1722 1
722 1723 1
723 1723 1
723 1724 1
724 1724 1
724 1725 1
725 1725 1
725 1726 1
726 1726 1
726 1727 1
727 1727 1
727 1728 1
728 1728 1
728 1729 1
729 1729 1
729 1730 1
730 1730 1
730 1731 1
731 1731 1
731 1732 1
732 1732 1
732 1733 1
733 1733 1
733 1734 1
734 1734 1
734 1735 1
735 1735 1
735 1736 1
736 1736 1
736 1737 1
737 1737 1
737 1738 1
738 1738 1
738 1739 1
739 1739 1
739 1740 1
740 1740 1
740 1741 1
741 1741 1
741 1742 1
742 1742 1
742 1743 1
743 1743 1
743 1744 1
744 1744 1
744 1745 1
745 1745 1
745 1746 1
746 1746 1
746 1747 1
747 1747 1
747 1748 1
748 1748 1
748 1749 1
749 1749 1
749 1750 1
750 1750 1
750 1751 1
751 1751 1
751 1752 1
752 1752 1
752 1753 1
753 1753 1
753 1754 1
754 1754 1
754 1755 1
755 1755 1
755 1756 1
756 1756 1
756 1757 1
757 1757 1
757 1758 1
758 1758 1
758 1759 1
759 1759 1
759 1760 1
760 1760 1
760 1761 1
761 1761 1
761 1762 1
762 1762 1
762 1763 1
763 1763 1
763 1764 1
764 1764 1
764 1765 1
765 1765 1
765 1766 1
766 1766 1
766 1767 1
767 1767 1
767 1768 1
768 1768 1
768 1769 1
769 1769 1
769 1770 1
770 1770 1
770 1771 1
771 1771 1
771 1772 1
772 1772 1
772 1773 1
773 1773 1
773 1774 1
774 1774 1
774 1775 1
775 1775 1
775 1776 1
776 1776 1
776 1777 1
777 1777 1
777 1778 1
778 1778 1
778 1779 1
779 1779 1
779 1780 1
780 1780 1
780 1781 1
781 1781 1
781 1782 1
782 1782 1
782 1783 1
783 1783 1
783 1784 1
784 1784 1
784 1785 1
785 1785 1
785 1786 1
786 1786 1
786 1787 1
787 1787 1
787 1788 1
788 1788 1
788 1789 1
789 1789 1
789 1790 1
790 1790 1
790 1791 1
791 1791 1
791 1792 1
792 1792 1
792 1793 1
793 1793 1
793 1794 1
794 1794 1
794 1795 1
795 1795 1
795 1796 1
796 1796 1
796 1797 1
797 1797 1
797 1798 1
798 1798 1
798 1799 1
799 1799 1
799 1800 1
800 1800 1
800 1801 1
801 1801 1
801 1802 1
802 1802 1
802 1803 1
803 1803 1
803 1804 1
804 1804 1
804 1805 1
805 1805 1
805 1806 1
806 1806 1
806 1807 1
807 1807 1
807 1808 1
808 1808 1
808 1809 1
809 1809 1
809 1810 1
810 1810 1
810 1811 1
811 1811 1
811 1812 1
812 1812 1
812 1813 1
813 1813 1
813 1814 1
814 1814 1
814 1815 1
815 1815 1
815 1816 1
816 1816 1
816 1817 1
817 1817 1
817 1818 1
818 1818 1
818 1819 1
819 1819 1
819 1820 1
820 1820 1
820 1821 1
821 1821 1
821 1822 1
822 1822 1
822 1823 1
823 1823 1
823 1824 1
824 1824 1
824 1825 1
825 1825 1
825 1826 1
826 1826 1
826 1827 1
827 1827 1
827 1828 1
828 1828 1
828 1829 1
829 1829 1
829 1830 1
830 1830 1
830 1831 1
831 1831 1
831 1832 1
832 1832 1
832 1833 1
833 1833 1
833 1834 1
834 1834 1
834 1835 1
835 1835 1
835 1836 1
836 1836 1
836 1837 1
837 1837 1
837 1838 1
838 1838 1
838 1839 1
839 1839 1
839 1840 1
840 1840 1
840 1841 1
841 1841 1
841 1842 1
842 1842 1
842 1843 1
843 1843 1
843 1844 1
844 1844 1
844 1845 1
845 1845 1
845 1846 1
846 1846 1
846 1847 1
847 1847 1
847 1848 1
848 1848 1
848 1849 1
849 1849 1
849 1850 1
850 1850 1
850 1851 1
851 1851 1
851 1852 1
852 1852 1
852 1853 1
853 1853 1
853 1854 1
854 1854 1
854 1855 1
855 1855 1
855 1856 1
856 1856 1
856 1857 1
857 1857 1
857 1858 1
858 1858 1
858 1859 1
859 1859 1
859 1860 1
860 1860 1
860 1861 1
861 1861 1
861 1862 1
862 1862 1
862 1863 1
863 1863 1
863 1864 1
864 1864 1
864 1865 1
865 1865 1
865 1866 1
866 1866 1
866 1867 1
867 1867 1
867 1868 1
868 1868 1
868 1869 1
869 1869 1
869 1870 1
870 1870 1
870 1871 1
871 1871 1
871 1872 1
872 1872 1
872 1873 1
873 1873 1
873 1874 1
874 1874 1
874 1875 1
875 1875 1
875 1876 1
876 1876 1
876 1877 1
877 1877 1
877 1878 1
878 1878 1
878 1879 1
879 1879 1
879 1880 1
880 1880 1
880 1881 1
881 1881 1
881 1882 1
882 1882 1
882 1883 1
883 1883 1
883 1884 1
884 1884 1
884 1885 1
885 1885 1
885 1886 1
886 1886 1
886 1887 1
887 1887 1
887 1888 1
888 1888 1
888 1889 1
889 1889 1
889 1890 1
890 1890 1
890 1891 1
891 1891 1
891 1892 1
892 1892 1
892 1893 1
893 1893 1
893 1894 1
894 1894 1
894 1895 1
895 1895 1
895 1896 1
896 1896 1
896 1897 1
897 1897 1
897 1898 1
898 1898 1
898 1899 1
899 1899 1
899 1900 1
900 1900 1
900 1901 1
901 1901 1
901 1902 1
902 1902 1
902 1903 1
903 1903 1
903 1904 1
904 1904 1
904 1905 1
905 1905 1
905 1906 1
906 1906 1
906 1907 1
907 1907 1
907 1908 1
908 1908 1
908 1909 1
909 1909 1
909 1910 1
910 1910 1
910 1911 1
911 1911 1
911 1912 1
912 1912 1
912 1913 1
913 1913 1
913 1914 1
914 1914 1
914 1915 1
915 1915 1
915 1916 1
916 1916 1
916 1917 1
917 1917 1
917 1918 1
918 1918 1
918 1919 1
919 1919 1
919 1920 1
920 1920 1
920 1921 1
921 1921 1
921 1922 1
922 1922 1
922 1923 1
923 1923 1
923 1924 1
924 1924 1
924 1925 1
925 1925 1
925 1926 1
926 1926 1
926 1927 1
927 1927 1
927 1928 1
928 1928 1
928 1929 1
929 1929 1
929 1930 1
930 1930 1
930 1931 1
931 1931 1
931 1932 1
932 1932 1
932 1933 1
933 1933 1
933 1934 1
934 1934 1
934 1935 1
935 1935 1
935 1936 1
936 1936 1
936 1937 1
937 1937 1
937 1938 1
938 1938 1
938 1939 1
939 1939 1
939 1940 1
940 1940 1
940 1941 1
941 1941 1
941 1942 1
942 1942 1
942 1943 1
943 1943 1
943 1944 1
944 1944 1
944 1945 1
945 1945 1
945 1946 1
946 1946 1
946 1947 1
947 1947 1
947 1948 1
948 1948 1
948 1949 1
949 1949 1
949 1950 1
950 1950 1
950 1951 1
951 1951 1
951 1952 1
952 1952 1
952 1953 1
953 1953 1
953 1954 1
954 1954 1
954 1955 1
955 1955 1
955 1956 1
956 1956 1
956 1957 1
957 1957 1
957 1958 1
958 1958 1
958 1959 1
959 1959 1
959 1960 1
960 1960 1
960 1961 1
961 1961 1
961 1962 1
962 1962 1
962 1963 1
963 1963 1
963 1964 1
964 1964 1
964 1965 1
965 1965 1
965 1966 1
966 1966 1
966 1967 1
967 1967 1
967 1968 1
968 1968 1
968 1969 1
969 1969 1
969 1970 1
970 1970 1
970 1971 1
971 1971 1
971 1972 1
972 1972 1
972 1973 1
973 1973 1
973 1974 1
974 1974 1
974 1975 1
975 1975 1
975 1976 1
976 1976 1
976 1977 1
977 1977 1
977 1978 1
978 1978 1
978 1979 1
979 1979 1
979 1980 1
980 1980 1
980 1981 1
981 1981 1
981 1982 1
982 1982 1
982 1983 1
983 1983 1
983 1984 1
984 1984 1
984 1985 1
985 1985 1
985 1986 1
986 1986 1
986 1987 1
987 1987 1
987 1988 1
988 1988 1
988 1989 1
989 1989 1
989 1990 1
990 1990 1
990 1991 1
991 1991 1
991 1992 1
992 1992 1
992 1993 1
993 1993 1
993 1994 1
994 1994 1
994 1995 1
995 1995 1
995 1996 1
996 1996 1
996 1997 1
997 1997 1
997 1998 1
998 1998 1
998 1999 1
999 1999 1
999 2000 1
1000 2000 1
1000 2001 1
1001 2001 1
