100
10 10
4641 6001 9158 5927 6413 6591 9769 3488 9790 2893 
4719 7681 4913 8865 748 3703 72 8273 6666 2637 
6291 3686 7556 1089 5449 9951 7926 8316 1467 1191 
3594 2145 4385 581 4181 2916 8501 100 1216 5907 
241 7239 4473 9881 3623 8705 8913 9806 231 1953 
4254 5716 8991 4753 345 4593 4937 8153 1405 4765 
1228 2669 4115 5360 5891 7811 6127 2025 9421 3386 
376 1017 4856 3449 4048 605 6801 697 3477 9459 
4167 701 8346 3729 5225 8523 1915 1853 7628 7737 
9173 8803 4705 5551 6815 633 8376 1989 3869 2081 
10 10
2894 526 4669 5096 9041 7882 3546 2945 607 4778 
8909 4255 9736 8494 1609 7173 1650 9161 9947 4111 
8591 8770 5436 5143 578 3856 8376 2785 3063 8513 
5261 7616 5231 8315 3968 3457 8001 8677 8788 5601 
5937 1531 6852 7473 7133 8576 6870 1261 7813 1641 
6517 6521 3721 3717 2271 877 9109 3071 3997 5697 
2895 2476 3921 3925 5053 7591 8981 5609 9851 7983 
163 7372 6602 7860 4131 7770 1461 6979 305 897 
9351 9951 4951 3914 8223 5522 9589 9169 2993 5601 
8425 5939 7637 4176 2724 2567 2373 6062 7831 2303 
10 10
2809 951 3603 9073 1877 9169 6089 2193 7905 2437 
6294 9937 4787 4556 8127 7867 6752 7529 697 4001 
4861 3737 241 257 3415 9561 3553 9107 5306 8675 
7001 6043 1138 2470 7385 4682 3341 421 3249 2067 
8842 2621 8184 1026 8380 4871 6401 6465 904 1351 
2402 9951 5605 2822 7334 437 2588 5416 1 9153 
3326 6567 301 1631 7929 5751 2081 1745 1951 5329 
3483 5377 3729 3141 146 135 6531 9521 2965 8009 
4091 381 2475 3291 227 7419 9725 6157 8401 4133 
8133 5358 195 1022 6231 3350 3841 4957 1101 9213 
10 10
1321 4609 2867 1958 4103 9676 8782 3841 5427 13 
8281 1950 1102 4689 1756 2031 5057 4533 6551 5553 
8222 9626 3101 4986 1341 8649 7062 2457 353 5321 
7454 6029 2193 8673 7009 5325 4623 1633 1274 7519 
9111 4717 4405 9567 2753 9069 1233 7281 8845 3827 
6902 3964 2543 5214 1901 8793 3606 3560 586 3441 
3142 5811 4781 11 508 9098 5251 7443 6769 1641 
7665 1293 5889 2985 5708 5269 9105 6824 217 1612 
8889 4673 7513 5478 5401 5491 1151 2619 2201 3604 
6201 4549 5456 4501 7701 2213 7161 867 3881 9519 
10 10
3151 9023 6430 9121 5414 9833 9777 247 5537 3481 
1777 5434 5591 1729 3781 876 6279 626 516 1776 
5319 2017 9644 666 4651 1397 1389 7209 1359 64 
594 1426 5656 7436 4317 503 8624 273 3006 7921 
8553 2325 621 6375 8597 7291 8881 8175 6333 6891 
3601 8241 6857 1413 5121 2308 6651 2497 6250 4017 
81 3305 7181 1951 1971 8211 6534 6382 8426 501 
4493 4903 5209 1417 8241 833 304 5756 7943 3075 
1867 8473 9456 2845 5465 4866 2037 4542 2131 4057 
102 1039 4939 1489 729 8410 1251 6991 8860 8241 
10 10
1069 4301 8897 9460 8689 6113 8408 642 9745 4421 
6031 929 9000 8834 231 6529 8549 3373 8669 1671 
3509 264 7381 6365 285 3345 1155 140 1876 6847 
5837 4085 4059 7009 715 2817 3424 5914 7237 2767 
2161 2025 7916 4117 5681 5953 8786 785 5911 4281 
8821 7563 6404 9376 420 7187 6389 1769 2673 4126 
1409 1108 2198 1826 9990 5340 7645 7756 7291 8721 
2522 4301 3099 9591 8745 4651 7254 8201 85 4479 
9939 2749 1311 8026 2119 5461 985 7021 9912 7721 
3122 9634 9970 6345 5418 8691 8489 4505 4891 1498 
10 10
745 5921 541 116 5123 9882 2200 9061 1739 1215 
8951 8625 2585 2567 253 7601 5424 2899 6045 4265 
501 146 7372 7126 6516 5799 9825 4001 2169 8801 
3480 4329 5067 4003 2105 6705 5217 1996 1331 2245 
9665 4248 8171 2415 8071 2334 4670 3224 5026 3537 
9017 9753 7341 5153 3969 1657 9021 9834 8751 5653 
8453 7684 461 7707 3039 2309 1533 521 5825 589 
4774 6545 6005 7629 8529 3362 4691 4649 7771 9503 
1108 6500 6543 3507 2215 6244 5322 4826 5425 2213 
9041 6861 6081 9571 5321 8109 9338 6620 6276 4774 
10 10
4376 2221 3485 1445 9361 6957 8632 7141 8691 4289 
8847 8957 3148 6474 575 1808 3837 7681 8310 5873 
5345 5636 838 7475 1581 5489 1672 1353 7926 1861 
7436 2875 3913 3401 3561 2343 8559 8119 3673 9239 
9649 4971 958 7553 9965 5708 2641 6001 7793 8805 
3369 3203 7917 7459 8696 7345 4177 1561 5133 7194 
5881 5937 9601 6385 5166 5534 4161 2201 3500 8545 
8863 8717 8545 8129 6983 991 2981 2124 3049 2761 
8257 993 9291 9080 6951 465 4621 7948 4369 8671 
5617 3001 6938 6797 6781 8897 9831 513 8141 9358 
10 10
2961 5121 685 4124 7937 165 4632 6152 619 8888 
7521 945 6901 3273 2551 1671 3366 711 4854 9081 
9889 5378 7861 2631 9181 6991 8711 2261 6025 3043 
4539 3159 4566 3937 202 671 2034 6131 7452 1851 
3961 4821 5371 1584 8351 9809 4194 9754 1441 8633 
2906 9892 8796 3201 4260 5151 7721 7901 3655 481 
4390 93 4105 8541 1751 4401 3275 2849 2873 9561 
6431 8961 6657 2516 9153 5657 6701 5794 9585 311 
7279 1541 2633 5510 6011 137 5311 4953 4639 8826 
4025 3451 3261 3601 2413 2926 5041 1709 961 6676 
10 10
5076 5817 5839 1401 2899 4569 7150 5501 961 7281 
509 641 7557 8243 2279 631 2529 4187 9785 2361 
1241 1222 530 3401 4630 3395 3293 1984 4581 861 
3976 1177 5889 906 9058 5889 9998 7365 3929 3357 
2058 144 5081 6429 1332 1933 701 3324 3151 5557 
6657 2361 1795 7546 799 4529 7581 7313 8883 5976 
7981 145 7593 2989 1361 9643 3037 3113 401 4951 
9325 2456 7132 8265 4951 2709 3779 7649 7734 1761 
391 4350 1329 6358 964 9521 5939 2431 6866 736 
2485 1381 5011 8666 7361 6291 6919 2605 1383 8299 
10 10
3497 5269 1409 9657 8435 6593 2826 2951 17 5213 
8444 2951 8438 6674 5167 5823 5061 6197 9137 8401 
4631 4113 8463 8365 2047 1792 881 3699 1377 5381 
3569 801 4383 6621 1925 9817 6151 9521 6971 732 
2765 8916 9757 6185 5570 8550 5225 8209 5025 2839 
6263 110 4595 5219 6157 7841 8529 9726 6226 5566 
9673 4584 1939 801 7123 7429 5385 8255 5819 6433 
4744 7455 6405 3463 5646 1419 9553 6401 3001 166 
7809 4481 2401 9233 3195 297 3134 2221 9183 3221 
8975 1258 3162 3178 2201 8976 9551 1996 4435 4440 
10 10
8357 4617 7151 9642 2090 4922 5994 3853 7045 5073 
3141 2401 3213 1953 2097 8785 4297 9803 1821 5562 
3923 3863 2553 6785 4293 5691 9426 9665 8837 5425 
5882 2819 5848 6074 21 499 7185 5765 1625 5231 
1764 4693 821 6641 8705 413 7701 4271 7861 1008 
8511 2909 5093 8501 1921 7093 576 9001 9217 509 
6851 4471 2872 9697 3641 4017 4265 4289 2055 8145 
6671 1826 2441 7181 2130 9499 2853 3687 6117 5041 
2051 5251 7312 1035 7525 649 3081 9384 8281 2773 
84 9645 97 6046 2524 1799 5265 9636 9121 3901 
10 10
6353 1121 5201 9711 6991 2737 5671 643 3665 8415 
7001 9745 582 8938 9300 8641 6729 93 1876 4603 
9701 2449 5697 2526 515 539 2880 8691 259 6289 
307 6273 6551 9605 7910 893 6249 2592 7938 7691 
3701 6952 7129 8576 6385 2161 1128 1625 9834 4796 
3874 2045 8831 8541 3701 1164 8361 1701 5219 8971 
9501 9653 8497 6593 1359 767 1720 3977 5955 8741 
6136 1744 6941 5541 6746 248 1020 4798 7871 4363 
8881 4681 781 3313 2041 5356 6482 7816 5606 9901 
5024 1553 2253 321 401 2520 9709 9283 717 3558 
10 10
4557 8313 4886 4023 1569 5986 8921 2115 8804 9071 
5722 9965 7089 4663 3857 1309 9390 8518 765 1057 
5151 7866 4701 7181 4321 1233 5557 247 9646 2495 
1678 81 8452 6561 2594 7864 6381 6151 369 4081 
2101 7849 4589 6926 1649 3761 4001 2761 3551 8727 
1857 8869 5520 6247 4741 2101 9296 3825 6081 5983 
6717 7777 6538 3829 273 976 6206 1978 8755 971 
7991 6142 6971 5523 6247 7041 331 7829 9585 2121 
2533 1876 7813 3228 3975 2081 6005 4601 8751 1658 
7405 1569 8958 2511 321 8676 2047 4451 2081 5075 
10 10
6147 2841 8211 942 837 1017 3388 4429 2683 839 
7595 9461 3047 5448 8419 2017 6097 7612 6401 8505 
253 4529 4361 3851 7508 1675 9143 3501 619 359 
4133 2044 5740 6061 5373 5743 4936 6397 1585 3519 
6901 3765 8945 3826 2034 6047 5601 4673 9265 2241 
398 7441 1117 3248 3281 8701 4825 1633 9917 8677 
6882 9587 7281 2561 8029 817 4581 4271 2425 349 
2565 7460 8431 3780 1673 2401 5905 7979 5916 1251 
4685 6145 5418 5523 1601 6169 3897 659 7461 9557 
1446 2657 6272 2897 7433 7637 2273 2109 2963 9097 
10 10
3593 3836 4993 888 4467 9161 1421 7561 7901 2258 
7510 4269 7626 2415 1707 7937 1193 5361 5831 1321 
5297 699 1836 6874 8739 8529 2092 6290 2601 7110 
5764 3241 3409 7045 2606 6451 2875 3157 5795 2171 
5797 4039 6368 8847 8145 617 7551 4837 9985 3649 
3127 6861 1781 3505 2445 5177 4373 2261 915 1217 
7467 6797 2281 9385 429 5541 1073 4620 4017 9993 
4010 2468 4526 4193 8369 3606 3725 3129 5091 396 
8571 217 8851 8063 1181 5081 5926 9096 9217 9712 
7935 1677 2241 534 18 9954 576 3347 9613 6271 
10 10
1611 4914 5421 1661 7241 2753 1355 3281 6433 3318 
7606 9565 4115 7241 7821 5817 9207 8607 5273 5457 
8731 4323 657 8699 650 9236 756 3151 1781 1381 
2655 8491 3295 3097 1987 6769 9841 3017 8872 4091 
801 7217 5665 6214 6307 3202 6121 3225 1541 2921 
4049 4529 221 7110 1721 2590 6844 1517 9390 4861 
546 6556 2979 5751 7929 6521 4050 9376 9761 6923 
7601 8661 1573 3688 4905 7850 8561 4961 3725 9326 
2017 7825 1375 7899 6926 4215 9048 7325 5902 8046 
2977 386 2561 9345 9253 8861 2651 9970 4741 3181 
10 10
8738 3867 997 882 1937 5001 6201 817 6466 6308 
6109 3376 4563 6001 4545 961 9649 57 6831 2865 
6233 7097 5352 8256 1331 7786 8317 5889 6061 1477 
2600 1931 2591 2311 3890 4508 4071 5355 7001 5171 
5476 2129 9825 1136 2685 1161 5001 2605 5313 5605 
5689 7270 4271 7199 6937 5121 3105 5681 4527 2753 
4863 2009 1202 2691 5581 6680 1751 7534 3501 5641 
4966 3453 9009 101 7192 5681 5776 7601 3080 9321 
7065 7051 5811 2377 1581 1944 3987 1811 9539 6582 
8101 7546 797 7549 3571 9837 9283 4113 5687 7607 
10 10
7341 9137 3009 4358 1439 6321 5479 4301 7135 366 
1677 69 516 6964 3056 7284 2065 1736 2591 5016 
5085 1413 4660 1273 3825 8969 6381 5246 4211 1745 
8793 8717 240 9905 4851 6552 4245 1017 3926 1176 
7977 4771 9942 2655 4379 7583 6659 2305 6061 6805 
1045 3949 2767 6391 1929 8647 5981 9887 2307 4178 
8436 5737 8521 7930 4201 9913 3753 1146 8001 1281 
8529 4177 913 4264 6157 8162 1411 5881 2381 4849 
2212 6405 529 3897 7151 6625 2480 8603 5235 2508 
2287 8609 8657 7593 6442 5091 5108 4363 8787 7518 
10 10
5052 1861 961 7601 646 5573 8637 7835 8794 9468 
6631 4835 8289 9341 1815 233 7451 2467 2001 8889 
2975 6316 2321 6407 7939 3921 329 9504 8570 8331 
6001 7786 7225 4017 2949 4726 968 8957 359 893 
145 13 5859 9043 629 2325 7890 8497 3353 9461 
3669 1098 4451 6731 7683 8096 7651 1481 3441 7921 
3231 2601 5253 1321 6203 2571 6817 7363 1959 8833 
8175 6849 5889 811 7439 9746 8545 5601 8566 1697 
1009 8001 5851 6775 6627 1006 7127 1053 3923 6309 
9875 3617 8484 6116 5793 462 31 6409 7681 1732 
10 10
5630 9633 5669 6189 1845 8366 6193 2893 7809 1408 
3309 1583 7196 3232 7001 6533 8507 7549 9441 9117 
7827 8385 1624 4481 6967 5862 4111 4641 5111 6141 
9601 7705 3033 2298 3771 4564 6403 8991 8597 8177 
3900 901 3553 7451 7105 6241 7633 9681 7046 6603 
9581 889 8305 8659 9482 7047 8251 451 9314 5510 
3421 3361 3179 6625 6273 5393 2285 1457 9301 1566 
2625 8455 13 1065 2437 4741 9985 7519 7321 1568 
1 6385 7626 1993 6055 3841 1001 5100 1957 4481 
521 3249 4501 4935 4905 6401 6556 5403 2329 8378 
10 10
8981 6361 4417 6121 3569 472 2311 5143 8505 7093 
3125 2265 2416 865 5971 2139 9347 3650 4933 6535 
9701 3441 3361 9634 1672 8201 7005 8481 7477 9361 
2081 177 9764 5055 4865 5861 3633 2743 1633 2553 
1101 4151 8633 6453 1489 5601 9769 5281 6952 1521 
5309 8167 1909 7426 2482 833 5569 755 9526 9551 
8281 4998 7551 1095 9801 1121 7636 3780 8071 9249 
3973 2996 9331 3049 8897 2687 7441 134 4826 2339 
3101 4023 1801 2721 6321 4713 6205 6233 1021 9617 
677 1957 8985 8716 5455 9871 9839 570 4893 8964 
10 10
2792 3283 2601 6175 3481 1902 4361 7501 619 2009 
8571 6290 351 9275 121 5747 9190 7489 2560 4339 
91 2009 5384 6395 8129 6905 7345 7300 9976 4171 
5318 5712 1943 3127 2049 6783 4548 9138 9801 5159 
481 2869 4663 5749 7249 9031 152 6433 8801 8761 
2636 7414 5221 7761 1453 719 677 7758 8433 5444 
2259 4505 289 5697 401 3465 5729 2829 6931 185 
9157 2318 809 3911 954 8953 1728 2161 2583 4761 
7831 7671 625 3607 1577 7695 2621 7671 6161 9162 
2785 2925 3134 3995 9689 4751 3051 2894 947 5666 
10 10
6814 5222 9261 914 1622 8276 7553 6401 8751 640 
6484 1953 4831 3501 6796 8741 5681 1201 376 4051 
1197 177 6749 3275 4921 6825 6637 7281 7032 8001 
8469 1685 6701 2547 3981 7569 5889 2526 801 4636 
4888 8038 8101 8677 3385 7901 3331 4683 4601 6617 
5281 273 489 2391 5791 8753 118 6143 6573 853 
4125 9990 9779 7773 1521 9501 3814 52 1364 1139 
3917 7731 3761 4075 9745 4264 2979 3989 8071 5023 
1911 227 5025 6941 6376 7821 501 7384 593 3996 
9416 6633 4329 8492 7521 6736 2798 5255 2125 4441 
10 10
4569 4991 3628 4849 176 7237 3633 9245 6659 953 
5435 171 2817 9273 3966 4595 2595 5487 4617 6998 
1481 4217 2205 1806 5876 4051 1161 3973 8193 1193 
5929 6139 7549 2037 9453 6036 345 4157 341 9285 
9651 7865 5900 9965 209 7297 2368 9751 2321 8369 
3447 6697 6628 5901 7543 4645 4891 7911 2321 5791 
6022 7265 5944 4411 3459 9723 5341 1217 8932 924 
9529 8179 4345 5824 6701 1649 8002 111 6067 8307 
898 8193 859 8331 3901 4701 5441 9183 5298 6353 
1201 9454 9427 9677 7376 1249 5201 4817 1857 865 
10 10
9262 3721 7137 3566 5321 4578 5987 4897 3676 4411 
9631 1225 1686 321 8061 3923 695 7 8588 541 
3886 7626 1441 7025 9322 1996 4656 7905 7745 1924 
621 131 5869 2826 5701 2161 9193 799 8233 4997 
9687 2425 3501 3507 1626 3063 5775 9141 3457 1271 
4745 4201 2821 4755 1043 8773 7673 1557 2737 4995 
2126 7869 8201 7199 9144 5513 209 5664 8590 1492 
3697 7921 1399 9777 5168 601 4979 4573 4301 2782 
9357 2865 6729 6599 810 8569 1307 5621 9105 8929 
8781 901 6145 6731 9769 3123 5776 3417 1761 5975 
10 10
6901 1692 9561 3566 4487 6035 1731 7793 2128 7864 
9549 9261 9664 7852 5741 7529 2587 2063 4777 8976 
1821 6175 8751 209 7008 3469 8769 2370 5357 3229 
4401 5921 760 6289 8630 7081 8285 8735 4631 9003 
4489 5925 4721 7821 6921 8433 2624 2449 4905 2865 
9816 31 7359 6321 9957 3876 7697 5569 7801 9681 
2627 9331 8321 6616 9550 3376 9095 6559 3736 8759 
279 7 7367 2547 8795 4977 8249 5190 9621 3121 
1 673 9766 767 8667 4051 6584 9249 3761 6837 
6618 9921 5489 189 9901 6897 853 8917 5979 3800 
10 10
6937 3553 635 5041 4029 4743 6127 7346 4859 5681 
1329 7305 5521 3749 4875 2655 9753 2222 9301 4644 
2721 4785 4921 7327 1004 6629 9345 9569 1487 8787 
3377 5179 8813 3709 8441 9981 5421 8120 9021 8326 
7859 5673 4369 2034 5381 7711 9673 8785 2726 6498 
515 2101 6553 8295 4981 9527 406 1681 4509 9831 
5601 9983 477 2225 7675 239 4659 4075 8481 2559 
3473 8167 5224 3543 6391 4601 2700 387 179 4921 
3617 5149 721 5086 985 5781 4730 1885 9613 9076 
8979 519 2650 3145 6166 4405 9977 651 1831 7087 
10 10
669 7961 5781 2857 133 277 7091 8989 3291 4607 
1293 169 3776 4846 5774 211 670 2013 6381 9433 
8956 6425 8874 9087 4913 6279 2017 6996 525 1153 
9885 2311 3616 3381 6280 6049 3722 7768 7174 7731 
3541 945 2126 1262 6200 2025 3733 691 2283 3828 
3768 585 5517 8661 1781 4521 2225 9155 5616 1547 
2321 5 5985 8193 489 3520 4499 3277 8537 6121 
409 5243 910 4101 6925 9025 983 3664 3304 5080 
4100 9711 4831 4309 3041 1801 5861 7081 1925 9831 
4665 1561 816 9563 5066 7601 8911 1217 8297 3239 
10 10
2894 3001 9931 5217 4621 6199 1439 341 5897 2517 
1175 2465 9385 833 3888 2921 2203 3446 6257 6349 
2451 2189 4701 9417 891 3965 7076 8213 3493 1537 
5301 6165 8525 9275 3761 9201 6897 426 2020 5027 
6507 8151 117 4321 381 4201 9313 4425 5511 561 
3751 2165 541 7158 3857 4016 4893 9201 8123 4707 
2301 770 1296 4817 2751 5175 6778 7693 3781 3763 
3385 8271 6836 2245 2869 5921 9121 7778 671 9343 
2305 841 2225 9570 1292 9751 501 3849 5073 6163 
9874 3021 6731 3967 8391 6761 7069 9761 8551 6779 
10 10
243 4946 8678 6385 9113 6721 5201 375 4231 6261 
3091 6209 6081 2734 7971 996 9651 4491 9751 8139 
7961 6851 326 806 769 8396 3401 6561 6841 2955 
410 8769 7791 5609 7401 8452 3319 7881 5671 11 
3841 8489 5665 2969 4882 9389 575 7382 1951 8945 
5763 7715 81 2677 4097 5165 2026 7501 3011 3306 
179 681 6576 4376 1463 2991 3850 6752 9621 2881 
931 8669 8989 451 8683 3999 5959 4001 9917 615 
2965 441 6746 6156 3889 1121 1521 7689 4121 9473 
176 5715 1441 5071 766 3121 3564 1025 2912 1569 
10 10
5751 7131 7453 4086 7315 4231 2241 9047 6577 1723 
5793 7111 9716 1266 1730 9869 7391 5471 7301 369 
4549 3545 5665 5236 2141 9913 666 272 8489 7001 
8996 8609 3804 5345 5697 5213 3745 7820 8001 9345 
4831 6034 2390 6117 6513 3991 9765 4029 3451 9735 
2266 2237 287 6321 7281 5913 5479 4146 4334 7650 
2969 1311 809 1029 97 2899 1224 663 6043 4212 
7729 5457 4798 1695 1233 6613 3409 7939 4753 4997 
2119 2411 7664 3199 5241 6705 2679 3973 3378 4853 
6841 311 2225 3376 33 7406 5610 3797 1834 94 
10 10
6461 1533 8066 9761 4333 5917 257 5704 8130 1877 
6915 264 2225 3937 6911 2580 3899 6801 6456 6753 
9921 1458 8651 501 1397 1041 8535 3561 8901 4278 
2961 2456 9633 8679 5119 4921 4001 2657 9960 1707 
5865 6110 2839 1776 3194 9265 6629 3821 9260 1207 
2921 653 9141 9596 7713 3489 4067 5801 2609 4551 
8621 1194 1489 5059 3962 3526 9691 5416 8771 5989 
5721 6917 9996 6129 4909 4195 1252 951 3478 9726 
5355 4897 8321 2131 5273 5631 553 8379 8454 2215 
9583 2673 157 4111 3569 3033 7099 3355 4765 275 
10 10
250 3953 2533 6601 1473 4249 1765 4138 4501 8199 
5802 59 769 1473 7049 7947 4400 4793 4761 1906 
8457 6785 4433 4321 9033 6487 5961 1751 1769 9385 
611 5664 6241 7868 5001 4271 2387 2385 5105 4341 
2655 8625 549 3321 5980 2748 840 7461 169 7441 
1905 3999 559 5034 5649 5273 5359 1680 3418 5665 
2923 625 9700 2559 4029 2046 507 3576 8626 3185 
9553 7041 4929 2273 4352 1281 715 5657 7207 6373 
5549 1485 8831 3621 7653 5073 8554 8218 6309 7564 
2727 3359 1317 5171 984 711 185 1057 7635 5651 
10 10
3986 5166 7236 2797 2409 83 9225 9761 649 3786 
7401 83 9865 4016 1 3077 2354 7529 3107 2457 
9417 6667 6473 8106 7559 291 5756 7729 950 5477 
1377 3221 641 5131 7986 1793 7436 3521 1701 4875 
6384 6849 4001 3649 4221 3137 4109 7497 3129 2987 
2329 8905 885 781 2525 549 3376 478 8749 1341 
5367 5231 5046 6441 9601 2240 7536 8749 7993 7201 
9575 3120 2777 129 2800 2177 8246 1803 6396 2585 
9710 3851 635 8482 3427 3745 501 1011 4801 1240 
2953 3197 2633 8656 9821 3629 3501 6969 9751 6340 
10 10
4535 2471 9297 5351 6593 4891 2579 3669 3276 1886 
63 7889 1483 9796 7451 3272 9397 3421 2417 4001 
8234 685 8141 438 7287 2197 1581 4937 1041 1197 
5253 7077 5575 1051 4509 2702 6063 4165 4857 1099 
1607 6968 2177 3990 7911 247 8440 6131 7616 9951 
133 6929 2463 521 3363 9053 3826 5691 1371 4047 
4973 9313 3961 9826 8099 9681 3610 1247 1347 45 
6039 5896 1881 8741 6173 8249 1963 4769 9873 8031 
7193 7036 5043 6793 6753 7264 4069 5673 4647 4275 
7471 1441 3519 5721 3415 6517 2109 8721 4937 9201 
10 10
5801 9811 1056 6391 4809 2143 7732 9131 5001 6079 
5139 9861 921 3403 7261 854 274 1111 2641 5313 
1601 4455 6316 8673 4841 2889 5275 7249 101 8795 
8404 3953 9691 8721 6661 5455 7271 9171 811 2686 
7299 9259 9225 5821 5535 5201 3179 1371 8913 8178 
8025 5921 3021 6305 4676 6160 4695 5433 1726 9729 
4392 4991 6701 8909 4417 9509 2065 1052 6201 1261 
8407 5835 1340 2715 9273 5719 6351 445 1197 2225 
5331 8278 7361 5553 5393 8725 6961 1041 2001 3273 
9413 5285 3181 1855 2961 8951 8025 8829 9251 4286 
10 10
2547 3758 7939 4021 8433 4818 7049 4497 8497 3919 
4209 5263 6308 9359 4845 5353 4957 6311 316 3245 
9501 7 3489 6365 3613 561 2529 6436 1073 2283 
1976 4812 339 7565 1489 8881 33 3942 9746 2205 
4875 9526 2693 8751 5766 2015 2561 851 8725 2586 
1351 4321 9193 3803 6681 6973 8191 6885 9913 7391 
2224 153 5221 8440 9113 4377 7575 4581 7101 6874 
4771 9151 4264 3866 164 5648 4722 8451 4361 5751 
409 4627 3241 2769 4689 3581 9474 837 5309 2623 
9395 7094 8536 2337 6241 4568 9939 5041 5147 4873 
10 10
6481 3601 3530 234 3365 6281 6712 5216 531 892 
4099 2009 2537 7176 8465 4631 3731 5886 9678 983 
9777 1411 3187 5520 6651 2185 3053 2881 7173 9501 
8473 1436 9032 5917 5105 4903 4806 5681 4229 4693 
865 1026 4865 1726 7729 7945 6081 7256 5686 626 
1115 651 3281 6049 5449 6147 7305 5873 9256 6133 
1119 2855 1829 9041 829 1221 7358 1479 8827 7143 
4961 9823 6714 2367 1688 501 1529 6877 1253 6469 
2291 5391 7436 191 6221 4461 5227 7681 5729 8145 
7371 1905 85 891 4313 7076 2755 5913 4305 7663 
10 10
5297 1296 2265 2873 3013 753 9636 1613 826 4723 
1758 7197 8075 8089 3417 6561 1362 3931 9607 6393 
9234 2867 7531 1293 1392 2065 7861 4050 425 5285 
8817 8265 3902 7049 9301 9570 4223 3189 6240 8305 
8801 3662 8321 7244 9742 250 6973 4609 9173 7461 
7739 8876 7317 6343 6877 4817 9329 6673 5868 377 
6533 8677 6616 1068 4531 6235 5011 1501 5824 8576 
9149 7999 1560 4615 9251 3441 3221 9325 8089 9511 
3921 9057 8171 7301 2931 9521 9904 4339 241 8592 
8081 7088 4016 3601 7703 4689 7651 261 3278 9877 
10 10
7054 9841 1358 7521 2385 8769 3472 7001 3201 389 
7651 7271 9738 8571 8987 9911 8041 2009 223 9577 
6549 3589 4686 8013 2503 8963 3361 1749 8321 6225 
6994 4873 3879 7341 1791 5199 9653 5862 1993 1931 
2222 2177 7181 4661 636 9587 135 3151 7231 3329 
4711 573 2641 2977 141 199 3345 1331 3793 6909 
5706 7821 3903 9321 8039 4829 1101 6211 9769 9861 
2021 1945 4290 1174 8617 3401 2395 4301 8672 5368 
2349 7055 3546 1131 2678 1003 9409 7778 9981 3797 
5394 7346 4195 4848 8534 3378 3767 1477 6711 6276 
10 10
7801 5667 1065 495 4081 8521 5913 2231 3287 5041 
157 9018 8361 8470 8976 8246 3378 2153 311 2527 
9369 3170 2963 3411 8039 7997 8521 9705 8994 3083 
5785 6251 257 1981 3695 7111 3535 9101 1533 9645 
7939 9367 4062 5457 1126 4737 4676 7751 2797 7201 
4141 7555 2885 3739 6861 7501 3799 4745 6732 989 
2073 353 8985 1741 8602 2441 77 2689 9673 695 
7801 2356 2277 8343 8813 2272 1645 2896 9303 957 
4951 7154 1532 9153 3994 8577 1381 3252 3213 5887 
8431 2871 309 4977 3726 4321 91 1093 3903 5639 
10 10
8461 3047 3745 1511 6056 5891 7897 6820 8870 4067 
5621 6368 1880 6737 9921 9819 8144 3341 1771 7705 
3777 5345 8831 7157 2119 5841 8903 1465 5964 4764 
9942 3429 8501 8241 990 9867 5689 6855 5715 8533 
9452 573 3896 8682 7591 3186 1193 3543 6934 6323 
7185 5740 5536 2126 6101 9301 8662 2223 1221 3981 
4025 9469 8961 9706 8136 6948 6213 1353 1609 521 
4801 2641 159 3799 6001 7966 2657 3120 7657 6303 
1426 7701 3183 4870 8526 6306 1151 6316 4105 3041 
2511 6926 4977 3947 3501 6396 2831 6074 1057 3228 
10 10
4342 9143 3989 2329 7877 7934 6443 6857 3729 1581 
1976 2886 5177 1855 2689 463 297 6155 303 9500 
1101 2258 257 9501 3989 2281 9238 3702 1776 8293 
9825 6940 1205 6991 7700 880 4329 9954 1130 731 
9905 4250 2341 321 6699 2366 9932 6537 972 5033 
3424 4445 357 6929 6551 7291 3609 2448 7621 4919 
3393 6428 9727 4723 5501 8945 6241 8954 3475 161 
7864 935 4689 9119 761 344 7377 2191 9015 81 
3444 9037 8137 9192 26 9886 5876 4025 3237 9097 
1348 409 7824 5576 9185 6371 1153 2665 9326 5409 
10 10
1605 4409 9760 705 8488 1731 6901 9801 113 7686 
9682 8696 9585 8636 6833 8315 3935 525 8648 587 
5501 4879 9504 8297 2793 1969 3277 6700 3104 6739 
2701 5396 8098 2321 7187 3185 6709 156 6436 9245 
1849 4960 9200 6565 5279 5151 2576 3969 3551 1137 
7237 6521 8283 1793 2525 7599 1611 2340 5138 9059 
7079 4681 1782 8364 1937 1110 9553 1573 5 2171 
3061 181 7211 6061 2001 51 4738 7121 6010 8860 
3033 1045 6027 8393 4561 9641 53 4880 5562 1745 
6812 9857 2125 2015 3459 5873 3385 6100 8720 5631 
10 10
9597 4657 1985 5361 3001 5006 6093 5081 1861 6353 
6621 5181 9822 4137 966 2327 9898 6252 4922 5933 
5451 764 388 1251 2933 4255 1856 4761 2677 8815 
4553 5969 1298 8157 7361 6474 4639 8001 6608 609 
2929 6975 8287 6733 9491 3053 869 9073 8011 8977 
7319 1961 411 5463 2468 7796 4097 4251 1435 9065 
3381 7534 351 7289 6524 4388 5125 7411 3668 501 
5988 1643 509 5843 7905 4318 5571 3371 4159 1433 
4461 4105 8633 3017 4461 6292 5843 4731 201 8265 
6301 9217 2436 2290 5170 7826 7853 7168 631 9421 
10 10
8672 8944 5853 2337 6545 7516 3647 1618 4939 4609 
7441 5895 8819 1261 7741 3479 1115 6011 756 681 
353 1569 713 5714 6926 7441 4784 6065 5911 2957 
2550 1 8617 4332 6621 1350 3257 2583 5386 6641 
2481 1297 4953 4101 9246 4973 7153 8076 5546 2969 
8841 3345 8179 7091 4801 4207 5051 2485 9876 601 
2177 5577 6633 4891 646 4033 6369 4897 9104 2617 
9329 643 6141 9533 3745 9153 1791 475 1815 4319 
7586 1119 9295 9223 7826 7519 2463 7904 1761 9247 
415 6749 7373 7569 6601 5551 9693 1271 2571 4849 
10 10
5541 5832 4549 8021 6211 3779 7926 8721 2341 2441 
9642 6571 9067 605 933 2601 7003 9975 1918 3201 
2422 8481 741 2185 6961 4499 6317 648 3637 1517 
9399 4933 6837 9355 641 3821 7331 1491 2233 1733 
5171 7409 7261 5729 1201 9507 8277 7881 2113 4631 
1796 8311 1200 9945 6520 4941 9038 6081 7130 5128 
6581 1001 2346 5397 5361 3550 7201 3362 3739 8111 
689 7289 8522 2474 2808 8399 9151 4573 4990 7157 
2370 9005 4132 8425 8533 5751 6233 5551 6211 9329 
1541 9100 6857 145 198 3761 4671 7703 5825 1379 
10 10
709 4220 2581 6941 7201 2249 5393 5281 189 8201 
8026 2829 5636 5471 967 1451 2271 3549 5283 2934 
5371 4931 7450 4021 8031 6564 3047 6752 6401 7189 
9957 5745 2927 6937 6263 8483 7601 3924 3187 2589 
8779 3749 9427 8005 6921 6011 3041 7597 3841 8361 
66 2165 1905 4081 3560 4941 3817 8613 1329 88 
1447 4073 7777 2561 3209 3729 4590 336 3161 9521 
5505 8369 1055 5141 2413 3025 3839 1649 5876 8187 
2501 21 5176 6785 8296 7105 2990 6623 1332 803 
1271 6487 1721 7003 253 5341 1641 3627 2641 3191 
10 10
4561 8476 7190 9333 9425 3298 1655 8004 3645 9589 
3139 4279 9256 4620 544 5242 6921 5477 8802 3441 
8835 8832 701 8801 7891 5776 6801 4473 4691 9402 
9396 1739 6136 5493 8005 856 4491 4535 3886 463 
3713 2123 2901 163 9133 585 7707 6017 6361 7801 
8006 7383 2313 2045 9609 6931 4683 1641 701 2412 
8343 5326 8001 6267 6741 9438 2967 5693 1401 6785 
3585 1646 1148 1165 8763 8037 9331 8885 6833 3017 
6618 1039 5937 486 6359 801 8517 446 4644 8175 
8137 3911 986 2145 1601 2171 3154 725 5817 6901 
10 10
5501 8041 9647 6666 6841 9647 8252 4701 6321 1423 
4089 7819 6661 1388 5081 6114 2449 5001 7576 8653 
5417 6661 3433 3757 9931 6986 3494 5101 377 5119 
3461 3383 9019 8934 9633 4137 7107 7379 7177 5938 
4831 1932 1153 4545 1201 6437 6801 1493 7458 5083 
6441 6079 273 8393 1136 1314 1404 8301 8831 5182 
2645 438 3040 5213 5689 3057 1321 3853 2806 2451 
6625 65 501 6384 9639 7921 3363 1041 4681 4719 
9566 6459 1511 3089 2684 8449 4736 1486 7323 2603 
6921 5775 5761 1495 2206 2341 6145 5371 3790 8301 
10 10
2751 8197 3363 6969 8552 219 3083 5501 7176 5721 
389 2569 881 5622 8443 237 1321 2576 2577 1245 
7669 3794 8821 7157 6951 9953 9596 1472 4926 7811 
1801 1646 7741 7201 5791 629 881 1253 9891 417 
5223 2059 7175 7461 2890 2605 6801 5465 6265 6361 
2053 6131 945 1 5345 1313 4885 8999 9391 8587 
7705 7665 1135 6608 5893 1247 6669 4798 1921 9396 
4355 2857 6201 7595 4623 5289 1141 3622 9039 1714 
5437 3553 6987 9708 481 2927 9873 9261 8177 4311 
6021 6201 1863 5622 4815 8679 9976 5351 6993 2861 
10 10
8496 8441 2631 3696 4616 6801 617 2413 9795 1944 
2859 5211 6489 3396 3877 73 5540 7880 5846 326 
3908 8496 2037 2024 6838 6437 4203 5334 7209 1371 
9865 3225 9585 6051 8495 326 1591 4591 81 891 
6211 6723 5181 8517 4861 8253 3873 7003 8346 9972 
9187 9297 3511 6912 6021 2609 9844 2408 8811 2826 
8461 9319 6837 4363 1461 2698 1921 2077 5697 746 
3976 3201 1081 2873 3533 6330 7001 6070 2110 6001 
7051 1585 9941 2555 421 3633 4751 5241 6597 2625 
4931 4177 9539 9985 4938 9626 4346 2369 1347 3060 
10 10
6388 2764 3343 3346 4419 2201 3009 3376 9556 8069 
506 8817 2408 2262 5091 3491 5035 5899 9906 9903 
8542 2509 2381 6462 613 1639 5918 8511 4862 4100 
8379 4388 290 8531 5809 8191 2768 8186 5031 3805 
9951 5559 9551 6101 2600 1301 3848 1853 8684 9373 
7545 6723 519 1105 735 1601 5481 5991 441 6277 
6495 6879 3041 5453 9926 7346 4765 5777 761 7251 
8704 2331 3526 1441 5001 1195 9217 271 8134 9341 
8525 3211 6993 1823 1531 6881 5450 9326 9681 8129 
6711 6135 343 3601 2099 9687 3791 6534 1376 1253 
10 10
1751 7495 5905 4291 4657 2561 2249 7251 8041 4695 
6251 7541 5684 7737 9657 5485 4661 8473 1021 5956 
2401 5553 6389 7318 6516 4899 2521 3643 6686 5121 
7651 8037 3489 9067 8401 4877 137 8876 56 4153 
8489 4161 8335 9901 1371 3729 2825 2905 6429 3694 
7093 2050 8450 5347 8746 3055 6169 4274 9251 2151 
8393 1577 8777 2171 4532 3915 1788 348 2486 4073 
9473 4576 4540 1697 5669 5585 2652 5989 5426 6761 
9999 1449 4202 2913 185 4081 2792 3726 9289 9221 
6697 2251 5347 2301 3183 6831 8729 2017 1630 5689 
10 10
161 3201 5233 8966 4626 7351 9071 4531 1873 9627 
9241 5973 4701 4387 2391 3258 337 2191 7457 4881 
4833 7665 217 5186 1513 4001 3709 2619 6701 7025 
1849 497 601 8581 9221 1376 251 1627 8974 8609 
3480 553 3671 3898 8732 3333 7128 2951 1890 4046 
5866 1250 1153 2521 8365 3231 5799 9911 3439 5021 
705 2971 8381 2159 1143 4747 6281 7417 7500 7189 
7825 2115 5414 9061 9 3732 936 8317 4456 3670 
508 6411 3214 5969 3377 625 2495 6693 4309 4376 
9469 7941 2833 3469 5685 482 3010 7207 5495 7261 
10 10
9760 2337 7449 6346 8244 3711 5876 7550 996 6953 
3777 5015 2895 5233 4481 2010 1921 1117 2367 5065 
8741 2835 4973 7172 569 8159 9629 2109 4389 7868 
3636 8785 101 4396 8305 644 6836 3631 5698 7351 
5345 5355 5544 5063 1399 9338 1351 256 3527 2660 
6371 4054 4401 9747 3057 4345 5261 123 7150 6353 
7621 9587 805 161 6288 5966 6831 7827 1276 565 
2523 883 4155 7161 1631 1111 9295 6909 9272 8014 
2337 4755 4359 9313 639 2093 2929 9596 2909 9217 
8439 4919 7513 1361 8789 7977 6089 9851 2853 4545 
10 10
3985 637 1361 3341 6273 7951 7161 6826 5901 7439 
8330 9330 7127 3578 6703 4287 319 71 1777 3506 
5217 4109 3238 2705 1491 9032 5080 771 4484 3385 
4574 347 5117 1489 2703 1985 4673 1578 4747 1691 
8936 2684 6277 7853 4123 3413 9819 7932 8897 1397 
4964 6877 5951 8434 444 3556 9537 9666 9346 8321 
2162 8513 8153 8261 3697 6889 8167 968 4265 4241 
6440 447 1017 2654 1 8201 7671 161 241 1271 
1677 8845 2035 6887 7416 3817 2139 6091 4492 4171 
8713 169 2240 3761 5328 157 8032 7410 6449 8183 
10 10
5141 8489 4593 9749 4021 3078 961 1130 3138 1709 
9519 3613 9625 6161 4966 3405 1269 7170 294 3525 
6718 187 101 3531 296 6225 4841 166 406 1901 
7876 7105 175 8601 5541 3951 6326 175 271 8293 
2606 6771 4851 2193 1271 7745 961 8341 3441 3073 
7089 6431 4441 5041 6093 9573 872 2416 6932 5128 
4311 6941 6854 753 737 1462 6937 7365 3713 433 
1994 8717 1106 8531 7829 346 7495 3325 7897 514 
2039 5255 8791 4578 8960 1921 2945 9055 2321 113 
5430 9559 2112 1415 5592 2991 7076 1749 2589 2339 
10 10
6813 1618 983 8196 2657 2531 7229 201 7666 8533 
4361 2765 6285 1901 469 6798 3176 2911 586 7950 
5839 8641 5053 1833 215 6096 4787 5736 4170 3873 
3805 281 3201 2113 5516 2885 6043 9707 621 6656 
961 9076 1085 4523 4321 1 9436 317 2963 4841 
5429 8049 4993 4413 1541 1271 7325 8778 5395 4875 
6658 9439 4166 3977 4256 229 1311 3234 1903 9273 
2859 4985 6838 5651 4680 6883 6482 5097 7689 9056 
2909 1473 2957 9361 2300 3109 1969 2126 6981 8566 
1772 105 6481 1085 127 5965 1971 6424 5377 1641 
10 10
5065 307 8789 3601 8871 6053 1029 9121 2900 6824 
1857 13 6130 7789 1611 6390 6583 2913 7575 801 
1509 4277 6257 7081 4817 3791 3881 8787 5517 7398 
4433 3945 8666 4251 5889 6165 8021 4864 867 1889 
662 2289 6281 5576 3319 3723 297 2975 3429 701 
6145 991 6301 8509 4707 9401 5601 8769 7177 733 
2809 3046 4001 7899 4999 3577 8601 97 7329 5587 
8353 3313 6561 6669 6501 3630 1 101 1577 2468 
2001 7319 363 4973 3135 846 5098 9577 9161 9787 
1899 273 5561 7053 1451 1009 7923 6925 6053 8451 
10 10
2969 3945 3180 9950 3297 7661 8653 8021 1867 4657 
1065 4551 3477 3587 5593 1397 3511 3377 2369 7027 
6817 5267 638 4189 7473 2761 7775 1073 9709 4015 
5091 6637 6961 6405 4369 9723 9673 401 5961 8221 
2981 2496 7415 7231 3843 6093 8661 1515 5561 1943 
739 7201 4751 8644 5041 6288 6177 42 3417 3776 
4836 8801 2301 4743 8951 3717 4129 9581 553 7087 
8469 7317 1123 6741 9611 8373 239 6543 3349 7589 
8101 5598 9809 7153 3281 2252 3416 3711 4183 8797 
1011 221 3005 7697 7179 391 8352 9690 1853 4302 
10 10
4381 2289 5978 9200 7276 1003 6351 691 1278 2807 
6015 5441 3401 3613 4537 8368 7636 241 3401 9465 
4146 469 9673 3082 3601 1228 3837 6587 7005 3207 
5219 5933 6032 8505 9697 899 801 7204 4989 8130 
2541 4699 7726 7136 1014 4236 6515 3777 1321 7069 
421 2273 3247 1276 1231 965 2340 781 3996 2455 
3370 3749 7227 4305 6541 5699 3961 6359 7671 6866 
6009 3851 2809 193 6797 6665 9091 5756 3783 6781 
7869 9257 4561 868 9201 5134 5761 8897 8469 3361 
6241 8001 2661 3105 2937 6235 5099 1961 1121 9867 
10 10
6171 1861 461 7533 221 6826 5996 9673 3021 7389 
5987 7669 6289 7624 8393 517 6874 1966 1059 3339 
5017 1241 6682 2377 5643 765 8337 8895 2993 5660 
9733 7397 4873 4041 7021 4601 5661 1407 8585 7617 
2905 6793 8491 1065 3777 9386 9637 4577 3604 6637 
4073 405 575 3145 3925 6435 1096 7846 5307 8991 
9701 7921 7356 9513 6637 6271 3128 9313 1289 6971 
3512 8866 6386 4098 745 9227 4026 2608 8699 2379 
9437 8921 7021 9801 7266 4389 8769 3660 3964 3506 
6331 8176 6996 2001 4241 2569 4781 7097 7493 4841 
10 10
3776 2551 8606 112 171 637 2826 1400 2663 9247 
6026 6696 3103 5026 5931 4873 5201 3470 9581 709 
9057 846 5902 739 3649 105 1409 3206 2859 3845 
665 7289 7151 7989 5879 8143 8751 8417 5079 1161 
5319 7380 1986 7169 7065 3809 745 8517 6937 6471 
6801 6754 6127 2753 7529 984 4134 4775 1297 4953 
9289 5301 7941 2347 150 1620 3123 8143 6999 8477 
6371 2241 3379 9991 7505 5739 8425 4597 373 1373 
1041 2488 4701 1671 6915 1671 9007 4466 6519 7601 
1731 1461 1413 993 3855 9341 9721 272 2555 1851 
10 10
5038 9125 3965 5900 5110 2776 1137 4739 3292 9912 
7329 6465 3465 7225 8808 8411 9441 6949 1225 1495 
4395 5562 8281 2149 9480 9313 2711 8295 1009 385 
2013 1671 1729 1457 4077 7041 4684 1551 2309 9676 
6777 3798 2489 377 4125 4061 1921 5565 926 247 
882 7436 7221 4862 3891 8419 2217 5065 6814 9413 
3861 7693 5361 4733 5971 7579 8937 3809 1769 8315 
8211 4715 4751 3294 7985 8699 8564 3221 7794 7975 
9616 8761 9157 2017 9687 2922 935 4833 1365 6503 
7946 1336 2593 6846 796 9830 269 3121 80 5651 
10 10
6881 2333 2241 3353 5830 6621 9889 6805 261 9934 
2133 9840 9801 9796 626 2321 4511 4377 2415 1876 
3936 6451 9967 9140 2173 9041 8385 368 7306 4845 
1985 4661 1713 3201 6821 3618 9851 7409 6860 5105 
4541 4946 2953 5821 1121 8401 2736 346 1583 5685 
4111 4768 6481 1724 8651 801 9620 7281 5697 7921 
3521 1993 1629 4431 3411 5025 5467 4880 9293 2682 
2971 9981 5816 9713 6973 1684 5823 6881 8021 5797 
3052 7851 3382 277 401 6591 5969 6048 2781 9493 
4243 8209 2995 4177 7013 7211 6520 4083 4281 4521 
10 10
709 7693 134 6940 4997 2747 6373 9553 7701 1249 
842 737 2101 8977 9601 7553 4899 3686 6412 8741 
5254 5571 1329 8393 95 1799 8361 4673 977 1591 
8704 3147 7624 5717 4321 1761 3562 8641 557 6556 
2849 9636 1606 5647 6697 4561 6251 9593 3547 2600 
513 3869 933 1881 9919 502 5455 6033 919 5683 
6361 3373 9738 4049 3909 9900 9281 5801 6033 8286 
6060 1126 6437 9951 441 7705 4732 9325 8816 9573 
7457 4346 9213 5501 3185 5982 1239 761 7531 9241 
7349 9221 2306 4669 7316 5025 1485 2702 4953 822 
10 10
9999 3260 2801 4791 601 7601 8991 8857 1901 3443 
6001 8401 2191 5623 4651 8839 1937 1356 6496 6371 
9791 6791 7559 7010 5528 9606 4811 6012 6327 2486 
4989 2876 3273 6765 1730 331 4073 1731 4209 1081 
5146 4695 7275 3463 9912 8415 9051 6139 3261 1669 
6761 8415 4071 7039 4321 6028 1536 9713 5263 3521 
9981 781 7041 4956 1961 9774 6021 5957 9473 4165 
5489 2734 8518 7337 8289 8713 3409 4145 2890 6359 
9841 9361 8660 4141 2009 9889 5921 8574 963 8481 
7929 3098 6785 657 1805 8473 1651 3431 5305 1481 
10 10
6593 7105 8145 5729 817 1861 1114 4665 2446 7225 
2448 6506 6560 9288 8559 2897 1971 1133 4233 2119 
3761 9983 5 3681 1857 6882 8599 5281 4293 8577 
4285 7254 9417 5009 7365 4644 8346 9146 5109 7281 
1727 931 6849 5441 1229 2494 9066 6677 3209 5340 
6105 6341 4133 6314 7607 5081 8069 2233 2817 2055 
3206 5931 5377 3741 1281 7768 9071 2953 6115 2655 
9024 90 2041 81 8931 5417 4731 5226 1321 2477 
813 7354 33 5761 2953 1681 9606 6525 8594 1077 
6981 4801 6141 5027 1501 7329 876 5173 3081 6401 
10 10
8115 9567 5851 1461 7126 9113 2736 1601 4753 3617 
7901 840 9201 1453 2051 9499 757 6391 621 4645 
6749 4211 1726 8049 4982 731 1528 4589 1631 7910 
7493 8239 6261 7205 1091 7536 7703 6973 9362 9495 
3805 1083 7771 9111 212 9745 2590 2080 3761 2592 
4661 17 9809 6598 5081 4150 8251 4721 5649 6666 
9027 4501 9900 4983 5057 2337 4653 6746 8247 6479 
5349 5786 7409 9485 761 3537 9945 3459 3163 4345 
8302 7985 7989 2344 5946 31 6204 8809 7512 6032 
8458 9742 2691 8745 1519 7002 2501 2985 4851 3336 
10 10
3653 5633 3356 7133 2861 5377 7216 6711 3281 781 
9793 8337 4501 1021 1714 5281 8876 189 6301 4616 
2149 2441 4741 2057 643 409 8115 113 3544 537 
2589 6351 4994 5753 6181 7153 2682 760 2033 1434 
1961 4969 5297 1489 2717 101 9030 9114 5299 6203 
465 8721 1411 5219 3313 2577 6846 583 5699 6801 
6767 8054 3908 519 3871 5520 6379 2221 7225 1471 
671 1332 9353 4388 9661 839 44 1833 1209 1761 
9383 2202 1456 317 415 1981 2351 6875 3674 8336 
1524 2003 3307 4457 1361 1529 2011 673 1978 8700 
10 10
5101 6613 6305 7051 2849 2030 1104 3836 9525 6433 
4340 6171 9947 5171 3905 3511 1697 3176 5845 1117 
9483 1391 9579 9973 6982 5286 466 9963 9059 8726 
5729 4407 6237 6961 3339 1301 9026 8404 9512 9735 
3821 1734 2449 2941 9845 4341 8681 1541 8474 2397 
3101 9433 8609 1097 9251 5329 4577 6660 1311 3624 
1857 3284 7621 351 4646 2963 6181 651 8841 6256 
9789 3183 8239 8241 5325 6265 9160 1377 9038 6717 
8261 2801 268 1545 5428 7092 2971 916 6825 1613 
5441 5425 1001 4122 2897 8981 5043 7272 1417 4657 
10 10
8864 2512 6576 1953 625 8020 4801 9101 2953 3006 
8552 8771 849 1719 1977 7805 9101 7275 4673 1876 
2721 3926 8219 3555 672 545 1585 2913 3521 1901 
7996 6139 6705 468 9761 3067 8681 9193 3527 6027 
81 4861 5961 2129 2111 8632 314 1833 235 4083 
1943 1472 9651 1337 5416 3711 4310 8317 8425 6793 
2931 157 7889 718 3829 8703 9363 2641 5861 2461 
6979 3489 4566 3741 9879 1105 3421 7752 1797 9289 
5039 8446 5751 3857 301 2131 8336 5666 8801 4587 
4441 3166 2145 2331 7923 7976 4291 5946 5729 4513 
10 10
6641 9225 6273 3425 7469 7533 4287 3101 29 6773 
6273 5690 8501 4851 5601 3923 467 9592 5229 4653 
499 5451 3550 106 1747 4281 3785 9763 6753 6471 
381 1969 7238 9151 609 3981 685 7346 1416 5533 
6782 4341 3319 9709 5389 2462 2181 773 8888 7272 
5011 5075 2068 9618 4239 5603 5181 6280 6482 6757 
7289 1449 4859 4261 1321 6971 4505 8377 5009 7701 
2749 9607 3721 7701 3121 6604 1332 873 3665 821 
9807 6845 6141 8943 8781 8821 9093 9576 1911 3577 
3627 3635 1794 3553 9726 9976 3996 2127 479 8397 
10 10
3040 6341 7847 8435 4529 7233 1005 8441 897 1565 
5381 5213 65 5089 3421 9345 8851 1209 6062 4945 
2541 5065 1943 9806 5065 7583 567 4365 121 7737 
2321 4351 9247 919 3101 5121 5710 7085 648 3605 
1043 497 6620 2486 2109 2413 5655 7340 8618 7969 
7601 6141 3825 3721 8865 9001 2563 8139 8325 3573 
3997 1445 2118 2481 8813 8870 7143 6525 6456 3730 
9417 6755 7591 2205 3381 1841 5168 235 8746 3821 
2881 9901 4433 4937 6941 7401 3001 4876 1402 8021 
7884 971 5679 5003 1857 1517 8189 4819 2519 5681 
10 10
8923 1947 2098 229 4618 4355 4062 6915 2939 721 
2089 661 6937 7379 9119 5501 9265 9569 2156 6329 
5005 9891 4297 9349 1539 6104 9501 8296 4417 9149 
8779 5971 4911 604 1861 2961 9616 5327 5053 5161 
657 3984 6281 1641 5201 247 4384 7653 9501 7138 
1426 6101 1611 4892 2705 137 7354 9566 4801 8571 
6457 3191 721 9257 7393 2609 5849 847 9887 5143 
1441 193 7617 6421 9377 6097 5249 5901 1249 9041 
2213 8325 173 8079 4009 2001 5409 8896 3271 801 
3553 6681 97 6490 4049 9611 7401 5992 8431 5409 
10 10
6161 2761 4259 4123 8641 7269 7841 5102 9105 9661 
5437 1819 7819 8038 4541 8095 9830 7845 3585 9183 
8593 6493 1593 975 7211 8991 8821 5541 5996 3973 
9285 397 6233 1911 1037 2897 7141 8376 6861 6221 
1040 3022 1545 5025 3145 981 3517 8801 5741 1539 
2963 8353 1197 311 4303 9496 4274 5941 6274 9545 
3189 6418 2541 1506 2167 5448 5740 7329 2938 4475 
1401 8435 5093 5416 9487 1432 1041 696 9443 7376 
8609 1177 4641 888 8398 9146 1130 3401 8259 7797 
9264 7733 5121 8673 7276 5213 6493 7681 9161 7101 
10 10
1037 7441 871 6993 2001 7490 6901 9647 967 8613 
1443 5901 5101 3171 9686 6737 5636 4499 7288 5381 
6497 7939 5447 6255 1801 7601 8505 8061 4454 3359 
917 6049 1430 6775 3535 748 8061 9731 8110 6584 
4261 345 5440 6101 634 6169 1055 9313 3047 3269 
7036 8063 3426 1153 2866 81 1761 2391 2018 1253 
1 749 8201 1290 4931 9903 161 9830 2187 3251 
6594 9415 6967 7886 2609 3601 5019 2601 3885 8951 
4973 7235 1376 1920 5476 7789 7966 4237 5483 2001 
437 2553 9081 2601 8216 8941 4841 2677 7353 8691 
10 10
1601 3341 4799 4385 9241 6865 9345 9426 6861 6701 
153 1103 6675 9257 4131 1915 7185 9145 1961 3701 
6620 9169 3481 2912 2721 8171 9261 7501 8767 5646 
3802 4932 3003 2793 2917 3821 8047 8137 4155 6243 
1079 6171 9403 9855 1595 4051 4064 1129 6175 8785 
1137 6961 6501 9756 7047 9525 9028 7605 2529 1599 
8465 5793 9611 9777 1701 626 8591 5437 9835 7525 
706 7216 7206 6819 2152 7601 2476 4431 3765 6549 
8949 1393 481 5093 1393 9413 81 9599 8911 7204 
1348 1111 6051 1894 4603 6536 1143 3201 296 884 
10 10
8088 7341 3273 388 2911 3826 3324 7577 261 9985 
2001 7936 7201 6261 6738 6983 307 9626 8301 7624 
9095 575 5313 2173 7912 2876 9417 2681 6071 1057 
4449 7001 9445 2297 7721 7371 1409 779 8227 325 
4680 4347 2149 8649 3916 3851 1204 5073 871 5373 
5928 2206 3522 726 8663 8896 2967 2115 7797 8315 
1236 6141 2113 9125 6241 4751 6378 1144 8890 4815 
756 2421 10 7025 7057 5425 841 1443 435 1132 
6884 9201 985 9112 5921 2541 825 5761 9447 1587 
3761 3013 289 8211 1287 1481 621 9905 1651 9391 
10 10
2551 6737 1533 6866 8540 2156 9758 7681 9867 7911 
9937 2881 9105 6071 7002 1600 8473 1033 7809 1140 
6269 5713 9137 5725 8993 217 9525 7701 9577 9956 
9936 7311 7567 451 1833 6964 2968 610 2210 1551 
7750 4157 2350 7286 3334 2751 6453 1276 6489 8121 
889 1889 3893 3570 2213 5825 8652 7117 4354 9705 
7961 2721 5850 1376 5053 2873 6739 2214 949 5108 
9531 9045 3271 563 7402 6321 7497 961 6113 8513 
9876 4577 335 3800 7776 291 3768 1889 6391 8655 
2628 7928 558 8413 9667 9601 7701 2728 5521 3031 
10 10
9409 9096 2451 4513 4989 1017 881 689 3851 1251 
8063 2691 1361 5420 366 9001 7345 1869 3839 6271 
8353 8065 4849 422 4827 4133 4529 3094 4459 9686 
2711 3279 2631 2208 5771 4891 9621 1211 8036 9125 
1360 4761 1861 3761 9131 5833 8889 1328 3747 3735 
4114 2513 6001 2046 5481 7183 5900 8930 527 9426 
4439 2551 2409 6725 4131 6917 3534 2921 7816 1525 
89 4113 5377 4749 3203 8695 1476 5585 7645 3521 
1903 3957 2456 1521 1861 9433 4360 8505 8849 9870 
4329 3126 3081 7883 6186 1101 1 6236 8465 3911 
10 10
3201 8361 9201 2885 7635 2305 5196 9709 6301 7576 
4981 6299 8185 6225 6102 4693 9533 4626 90 798 
861 6029 5521 8751 8841 3909 1831 8008 7161 5163 
2637 6649 6477 8387 3115 2424 9941 1979 6105 5097 
1275 301 2498 7921 5972 2485 7375 7081 2669 3917 
753 4820 3925 9178 8205 5380 1443 8424 2964 8547 
2606 49 9897 3265 5547 4645 1425 9521 1101 7201 
6970 9001 4792 4721 9925 2961 5151 7015 7828 6497 
6036 176 7864 3293 2025 1429 8665 9985 7789 881 
2297 4577 4517 4421 8465 6223 2773 2157 6341 2326 
10 10
161 4761 175 151 9738 8089 6594 1863 6809 543 
4639 8608 9915 3511 4621 7963 2641 1989 749 7373 
3776 6106 5577 1561 9617 4931 326 8525 5785 9045 
6466 5689 7773 8031 6865 8863 6121 4861 216 5866 
2049 7567 7725 2632 3950 3439 3293 5281 7334 706 
5605 985 387 329 9699 4943 8241 8265 6361 2894 
3409 7393 1761 8057 2827 3894 5639 886 1885 5558 
5387 2851 7923 6605 8646 2091 7874 282 426 3381 
8811 8881 2250 4971 3039 8823 9566 3976 8839 4569 
3371 2920 633 5181 4192 4451 2521 9833 9249 4263 
10 10
894 2217 1298 6825 9487 4780 6147 3585 8209 7413 
7519 1661 8536 7711 7119 8951 5145 8749 9085 8707 
7601 264 9069 8977 8930 9909 7401 525 9791 52 
7495 6295 6553 7498 1742 9305 5002 5451 7903 8407 
2734 6115 381 274 9481 3611 9649 8024 7248 8385 
6049 1917 2341 7969 3331 8974 7953 7055 5939 6177 
3961 8011 6303 4856 3045 2725 6641 2833 6616 1338 
1588 3569 7349 33 4816 1281 8993 2876 8882 1474 
7617 877 2406 7753 3905 4582 5581 1698 6241 9651 
441 7836 8251 6001 6345 906 4311 5986 5485 6305 
10 10
5286 1303 6258 4221 8477 8001 9851 9797 1321 4861 
8721 4834 3796 8994 5379 9061 4153 8901 151 3145 
7186 7787 4811 1961 2394 8299 2479 9942 7129 6292 
4861 5177 4282 4642 6918 6937 4411 7521 49 9201 
529 5339 6803 6021 7654 9485 8877 6521 5009 8721 
3153 7951 1036 9357 7731 6174 8166 8801 9723 7827 
8859 8861 9297 8894 2222 2001 9307 4085 5418 4971 
3337 7607 6121 9635 6682 9178 6856 7312 9502 3079 
3641 341 8671 3041 8567 5471 5721 941 9154 227 
2411 4905 6017 6405 8349 9429 8391 2351 9017 4789 
10 10
2081 393 702 6031 3126 9827 6385 1001 1032 1193 
4561 9569 9246 6891 8618 2110 2263 1753 7345 2441 
8201 7334 4959 3801 3677 1353 251 615 9306 9393 
3495 3361 5161 2829 8227 9598 1113 617 8205 5560 
5776 4577 9424 2497 9227 5914 9921 108 4327 8647 
6721 1971 1081 5541 1451 6537 8113 1653 7359 870 
5337 1513 932 3026 1621 3670 8067 22 3868 9537 
1081 8391 1501 5557 2727 8176 3668 4353 1521 3338 
8845 5893 5487 2641 4751 3200 7467 6505 685 7188 
2929 9223 2435 7179 81 8887 1271 6391 5318 9117 
10 10
8721 6281 6360 1675 9711 1902 2395 6785 9951 4065 
9031 1310 5752 925 8421 296 6873 5982 133 901 
8817 1781 3753 8341 6375 3968 7697 9176 8873 6819 
2537 3761 7181 1339 861 9788 4025 4081 6257 2621 
2477 1315 3577 2418 5881 5443 8951 6824 651 7856 
4761 3521 9127 3653 7400 7025 5305 6361 4547 8946 
156 3809 2273 5909 7795 421 9167 7219 4396 8017 
3146 8681 3573 965 9216 649 2061 3241 4341 4977 
8241 2155 653 8785 9015 9270 9276 6769 9295 5297 
7353 3408 918 3164 7153 9468 6881 2821 3501 8757 
10 10
8878 670 3978 1041 2983 2461 140 5214 8358 6925 
6167 1863 8171 2062 4935 9561 289 3651 853 3149 
6816 2251 9475 9177 8401 1177 1961 2156 5089 6067 
721 7592 7961 5641 9331 9375 7858 8951 8801 8151 
9385 9681 3316 8396 4305 2026 4101 6850 9430 5849 
3095 9484 9560 1169 2001 8851 2309 6749 6229 2711 
5877 9956 2583 9751 1020 8801 6163 9512 9985 8001 
5884 9790 4509 3201 689 985 300 1681 5383 3571 
4002 4521 3805 3721 783 2005 2993 9879 8936 3226 
2385 9192 1597 7942 9081 5270 7176 4101 3137 7565 
10 10
7501 7985 7403 1539 5041 9145 2686 1299 8039 8217 
1597 4656 5521 6051 7491 1124 2766 6113 5829 4155 
815 7041 3617 951 2597 8947 2493 898 3841 8775 
4881 3649 7757 3310 4387 754 8160 8661 9789 2395 
5193 3409 175 3 9255 3057 3381 2922 6337 1697 
101 4876 9905 4677 6303 6930 5481 8043 3289 3358 
71 7889 1458 8092 5561 7657 1979 9915 7387 7731 
9001 2304 8480 2510 4291 7621 5721 6430 8199 2125 
6801 3851 8009 1001 7466 1256 9211 7995 3045 3393 
5826 8921 3291 8981 2353 4225 991 3388 5436 5801 
10 10
5741 7363 5471 951 2385 3796 5017 9081 9027 2801 
9821 7440 241 623 2959 5937 2915 7061 9438 3631 
9155 7929 9399 5452 3073 3661 5045 3961 2413 9521 
7253 3609 8673 991 8845 6137 1549 9139 6899 8951 
7021 5353 287 6701 9097 916 1573 8479 4809 7601 
6241 433 2453 3015 5569 5251 8773 257 2567 6315 
9161 5025 5727 6662 5289 7565 5589 6713 8639 8366 
5428 4934 4225 4971 9241 1811 3037 3139 5403 4490 
6751 8705 5151 9705 9293 4196 5554 6661 4041 5393 
8937 8353 8925 2249 1577 9045 7729 9422 2880 8196 
10 10
9194 4985 1319 9849 9527 6915 9829 8186 3861 2481 
6021 765 4101 75 3505 9066 5993 1705 2853 793 
9763 8628 8050 703 291 8083 9665 173 4385 8041 
3485 5130 8313 1267 6111 9317 821 405 7601 3891 
2416 5227 6985 8573 2717 1393 2731 433 4005 8783 
780 9991 8177 941 4261 8335 5080 9621 4353 4453 
1871 6112 7606 2641 7791 4681 7751 4306 6812 7931 
1393 8727 2235 7987 201 8487 9436 4342 7516 6167 
1061 8893 7323 7681 5675 5261 501 2193 8225 7151 
1246 5403 8946 9685 5293 1084 3133 8951 7520 5911 
10 10
8571 5601 2161 1637 7121 7423 1236 9833 5601 301 
1281 637 7097 4097 596 5296 9366 3761 5897 1567 
6508 977 4151 3213 5175 3809 9358 8216 5673 3357 
5417 6481 9626 2517 7012 3681 6803 2226 5110 7141 
5491 1353 477 8623 360 2877 5617 4785 3361 7511 
7181 5941 3026 9617 2879 1389 8465 163 5911 481 
2937 4761 2385 5001 7265 631 5999 1795 8859 4270 
7761 7001 3975 931 5411 6274 7379 4229 313 2466 
1169 1924 5201 6874 5427 7717 9841 5231 938 7833 
436 5409 3056 2804 4881 7457 4074 6021 966 713 
10 10
5274 9194 2331 6981 2805 8736 9975 1039 1018 7911 
2351 6161 7255 3877 4264 6924 6016 9575 4481 201 
9524 2269 699 4089 4573 1797 3420 7719 1844 4593 
1425 5486 5646 969 417 5467 141 7811 106 9881 
7665 8241 9085 8962 8978 9229 4214 5926 3085 2286 
7990 5691 6773 3742 8065 3324 2871 4149 1697 2521 
1527 5535 345 1675 2457 2477 6847 6485 7777 8083 
3631 7073 9841 5111 5707 1495 6781 4795 1956 7847 
6581 4330 4169 2457 223 3185 1541 626 8208 9781 
1553 7271 1521 8263 1429 984 8306 9417 998 2950 
10 10
1319 4770 9745 6340 5997 7321 2433 4064 6145 1581 
2201 2321 5409 4209 2048 5046 7345 6292 7425 6097 
4849 2684 2553 4041 9145 2665 4243 7921 4893 2057 
9297 1353 4461 4805 5198 305 3489 9154 547 3541 
3505 1125 6621 9513 6271 4031 2977 2945 6073 4981 
4567 8552 1138 4161 2136 2596 2757 4530 8616 3563 
7541 7109 3501 4653 7041 6991 5015 2731 8085 3253 
873 8171 8382 5835 6720 1367 2437 1898 3869 4521 
2668 7501 8862 480 5484 9011 679 4278 2253 5937 
9165 8385 8439 101 8056 1749 9128 6020 2906 4651 
10 10
4460 8937 9290 3032 3903 5617 8917 1376 5201 3591 
505 9056 7241 9315 7372 2261 2731 2346 4241 4747 
1486 5466 3969 8597 7521 7389 3811 81 4593 7403 
3300 9601 4606 6282 8101 6151 1573 2978 4709 8053 
6934 3553 9197 3041 3927 9481 9712 8515 2929 6396 
6551 2908 8748 4856 9153 594 9773 8459 6142 638 
4181 3561 8476 7591 5938 5319 4263 5331 748 5567 
7386 945 2133 4699 219 9385 9606 9295 3479 3265 
1065 3824 4052 2208 1411 7715 3484 5191 7521 7687 
6137 8697 5056 351 2597 6638 8053 5269 6063 8721 
10 10
5626 1372 6243 6121 1647 9894 6435 6451 5667 38 
8781 1131 6753 8167 659 7261 6929 8874 3513 477 
5773 8597 6130 5308 6573 9461 2551 386 8257 5659 
8811 2033 4995 3401 6029 9031 9841 3311 3058 8028 
9501 6809 9420 2911 817 7221 5361 5821 9501 6737 
185 1661 4057 1866 7644 6901 5737 8653 6810 8865 
1522 473 3120 7046 8781 2036 5801 796 7681 561 
6050 1285 5301 1376 5581 5241 7646 7327 83 3579 
3579 5387 8604 3047 9489 3731 3736 352 9351 3486 
6281 5580 9765 4540 6416 9130 7321 5311 1289 5263 
10 10
4373 901 7541 8209 8840 4907 2581 1731 2077 5481 
7808 7593 3281 8936 759 6811 3568 7813 1465 3902 
4359 4507 3701 9251 7841 5940 7624 7243 8845 9774 
4570 1043 5539 4273 7873 1851 3645 7121 5825 2435 
3187 1151 7581 6055 4127 5599 5171 2792 8257 9021 
2331 9903 7041 1769 8436 4167 2552 3080 7005 8651 
8769 6343 3121 1921 4817 489 4319 7256 9869 3363 
4996 5321 1223 2266 3745 2026 6069 7529 7841 7576 
5075 7847 2457 3047 9683 5773 3631 6090 4502 4683 
8315 708 2481 9233 6177 8471 1441 2936 4223 3399 
10 10
9183 4785 5575 483 4956 5949 3221 31 3217 725 
8641 9436 3777 7408 2103 981 2680 6844 6641 4585 
4962 374 9001 8197 3373 694 8641 7281 8201 5018 
7581 9831 1341 587 7881 6369 4325 3188 5964 7617 
8269 8320 9231 757 8389 1451 8265 3969 3197 4164 
617 7301 3337 1629 1337 9745 3281 171 3207 661 
617 4527 7445 8409 8081 3750 4733 5703 1461 3981 
9101 6381 2559 7400 9331 7025 8021 5198 8791 4217 
5606 2097 3830 9199 3751 2853 21 7569 9645 8947 
6258 1281 4726 4384 7501 3604 8417 6017 2595 9321 
