2000 2000
43 33 43 49 35 21 10 10 38 10 3 22 10 41 2 15 25 7 0 31 21 7 6 26 6 24 19 47 0 36 18 26 17 22 42 25 19 9 40 17 11 0 35 7 18 17 18 26 37 41 49 10 47 11 11 46 23 3 38 9 12 19 14 32 31 50 26 45 4 44 0 7 42 30 4 42 43 46 13 27 35 9 35 4 2 18 18 38 3 48 43 43 25 17 17 50 50 14 19 8 5 39 10 49 11 46 45 13 30 10 36 24 16 1 24 16 9 1 32 36 23 7 0 50 30 13 46 4 1 8 0 8 21 15 39 43 16 4 49 35 11 12 24 44 43 15 21 47 37 26 17 15 5 45 14 12 35 23 3 44 20 0 46 35 33 42 27 21 42 17 4 31 26 19 32 13 44 28 18 33 11 22 41 21 31 47 28 27 47 25 47 5 3 27 50 23 3 14 47 23 31 48 9 8 27 43 17 34 12 28 14 24 47 49 8 5 49 35 36 25 17 27 8 47 19 50 42 37 4 10 13 40 43 40 4 40 7 37 34 29 48 30 4 3 6 50 45 15 39 3 1 50 5 24 33 12 24 40 17 11 17 15 24 29 32 2 19 6 14 33 1 7 3 50 44 45 1 3 16 20 30 24 4 49 11 8 11 29 32 43 33 41 34 48 48 7 26 30 31 43 25 24 37 1 46 39 20 20 9 9 8 43 21 1 41 48 7 0 13 10 45 21 29 28 33 33 37 27 15 50 6 40 43 25 43 26 42 32 5 33 13 0 37 15 45 38 2 41 45 8 16 46 18 20 41 25 49 10 50 6 37 1 28 30 13 47 41 39 20 30 48 30 44 10 3 46 48 5 13 27 14 39 2 7 44 1 34 2 3 1 41 0 18 27 49 22 26 16 27 43 4 47 9 19 12 47 21 5 27 50 25 12 10 8 21 42 15 19 10 19 8 32 12 15 5 33 31 36 28 12 9 10 29 0 38 39 36 50 33 12 13 1 3 18 17 45 34 1 3 5 44 29 32 1 47 50 14 25 28 23 4 33 11 8 34 35 1 38 32 50 41 18 8 34 35 35 38 28 40 24 32 14 17 9 49 32 0 26 49 1 5 4 48 15 6 20 41 44 44 39 33 38 12 21 28 17 23 17 27 48 9 44 9 16 1 16 42 22 36 2 41 15 34 4 31 43 10 34 21 38 17 41 31 25 44 28 34 38 44 29 42 18 19 23 42 17 41 20 19 39 27 26 32 27 24 35 31 34 16 6 13 34 17 49 50 9 50 38 47 47 34 23 40 49 11 38 11 18 24 17 4 8 0 21 5 35 3 18 46 15 42 1 8 12 49 20 7 15 39 1 2 0 39 37 38 5 50 17 13 23 7 9 34 17 33 19 29 32 11 2 13 1 2 31 28 30 44 20 40 41 18 45 11 6 9 36 5 38 31 26 28 50 49 32 14 26 46 18 1 48 43 45 37 17 21 26 45 23 7 15 24 4 18 2 24 18 46 8 36 11 1 20 11 24 1 31 25 33 27 11 10 5 32 14 46 16 41 43 23 42 49 40 43 31 10 26 9 41 28 35 23 0 41 14 42 44 3 39 25 48 25 12 42 28 15 37 26 31 20 22 3 2 2 7 21 30 26 27 23 10 40 0 31 50 43 45 26 44 28 11 15 43 23 31 12 13 44 45 3 18 34 21 37 50 27 33 48 44 29 50 28 31 32 34 4 1 23 14 42 45 0 36 10 37 45 1 36 42 38 50 8 3 34 31 30 25 33 26 20 43 29 42 50 10 14 27 29 23 22 43 8 35 50 13 14 3 36 47 13 9 3 18 0 15 25 6 1 19 39 32 7 10 3 3 30 23 44 35 17 26 32 17 40 21 22 35 46 46 43 42 14 1 38 11 4 42 29 43 2 38 26 25 31 50 48 34 5 2 27 46 47 16 37 30 28 15 12 20 2 24 40 20 5 28 34 12 26 14 37 27 21 0 27 38 46 22 14 16 34 48 35 46 26 22 25 13 3 50 15 31 11 16 40 6 0 20 19 38 50 34 45 17 11 2 46 6 17 50 37 36 44 44 46 29 10 45 7 38 11 10 3 6 33 4 13 42 40 44 12 11 24 30 36 27 14 18 30 49 0 27 29 42 30 37 44 36 22 26 27 14 37 45 20 30 6 37 18 10 47 0 47 0 22 18 34 2 23 9 21 5 5 45 12 9 46 45 3 42 49 26 19 23 21 9 9 48 36 47 6 31 9 11 15 29 17 47 17 36 7 28 16 14 39 36 11 6 43 30 42 37 3 17 45 37 48 16 30 9 38 17 32 15 17 14 35 27 35 6 10 41 23 12 14 8 41 30 39 3 13 30 23 35 29 38 50 16 46 40 11 8 28 2 7 44 20 26 19 19 1 35 45 5 29 11 34 39 17 36 10 4 21 45 26 6 39 17 48 34 30 47 3 7 16 15 15 3 37 26 10 42 40 50 25 12 18 24 49 36 3 3 21 24 9 18 36 16 19 42 48 50 50 25 1 49 44 7 45 15 0 47 48 47 47 40 45 46 30 13 13 39 45 28 7 17 9 25 46 30 36 49 8 17 45 14 45 41 19 0 15 17 31 41 13 17 43 16 24 33 4 31 46 36 1 2 14 38 14 8 28 6 43 29 15 12 3 25 43 20 7 50 44 40 27 6 29 31 36 25 10 15 21 41 48 22 44 30 9 29 25 17 50 18 4 4 8 15 0 31 4 50 23 11 30 19 29 1 26 40 31 42 22 41 13 38 35 45 28 22 17 12 13 7 18 32 50 0 9 6 43 29 6 17 34 24 3 35 39 20 11 5 21 2 30 26 8 18 37 40 43 8 48 26 3 36 25 40 37 36 26 27 46 5 35 17 31 45 18 11 33 25 45 45 14 6 42 20 9 24 21 17 43 9 42 23 25 7 18 35 22 19 6 24 29 29 2 2 10 14 22 22 48 44 8 35 43 31 7 41 8 4 0 34 31 20 10 40 42 33 34 11 38 44 6 40 16 43 46 19 31 27 6 26 34 9 26 18 0 25 20 31 24 11 1 18 40 34 23 7 20 20 49 40 4 3 48 31 28 1 12 44 21 23 3 4 17 20 50 11 44 15 48 26 0 33 43 13 11 31 45 24 14 20 6 48 1 15 30 32 34 49 39 4 42 34 7 50 40 18 12 29 2 13 15 27 9 18 18 3 39 47 27 9 0 22 13 21 13 12 39 35 18 15 11 6 45 46 5 49 16 21 10 34 14 33 33 6 37 50 46 38 5 27 9 14 36 48 3 14 13 43 42 1 19 21 21 1 34 50 30 2 41 32 29 38 19 40 45 10 21 3 43 10 42 7 3 30 48 6 27 39 7 12 29 20 3 33 30 17 3 28 45 10 34 18 46 40 5 34 1 24 4 41 45 25 29 16 1 34 20 3 22 38 0 13 27 20 34 20 15 50 38 22 5 50 17 27 46 8 28 13 40 17 10 41 2 1 45 47 38 12 26 37 25 25 26 3 9 1 43 17 17 12 14 1 0 31 19 43 25 31 49 20 33 49 3 16 42 25 5 2 0 33 2 2 0 40 37 12 39 16 28 44 21 19 26 33 21 28 16 18 44 47 46 50 50 2 37 32 22 1 13 40 10 39 38 17 19 9 36 31 26 31 13 23 37 12 12 1 41 10 14 24 38 49 16 23 40 3 17 32 46 35 44 9 31 7 31 34 47 40 22 8 39 40 6 15 38 40 32 1 10 38 23 12 44 28 31 20 41 47 28 46 16 1 25 3 44 11 2 44 32 17 26 27 21 49 5 23 33 14 15 17 44 7 0 23 31 21 39 1 30 23 3 42 1 22 1 25 31 39 14 48 39 39 45 18 19 23 35 39 1 14 35 22 0 33 3 36 25 41 3 13 33 17 28 7 49 47 21 21 13 30 5 42 49 41 9 7 22 23 16 35 6 48 5 42 15 11 3 8 15 1 29 32 23 9 16 23 47 27 31 20 1 47 40 49 43 0 5 38 13 5 9 4 13 27 15 15 11 40 16 46 50 36 40 20 4 38 49 23 45 38 46 14 2 11 5 45 42 9 34 28 19 19 2 50 40 41 0 42 33 16 49 32 26 45 38 33 50 32 2 46 36 8 32 16 48 24 36 24 10 39 17 41 19 40 29 27 40 16 44 33 30 39 48 34 30 17 8 16 42 25 40 37 34 50 27 19 28 46 4 7 19 11 31 46 33 11 1 33 32 16 27 37 46 36 21 17 5 47 20 12 16 2 43 38 42 15 1 2 19 23 46 17 40 50 22 47 31 16 1 28 38 21 39 24 8 8 44 13 36 4 29 23 23 10 33 39 15 5 18 48 50 11 45 31 14 20 17 7 50 19 49 24 5 28 25 50 36 17 0 46 3 46 8 46 7 16 48 44 47 2 24 48 9 28 25 27 0 11 49 16 27 7 33 37 13 28 11 9 5 28 24 11 40 37 36 1 0 0
1102 1430 7
104 897 8
1010 1397 22
1989 1998 22
166 685 4
1588 1894 12
761 1317 3
416 681 7
653 660 35
1552 1942 20
1344 1505 49
1076 1088 31
784 799 30
1514 1774 22
468 931 19
1951 1986 26
1653 1758 19
825 1057 30
1607 1660 46
381 1576 42
1817 1921 29
1154 1668 19
1032 1325 4
934 938 34
1046 1347 24
13 463 14
1101 1623 32
546 1115 37
902 1062 26
699 1535 1
906 1787 18
1795 1837 27
1704 1894 43
277 1601 6
32 1252 13
1203 1625 13
104 1273 15
545 671 7
1265 1786 48
284 1219 32
1734 1915 25
1761 1814 19
920 1162 1
59 1815 43
1114 1821 21
1980 1984 5
1645 1764 15
1710 1791 33
741 1564 39
432 1864 49
83 1375 1
515 1717 30
1668 1934 23
1157 1188 38
1457 1953 17
1853 1939 48
317 1037 8
987 1168 50
304 1751 47
886 1006 29
1833 1862 14
858 1490 11
354 426 34
1309 1746 44
1962 1990 29
650 1662 40
297 1843 47
1421 1476 41
877 1492 18
27 947 27
1033 1279 32
484 1060 48
1274 1730 28
1699 1722 40
881 1638 16
758 1450 38
1563 1665 2
1296 1352 25
761 1879 16
454 755 25
1132 1681 4
378 684 12
304 1066 5
373 900 33
836 1410 21
1603 1634 12
1468 1863 45
298 1788 10
672 1624 5
1060 1821 22
913 1475 33
819 1427 5
71 984 28
1906 1922 28
1307 1486 4
521 1490 14
605 644 14
480 1329 46
507 620 29
115 919 18
929 1415 1
546 1038 49
1014 1260 15
446 1911 44
540 876 38
315 986 30
753 1795 20
1012 1572 38
1169 1428 50
1144 1713 25
1642 1862 24
1466 1641 23
599 1204 14
1052 1072 31
501 1159 40
517 691 6
1364 1667 27
207 1222 24
1973 1988 3
1150 1828 28
855 892 26
1903 1983 26
620 873 1
1340 1534 28
719 1831 25
653 887 49
546 1453 23
1348 1682 7
1202 1608 4
1673 1820 26
710 1788 15
718 1959 39
604 1332 18
522 1877 9
1335 1565 26
1425 1745 1
131 752 34
1927 1965 15
1973 1993 28
1524 1615 49
1049 1327 42
873 1060 18
765 1428 5
1940 1987 19
1975 1981 12
1813 1953 6
383 1904 49
1555 1612 20
1421 1658 40
1768 1919 30
993 1843 16
1899 1899 15
624 1828 32
1301 1523 45
700 1131 15
1919 1986 31
346 1745 47
1362 1877 16
1081 1930 5
185 1315 27
277 707 2
98 1736 36
276 1828 18
1219 1763 24
37 841 8
1923 1985 31
1670 1900 47
123 1994 2
654 774 6
342 843 18
1262 1587 7
277 351 45
759 1604 5
1331 1841 0
1793 1795 46
734 1236 3
1175 1183 41
1653 1873 18
32 215 33
1311 1976 42
989 1898 10
1249 1734 18
877 1319 7
1274 1694 9
471 1715 34
650 1253 37
920 1472 5
1954 1975 15
1833 1865 5
1608 1953 23
1188 1267 33
229 1860 31
415 1321 47
385 552 14
1818 1903 3
1701 1842 5
305 305 16
1756 1794 48
471 1817 41
1402 1862 28
1801 1828 20
381 544 39
1092 1557 19
230 490 32
91 1922 13
1521 1749 27
1890 1987 4
1332 1808 33
1027 1297 23
1508 1654 46
1237 1238 32
1913 1985 32
981 1954 40
1762 1898 41
657 1809 31
1656 1695 0
1256 1273 44
599 849 24
1983 1994 27
1590 1621 36
1622 1712 49
1682 1850 49
543 1708 44
835 1468 41
688 1563 44
1226 1387 29
1732 1755 0
1860 1880 15
1651 1876 25
212 1823 2
1325 1998 45
534 1976 11
1348 1909 43
1346 1627 23
164 325 44
1620 1829 44
1186 1798 26
956 1081 4
1569 1657 38
720 1011 46
1601 1819 42
104 1733 40
1337 1627 10
2000 2000 37
1883 1957 29
1764 1958 7
277 1614 9
936 1698 49
791 897 12
961 1847 49
1225 1515 28
1373 1485 3
198 636 47
1974 1975 34
314 716 16
170 1177 18
1451 1476 30
949 1962 31
606 1335 19
1598 1999 43
1333 1615 28
1342 1570 45
1293 1412 39
1457 1488 35
2000 2000 40
1825 1837 17
381 1499 33
914 1836 50
1424 1484 30
1006 1361 15
1759 1801 27
631 815 34
610 1241 9
522 1482 47
388 1720 47
235 859 17
1665 1888 20
423 1352 50
268 1717 46
570 1132 6
1682 1950 10
4 1373 23
419 1007 14
1069 1164 21
294 1263 43
810 1390 40
1325 1435 29
163 405 21
498 942 46
1820 1953 6
550 1700 23
1085 1587 43
570 1697 27
781 957 11
1248 1865 16
182 1315 29
702 1712 43
1410 1559 32
1569 1728 35
564 998 1
1871 1946 41
1464 1742 35
1857 1977 42
1724 1760 43
1652 1810 17
1160 1833 40
1589 1820 12
429 1465 25
1335 1809 8
1022 1264 48
1719 1861 34
1161 1861 6
837 1567 6
1793 1875 45
546 1808 41
884 889 17
604 1319 31
1615 1924 33
1894 1989 35
1972 1987 47
347 994 15
1587 1832 40
89 1438 39
600 1956 39
1031 1781 8
76 771 7
1974 1997 8
1464 1951 23
1596 1872 16
992 1309 34
832 1335 44
1289 1665 40
834 1870 24
1758 1766 11
1882 1896 40
284 1741 36
880 1092 41
1820 1921 38
80 1574 38
276 1885 12
1415 1618 39
1962 1996 10
1236 1868 3
1894 1997 20
1825 1911 25
1469 1914 15
1715 1841 39
1089 1694 44
451 1852 21
867 954 25
401 1869 35
1390 1643 46
804 981 21
125 1194 43
707 1739 8
1209 1641 33
678 1439 40
1741 1742 49
1684 1775 11
329 640 14
800 1413 24
1541 1730 50
1650 1906 45
1368 1526 13
257 883 27
1594 1984 0
424 1179 31
1759 2000 27
1810 1908 50
93 184 22
1924 1975 20
1698 1858 32
1059 1668 33
509 1627 3
1048 1099 16
1196 1326 50
171 1179 41
395 1379 46
405 1045 18
388 1088 38
1651 1981 27
1535 1588 25
1343 1945 13
1222 1911 4
998 1614 1
1639 1999 23
1023 1040 33
271 1289 38
223 1875 9
2000 2000 45
433 1269 8
975 1402 46
1007 1792 6
1010 1122 43
1629 1709 36
100 1482 31
1435 1629 9
1947 1966 48
1938 1951 17
576 838 40
504 1608 9
1990 1998 37
7 824 12
1018 1277 16
1478 1858 39
1640 1660 48
1699 1914 35
593 1158 5
156 409 31
65 1109 43
1879 1947 39
429 826 37
1435 1490 27
827 1460 7
270 1329 41
778 887 40
1248 1477 4
832 1546 19
328 1105 20
1406 1427 15
645 816 15
1813 1971 32
1791 1856 4
639 744 24
928 1904 25
1996 1997 22
602 1951 17
233 1453 17
794 867 44
1990 1993 24
1432 1560 6
619 1565 6
280 942 23
1463 1875 12
680 1576 47
1513 1708 37
1552 1623 26
766 1264 15
1882 1977 48
957 1832 42
1694 1895 21
1863 1881 20
1409 1926 4
1741 1763 25
1987 1996 3
1634 1895 31
905 1699 39
1980 1984 16
136 1569 29
980 1918 38
1548 1589 8
693 1674 6
953 1644 44
954 1137 9
409 1102 19
1884 1935 31
1751 1751 4
462 789 44
646 700 41
629 1346 8
1666 1707 31
834 908 13
1207 1443 36
1190 1654 37
142 1537 30
465 1259 19
765 2000 40
1614 1799 31
1434 1540 14
897 1799 8
269 382 30
1008 1722 7
394 1616 44
183 490 42
246 449 8
270 698 14
1653 1978 32
1389 1806 5
1276 1389 24
1107 1383 50
436 802 8
1557 1857 44
986 1854 9
640 793 40
1271 1399 42
188 1200 22
631 824 33
1676 1922 33
535 1531 22
947 1840 6
324 595 2
1848 1865 14
1260 1284 50
1986 2000 25
1117 1586 19
1570 1833 19
1885 1898 9
1243 1487 49
1820 1987 48
794 1609 39
1212 1315 7
1608 1688 3
1520 1692 10
944 1231 7
1004 1450 43
1376 1816 43
1026 1126 30
30 1189 27
751 938 5
40 1717 35
251 254 4
1321 1752 34
295 809 16
77 656 34
940 1652 34
1947 1964 0
93 145 30
429 1279 20
1550 1905 16
921 1312 24
1419 1588 29
940 1357 14
1811 1939 45
1110 1317 27
520 1295 26
1346 1725 20
1607 1825 42
1226 1555 26
1548 1862 37
1818 1964 41
1406 1841 28
1291 1787 37
1815 1892 0
463 1283 6
726 1245 42
1576 1816 16
1130 1139 0
1369 1713 33
1148 1517 9
698 1237 11
814 985 37
690 1364 42
1998 2000 46
1781 1912 39
1143 1648 21
1612 1844 11
227 646 10
776 937 7
1391 1789 5
228 1445 47
281 288 44
1804 1850 42
125 627 33
225 826 36
95 1460 35
995 1970 35
1321 1439 31
936 962 48
1495 1529 15
1777 1822 5
571 1427 38
1903 1930 6
486 677 21
1906 1958 1
367 1257 35
24 1104 46
519 824 27
1188 1911 40
929 1499 32
632 1699 39
1623 1936 49
200 209 27
818 1483 18
1041 1201 9
1449 1800 44
1597 1848 10
52 391 35
1926 1996 46
1096 1507 19
1780 1885 50
1628 1677 7
551 1661 23
1943 1979 17
1530 1675 2
758 1034 3
616 797 20
802 1546 19
1397 1782 45
1001 1234 34
1492 1762 45
1079 1472 47
1487 1537 39
1273 1388 27
448 1416 5
153 725 8
1396 1734 40
1160 1850 20
810 1048 36
4 74 9
648 1401 10
426 1996 23
1803 1939 36
262 689 27
1806 1938 25
1463 1712 21
1038 1946 25
494 567 48
846 1243 32
975 1146 36
1202 1384 28
1696 1782 4
1499 1890 21
290 645 26
167 1367 20
1869 1961 22
653 751 4
1224 1836 33
462 1176 14
243 1178 8
1060 1612 21
1534 1711 26
834 1833 10
875 1252 21
477 669 21
975 1017 47
800 1141 43
1673 1674 42
1867 1868 12
280 846 12
1206 1366 50
629 1652 35
500 885 9
1047 1246 47
1183 1214 28
526 1165 35
520 753 18
1110 1394 22
621 1241 47
1321 1801 40
69 1012 7
684 1618 10
1700 1867 12
366 801 19
460 964 45
1732 1749 33
289 497 37
997 1514 43
342 1646 46
874 968 49
1159 1458 7
629 1064 17
81 586 10
357 1902 12
467 1508 3
1158 1653 44
1402 1530 27
1385 1507 33
1666 1987 30
539 1539 46
802 917 17
856 1643 27
1155 1357 10
62 1298 46
67 1072 37
152 953 20
1591 1921 1
1936 1972 39
155 790 36
6 823 26
1719 1783 7
923 1103 50
66 190 9
1062 1904 21
147 536 34
1294 1818 11
594 1277 45
436 1682 29
1856 1859 3
238 1343 27
826 1665 3
160 1255 20
1798 1916 9
898 1933 16
553 672 2
1935 1966 14
1369 1934 14
758 1598 9
1417 1843 22
1020 1376 6
1658 1878 13
184 1891 27
234 1625 46
41 1720 26
1105 1986 33
713 1177 8
1631 1711 26
938 1118 46
139 199 39
876 1931 19
953 1201 11
1571 1831 34
566 1855 36
424 1403 20
1406 1869 22
1430 1638 28
13 143 37
335 489 21
1792 1941 10
1823 1895 11
1830 1973 21
888 897 5
425 1667 35
1096 1540 1
1569 1881 27
1888 1889 49
850 1641 44
1380 1786 39
1149 1531 47
215 1447 0
1249 1263 41
1417 1456 5
221 899 25
27 735 41
98 1523 45
1145 1922 19
110 1632 36
1545 1871 9
245 512 9
633 1537 0
542 605 46
1035 1738 35
1971 1993 7
846 991 45
1465 1945 48
886 937 21
67 627 24
523 903 29
439 749 0
1123 1156 35
1341 1547 38
1981 1984 10
1322 1456 2
145 1100 43
199 1934 33
1528 1570 18
1164 1647 22
758 1869 48
949 953 6
1471 1876 28
604 1482 12
319 1748 46
534 1415 12
1713 1739 9
1010 1378 27
1779 1809 49
411 1466 7
227 1353 17
1342 1862 6
1238 1477 39
272 1516 26
855 1335 2
78 721 43
1838 1964 15
444 1922 5
340 1389 17
1668 1835 17
955 1561 48
293 1953 33
1609 1772 10
229 1461 38
430 1772 44
287 1021 18
1925 1984 43
1623 1719 27
1311 1994 5
1869 1895 25
1248 1722 11
1087 1191 37
935 1737 28
1169 1845 30
1155 1618 1
393 1281 3
129 743 11
1398 1691 17
1803 1831 7
559 1567 47
1349 1821 17
214 1566 30
851 873 32
371 1298 17
261 1559 19
759 864 43
833 839 11
1720 1847 0
375 1376 28
758 1707 4
1913 1949 46
273 326 13
940 1023 47
1564 1845 28
1188 1653 35
1184 1201 12
232 1841 16
218 848 18
459 1324 36
177 1482 13
27 1789 2
1949 1977 10
1073 1155 29
313 516 3
1805 1935 47
1289 1626 26
1533 1564 20
1653 1780 21
1243 1455 47
1635 1642 41
634 1327 42
1512 1922 16
213 566 8
1261 1786 22
773 1269 48
663 935 22
1625 1986 2
1504 1664 34
1623 1832 34
230 1075 35
997 1247 31
251 1936 25
500 529 31
168 1892 42
98 1783 49
134 1312 41
1172 1378 28
175 1753 23
362 376 8
1035 1662 26
311 575 10
425 1591 29
399 1495 2
645 1542 11
68 1471 15
1051 1839 5
221 396 23
1008 1693 35
44 1277 0
1766 1956 12
1910 2000 27
1299 1599 1
1864 1900 17
494 825 11
1007 1590 48
186 187 19
146 638 46
401 887 23
88 1382 43
1546 1595 26
264 1301 1
1495 1712 5
1414 1911 12
1503 1871 1
577 852 30
941 1872 48
77 1525 40
1847 1849 15
848 1181 17
1828 1837 28
1384 1853 16
568 629 12
1034 1632 7
686 788 9
321 1765 47
755 1284 6
560 1863 50
180 417 16
1011 1886 21
176 932 6
94 112 17
107 1998 50
129 1040 8
480 850 37
622 840 1
392 1431 35
359 645 17
495 1346 20
1118 1880 23
1043 1380 37
1429 1776 9
1509 1597 18
1954 1957 46
1009 1703 36
1728 1860 28
493 553 48
411 579 37
1152 1763 45
1916 1958 47
180 1699 22
788 1595 33
1616 1871 11
967 1233 36
819 1579 1
348 1507 16
1701 1722 4
1263 1894 3
679 1487 12
1639 1702 27
1644 1923 13
1179 1423 34
1995 1998 37
864 1707 35
276 854 0
228 439 10
1479 1933 12
29 587 39
150 1463 24
1327 1375 39
1104 1179 23
1574 1754 7
232 455 43
1392 1717 0
1096 1930 0
501 600 14
444 1803 49
1767 1978 40
1819 1869 50
1734 1863 27
1663 1990 46
1814 1993 19
36 1325 37
1730 1949 12
1434 1593 39
847 1056 25
1469 1832 1
174 815 38
769 774 15
1814 1974 41
993 1519 45
918 1120 47
1878 1911 36
1838 1847 30
29 465 8
1954 1991 16
1329 1611 18
1870 1967 34
289 1316 27
133 209 47
1487 1844 30
1205 1492 27
1335 1528 28
1800 1983 14
973 1143 15
1968 1979 45
181 1329 31
245 1687 10
1506 1738 46
1312 1989 3
1795 1835 5
1259 1929 9
1757 2000 49
1167 1248 9
179 307 19
1054 1505 8
179 791 28
1090 1252 4
1849 1959 24
1408 1614 9
1141 1518 2
1731 1951 25
962 1822 2
281 474 46
601 777 36
62 271 9
159 1958 1
902 1282 15
1008 1191 0
686 787 28
1953 1996 1
911 1875 13
1042 1436 38
1202 1942 36
1411 1885 12
1668 1714 37
240 587 47
1499 1904 14
1014 1470 8
943 1333 37
891 1483 27
461 783 6
664 1262 19
905 1630 11
545 1604 48
458 724 29
738 1470 21
1305 1566 49
1788 1935 45
1953 1989 35
100 1776 9
1814 1814 12
1785 1823 0
1152 1611 23
1658 1743 44
1672 1995 21
790 1730 5
346 1432 44
1274 1818 20
187 1998 32
240 1169 4
1028 1993 47
366 1770 5
1609 1948 11
643 1541 28
1673 1875 14
545 1288 49
1034 1551 28
1167 1966 8
542 1753 46
1682 1761 35
1862 1958 7
841 918 6
1748 1981 26
530 1739 41
1198 1230 25
1832 1897 26
1342 1706 33
1096 1338 34
1806 1940 10
1481 1881 31
1263 1618 9
1946 1992 7
1608 1936 41
333 1800 35
1871 1889 44
1567 1856 33
1809 1889 26
1453 1622 42
471 1549 44
1163 1653 46
120 1608 23
1407 1529 14
269 507 47
827 930 24
519 751 10
217 1099 21
1727 1811 37
498 1113 41
1906 1940 30
1539 1998 8
1260 1427 13
461 1166 25
500 1034 32
1688 1732 32
1934 1950 32
296 1208 42
639 1797 3
1996 2000 6
1682 1770 9
1055 1638 5
1526 1635 50
1490 1900 31
258 704 10
1270 1530 33
269 1371 16
1684 1704 7
1468 1715 42
1283 1456 9
1765 1926 23
1767 1895 32
713 1737 6
794 1460 37
919 1014 1
819 1627 18
812 1335 35
1138 1584 39
504 829 32
1411 1862 36
158 520 18
1109 1376 1
1015 1827 44
1869 1899 44
1185 1432 40
1811 1925 6
1588 1840 25
470 1859 4
1280 1784 42
366 470 49
112 637 24
363 1699 10
1434 1465 26
1120 1229 8
315 994 43
1139 1782 45
1857 1910 1
1556 1947 17
348 797 34
936 1213 32
1841 1961 11
1429 1886 20
1756 1959 19
1367 1887 4
1845 1945 23
1270 1564 46
1629 1893 19
516 1933 26
1787 1980 31
1267 1603 5
1833 1896 24
1805 1930 35
919 1178 50
110 651 34
763 1404 30
1166 1843 4
125 160 34
512 1434 41
40 924 40
1587 1724 14
335 1074 20
242 696 33
421 800 14
1305 1448 48
1258 1959 46
1450 1572 40
1989 1989 37
1807 1961 41
1483 1483 45
789 1715 11
1431 1959 29
1631 1670 7
85 573 10
1551 1910 24
1049 1760 48
748 1787 5
1303 1461 31
1666 1912 2
529 1117 3
1624 1967 34
1048 1141 10
1446 1642 20
1620 1734 29
1860 1921 24
691 1914 0
6 65 2
1333 1621 17
547 1576 0
1 111 14
424 1014 23
561 1603 42
1712 1728 35
1019 1424 15
1807 1858 29
878 1396 46
1874 1934 28
782 1709 40
223 905 40
802 1231 1
1303 1827 2
1756 1966 16
1705 1883 49
1092 1719 41
230 917 47
1585 1722 48
387 1813 10
1638 1936 48
31 1037 33
888 1101 2
616 1175 32
1467 1766 0
1844 1993 10
1212 1551 46
1821 1853 36
91 237 33
1129 1909 25
793 1826 36
180 1104 31
259 1769 17
758 1063 40
1076 1361 23
680 1133 36
878 1130 39
304 481 25
1810 1936 26
766 1736 41
145 1212 32
1789 1959 31
1510 1975 20
1172 1490 1
614 824 13
120 1405 4
147 841 26
1536 1922 5
1685 1827 30
1365 1516 29
78 783 42
705 825 42
280 735 1
271 761 43
1220 1958 36
195 793 24
1828 1864 27
593 1673 45
1861 1995 9
1860 1929 33
1941 1944 41
1919 1958 40
206 517 22
1058 1960 6
1902 1936 12
1520 1977 6
1870 1891 19
560 1766 32
1267 1735 21
1697 1989 31
1305 1306 12
1672 1722 17
1062 1630 50
1362 1522 45
297 1027 37
705 1364 25
1080 1316 34
426 588 2
318 343 9
713 1272 11
1636 1770 17
1830 1965 14
619 1810 41
1210 1571 44
1782 1829 39
122 1366 27
1225 1906 15
800 982 5
64 1759 6
774 1312 43
1413 1767 3
36 1077 45
1792 1813 5
554 1631 46
125 819 49
452 556 3
867 1118 43
1037 1339 10
243 1888 47
1809 1960 25
1916 1996 11
1591 1850 38
1907 1989 5
1674 1879 46
69 722 28
399 421 18
837 1912 26
1180 1994 14
1683 1845 6
1165 1283 23
352 438 17
1162 1185 43
1030 1490 47
730 1214 48
1265 1492 11
1494 1794 43
455 1634 12
1945 1991 29
1987 1992 26
919 1167 10
1534 1568 17
223 556 17
959 1207 45
1092 1101 31
1252 1397 43
593 866 24
728 747 5
1388 1611 21
550 1616 27
758 1260 46
196 1560 37
1938 1996 49
509 1052 22
276 1613 5
626 1986 18
392 1927 8
1330 1455 27
377 962 10
1303 1752 29
1035 1037 44
1478 1842 16
1431 1847 26
1438 1882 44
936 1868 10
1110 1685 30
71 957 2
565 996 35
1215 1367 9
1759 1843 19
596 1940 43
763 1563 9
2 1134 21
1423 1636 16
55 590 4
1832 1914 1
1058 1487 44
221 901 2
295 1867 23
1944 1955 21
1954 1956 24
125 1773 45
1221 1469 26
1299 1634 6
1431 1590 2
332 1016 50
1022 1833 10
1261 1838 26
906 1640 9
803 1627 0
1780 1895 48
1129 1234 13
515 1167 26
1630 1786 29
163 1219 5
1491 1596 44
1697 1758 19
1202 1701 14
29 1686 19
1198 1343 6
1541 1873 16
1799 1886 1
775 1614 21
973 1338 28
746 791 34
1702 1807 45
1140 1221 15
318 1863 22
375 1816 29
437 564 24
1640 1792 6
33 1791 30
1400 1843 20
1531 1837 37
622 803 24
427 1333 17
1367 1983 10
1007 1138 50
535 1640 35
1589 1864 23
1547 1882 1
1245 1330 41
346 1944 39
34 88 29
566 1736 22
980 1315 39
939 1323 47
1277 1677 0
114 1632 1
945 1223 31
1203 1744 48
1459 1491 18
360 874 34
941 1055 17
918 1098 7
1953 1968 27
953 1972 47
975 1537 10
852 1509 43
766 1418 6
1737 1776 17
1547 1882 33
1911 1972 31
383 1458 12
130 1355 2
1830 1923 35
303 1143 34
1160 1514 6
30 921 49
120 418 4
1544 1832 9
1999 2000 12
222 1255 31
1456 1987 38
743 756 25
1195 1269 45
1674 1705 11
150 659 25
632 1041 8
287 1631 8
578 1460 20
1577 1774 17
383 1535 38
1912 1936 15
725 747 28
374 1704 4
1462 1676 41
1475 1558 10
571 1335 32
1735 1837 15
1510 1918 32
1307 1948 50
84 1591 36
1327 1573 2
1404 1436 13
1673 1935 49
385 1540 7
1915 1927 4
1511 1766 27
1061 1564 32
1501 1829 14
987 1335 20
1834 1849 26
615 1554 22
1265 1331 2
379 1671 8
518 919 14
1220 1239 13
296 1106 40
1377 1545 37
841 1926 17
968 1968 35
429 1798 20
533 1884 13
1487 1774 26
198 241 28
1019 1083 19
1217 1924 20
864 1442 9
1762 1884 4
1666 1818 18
769 1123 48
1999 2000 15
1821 1860 39
1108 1426 19
1738 1998 1
226 609 8
813 1153 36
1250 1664 39
772 1783 38
193 1379 17
1496 1897 27
1139 1638 38
891 1232 12
757 852 47
406 1341 3
1444 1601 40
1909 1985 31
1239 1486 37
138 1970 24
1955 1980 11
732 968 11
1106 1930 31
847 914 4
414 707 27
73 1648 50
902 1238 43
1965 1988 6
300 1175 4
1135 1750 34
1828 1875 13
686 1755 18
294 674 6
1942 1972 5
407 1748 38
952 1683 45
1169 1632 20
119 1877 3
190 884 46
1832 1973 23
195 326 37
1000 1409 43
956 1304 30
1343 1651 36
792 830 30
563 986 22
751 776 26
1897 1967 50
308 1333 14
1846 1954 14
1351 1838 2
1996 2000 28
892 1160 23
185 1728 9
55 674 35
1872 1940 0
1003 1776 35
784 1568 13
1960 1969 33
702 1573 33
1708 1709 27
1120 1521 33
1403 1699 10
108 1627 2
1951 1978 37
749 1893 17
620 1197 7
1800 1979 17
1484 1542 33
1206 1480 16
1879 1969 29
1288 1486 4
1420 1999 4
1816 1954 11
547 1615 5
1208 1208 5
746 1877 2
114 1666 25
790 1991 32
1474 1590 32
432 1205 31
1369 1899 38
467 1385 29
1455 1648 25
697 1383 2
291 1045 26
1447 1820 18
1293 1896 7
1494 1696 16
97 1881 30
1313 1579 40
1298 1633 39
1770 1914 36
958 1628 47
1410 1677 8
92 1114 10
1539 1722 35
1672 1897 33
1567 1704 36
568 1967 7
471 1824 25
1824 1910 19
1760 1783 21
1304 1360 11
767 1510 43
1577 1621 35
1259 1475 20
252 642 43
239 415 42
1470 1857 4
568 653 21
1639 1726 49
1608 1695 29
1895 1961 17
271 703 38
881 1798 40
91 739 40
1768 1779 47
435 1931 6
1938 1943 48
1380 1865 25
203 244 28
1414 1614 2
1514 1870 1
929 1214 48
718 1386 32
40 1945 34
300 1648 6
65 1123 18
1190 1231 46
1467 1922 25
29 1399 35
945 1728 32
1518 1753 30
1144 1789 26
99 285 7
990 1326 4
447 531 2
1375 1986 47
175 1063 41
531 891 34
1023 1905 32
1744 1889 23
1772 1804 33
1545 1675 47
1056 1387 45
1243 1473 8
1978 1994 46
373 937 24
1939 1996 29
1746 1796 50
460 1223 24
1641 1852 20
1677 1691 26
865 1559 6
170 988 31
1324 1668 29
1095 1425 11
610 901 36
616 836 35
1226 1860 35
1756 1958 0
110 1398 43
435 1538 9
1147 1655 4
970 1210 46
491 833 11
1978 1999 5
1051 1358 39
292 605 25
230 1449 38
1844 1917 46
1906 1997 43
863 1633 33
1855 1864 15
1321 1491 50
137 1001 38
472 613 0
1668 1693 42
1596 1776 22
359 946 6
1457 1943 18
753 975 1
350 965 10
656 1029 22
998 1133 15
524 1283 33
668 1722 6
1515 1855 5
742 1201 0
19 169 48
826 1285 39
1934 1941 12
1683 1875 2
1010 1962 17
547 1004 14
1677 1841 42
1214 1677 11
848 858 2
1998 2000 1
144 1631 23
1603 1658 16
1574 1629 13
1205 1532 48
257 1164 23
1050 1623 24
1558 1621 32
470 1719 35
128 1688 43
563 1343 21
1549 1821 49
491 1048 46
267 827 7
921 1503 42
131 249 36
1193 1896 13
1611 1628 36
1868 1896 41
572 1313 3
627 1178 0
621 1526 2
1070 1973 4
1442 1461 40
15 1407 27
1528 1946 22
887 1903 5
1464 1519 29
441 987 42
1748 1760 3
1659 1691 30
469 1176 33
1313 1419 26
62 746 7
146 1658 46
150 1218 31
753 1719 22
648 1493 5
1532 1601 11
65 179 28
1595 1845 48
1164 1484 3
735 1055 31
627 1594 6
1518 1531 33
1451 1524 25
558 1373 22
877 914 33
1985 2000 9
861 1283 45
1556 1684 23
562 642 21
380 1746 5
1505 1614 32
598 1068 7
380 1856 50
957 1560 3
604 852 0
605 815 6
347 895 3
121 1325 26
274 949 5
85 166 35
282 1651 23
1505 1985 7
1754 1769 39
1731 1958 25
1139 1968 45
1808 1996 40
1164 1604 9
1968 1977 10
2000 2000 49
1000 1128 22
1469 1748 3
1064 1874 48
1822 1872 22
804 1659 13
1558 1581 40
107 1015 5
712 1299 50
590 1311 0
346 415 9
1661 1922 45
703 912 34
728 750 43
1443 1751 39
273 800 1
1865 1865 1
967 1242 33
52 476 23
1572 1654 47
126 1236 42
1309 1718 0
716 1655 23
1519 1948 27
1990 1992 33
1890 1991 23
483 896 31
879 940 31
1044 1056 43
528 1951 30
1604 1656 11
1329 1336 34
203 548 26
329 993 2
1922 1933 13
199 1302 17
266 629 49
1307 1658 7
950 1175 18
581 788 25
752 849 44
428 1705 20
1252 1514 23
68 512 9
55 1430 40
814 1519 28
520 1265 40
1200 1813 1
944 1765 43
1326 1637 28
399 940 19
561 572 41
190 818 25
804 1721 26
1571 1726 33
1741 1791 0
623 1643 11
589 1934 10
1329 1530 4
825 933 21
1603 1973 4
940 1158 34
926 1652 20
1726 1891 43
1138 1663 25
1896 1929 9
413 1137 28
1768 1933 32
1079 1776 16
1209 1756 9
251 1995 17
1167 1447 34
1272 1397 30
1415 1599 17
1439 1592 20
546 615 0
925 1786 35
1587 1648 13
1646 1866 9
59 1347 36
1415 1891 32
996 1541 20
1731 1934 38
461 518 49
893 1135 46
419 1544 42
554 1911 11
383 567 47
1241 1648 41
1029 1704 41
67 429 37
1891 1898 30
102 461 10
608 919 47
400 1602 12
1573 1953 47
276 1402 41
1263 1314 22
630 1273 43
793 1739 7
443 1396 2
1397 1994 40
1488 1584 46
35 1519 12
1012 1551 50
1267 1965 49
672 1814 5
198 1284 10
83 665 49
636 779 15
566 955 16
34 715 22
685 1960 49
536 656 7
1041 1633 45
1942 1955 27
1799 1806 22
32 795 32
1536 1682 17
42 603 3
1409 1414 37
641 1840 40
1214 1641 6
1496 1531 32
608 1792 9
489 1114 4
794 1416 2
1208 1594 30
1247 1663 25
1541 1800 36
1703 1810 33
1989 1996 43
14 1822 50
9 1793 31
1472 1557 44
1557 1826 16
1682 1977 9
507 1482 49
1933 1959 20
1988 1996 17
56 557 49
1989 1991 21
1199 1616 31
525 1424 13
1361 1907 15
37 828 0
966 1724 18
1419 1509 39
1129 1791 3
759 1371 45
574 1920 16
1760 1907 10
1967 1978 37
1695 1929 33
996 1691 35
8 1976 31
243 1435 14
1196 1540 32
1152 1343 39
849 1256 38
910 1318 12
272 427 12
626 950 13
1887 1962 19
523 1712 15
1659 1934 24
654 669 18
216 986 22
375 1388 36
1076 1952 0
1640 1748 50
470 1194 44
218 873 17
943 1488 3
361 1681 47
1795 1874 4
1602 1978 6
712 1626 35
1042 1163 11
449 1480 33
1496 1739 1
1831 1923 43
1156 1611 13
1972 1982 31
1946 1963 21
1732 1906 9
773 956 20
995 1318 26
763 1347 5
765 1197 48
142 807 20
491 1946 30
1739 1739 0
258 1426 8
1070 1437 19
1514 1927 20
574 1157 48
1220 1744 3
1193 1621 4
1238 1778 0
219 1328 33
188 350 1
1738 1887 5
606 690 6
1050 1571 11
372 1663 3
780 1525 37
180 1953 46
873 1504 5
316 1191 20
652 1756 49
169 1934 26
1199 1735 45
1504 1641 41
1237 1918 45
1934 1989 26
1720 1989 15
526 1933 14
625 869 8
616 1469 17
26 1154 11
1653 1683 36
756 1314 23
381 1106 45
1343 1950 0
1718 1945 33
917 1749 3
538 653 36
1970 1984 3
186 1102 48
439 1470 50
1520 1774 39
829 1879 40
1525 1843 25
1535 1725 25
1196 1396 35
1183 1383 15
948 1440 13
1038 1607 24
1886 1888 38
1531 1623 17
771 1396 36
1580 1766 36
1205 1546 5
786 1136 38
576 847 11
309 1665 6
946 1084 39
364 1364 43
642 864 43
1523 1715 9
1052 1217 28
839 1999 6
633 1079 13
42 1605 23
698 1401 39
1735 1889 6
1726 1949 9
1575 1751 36
1097 1730 14
84 612 7
865 1052 28
333 1684 20
914 1193 11
1791 1837 28
535 1722 29
164 565 0
605 1945 2
656 1646 14
1918 1977 0
1562 1880 30
1459 1788 33
1523 1638 2
1945 1994 28
1814 1841 29
1535 1879 10
580 684 16
1789 1841 42
606 1174 33
511 1722 16
435 1895 5
925 1377 36
183 1801 33
1635 1806 15
820 1437 10
1562 1757 18
305 1840 38
721 1112 21
1028 1615 23
215 1472 41
1116 1558 48
1602 1717 6
1564 1796 7
724 1444 11
1822 1822 35
1298 1845 11
1502 1583 7
940 1204 11
151 1995 23
1486 1585 31
1306 1347 1
103 1605 2
674 779 50
879 1911 36
1412 1841 13
848 850 6
330 1729 34
771 1137 34
1667 1908 31
508 1617 44
163 1756 17
