1983 1965
1 689
723 1348
132 1663
26 1415
573 791
720 1060
875 1714
1311 1962
777 1318
43 984
2 108
293 1572
70 92
348 394
894 1655
526 1882
971 1524
1198 1376
893 1045
25 1695
1595 1890
399 578
294 958
346 1702
467 658
1641 1711
621 1186
163 1729
1412 1872
797 1135
1396 1448
703 1772
587 628
1611 1894
1373 1943
1129 1570
949 1829
746 792
463 869
258 714
262 1373
1118 1822
803 1382
868 1360
198 258
247 1339
82 1482
37 774
261 569
130 1442
1051 1139
882 1857
324 1114
1043 1067
1004 1238
1005 1499
1603 1668
1086 1159
781 824
567 655
389 1626
104 1330
258 1188
261 1619
187 734
454 1852
120 1444
620 885
1439 1751
779 1956
166 1716
1264 1543
343 1717
589 1434
1375 1829
15 1204
982 1150
209 1775
185 1504
44 1727
164 588
536 1693
87 1881
834 959
344 1662
1301 1595
1495 1537
38 408
1037 1223
1816 1872
1017 1872
206 895
493 1914
1371 1557
262 647
1555 1693
13 1043
770 1687
240 1151
1014 1017
489 1215
732 1820
887 1065
412 815
591 707
219 1623
586 1919
1477 1708
1655 1718
495 871
1842 1974
5 1492
261 1876
243 1388
138 1303
74 1740
1093 1239
138 1096
124 1443
608 923
700 795
389 1573
11 521
194 811
335 1448
442 591
968 1446
1655 1847
546 1653
666 1771
1289 1975
1576 1872
644 1745
142 1193
241 831
763 1634
1022 1812
945 1491
107 1001
1345 1509
1223 1451
746 933
888 896
756 1225
908 1559
541 1045
423 770
369 1094
191 912
154 1886
1533 1785
480 655
524 1520
145 775
16 1083
329 887
1531 1578
888 1940
386 1165
1627 1892
209 1007
173 233
1265 1556
141 1051
1009 1398
1004 1072
533 1177
1516 1942
14 1418
978 1152
657 1402
185 1346
39 1021
346 491
56 268
394 1195
799 1587
240 1586
1697 1815
1560 1865
284 1886
1512 1639
1242 1624
196 1269
770 962
694 787
279 554
143 1183
48 936
378 1155
373 1371
68 1724
638 1271
137 316
787 1424
44 1475
950 1736
1352 1429
710 1129
1309 1574
1418 1800
674 1551
161 1683
194 1875
267 722
1113 1908
147 745
419 1076
172 712
265 642
384 1272
1203 1709
467 1771
391 1681
386 1099
1220 1608
653 812
1085 1420
1325 1699
1097 1326
1627 1948
1417 1744
1268 1951
318 849
1264 1911
351 587
656 865
288 1875
1398 1652
1268 1646
951 1655
131 1319
1487 1879
530 1125
639 1497
495 1429
669 849
861 1260
743 1883
318 1862
185 1032
1460 1545
50 939
245 1262
570 1680
111 395
792 1001
840 975
368 924
597 1588
931 1440
992 1383
579 1829
479 1011
1158 1237
1455 1564
656 1832
156 1074
1908 1946
883 1235
975 1494
641 1735
1018 1758
162 1274
35 1708
1611 1783
1395 1451
1513 1867
270 964
249 1767
381 468
558 1450
974 1079
1087 1543
1093 1664
106 134
507 1531
691 726
693 1735
13 982
321 483
946 1209
179 767
46 942
922 1534
118 578
989 1414
1222 1512
1109 1260
847 1179
360 1918
176 833
341 1026
806 924
733 1063
970 1134
838 1190
565 1572
1761 1956
691 946
961 1691
1327 1527
799 1050
512 1421
482 968
454 671
1310 1363
107 632
167 1519
240 1979
282 1572
987 1770
1442 1748
117 650
1445 1655
1442 1640
827 1087
75 1702
47 542
289 1729
245 1678
505 544
1105 1763
687 863
115 160
965 1163
1227 1846
141 1227
785 970
237 1223
525 1502
806 1784
433 1667
1092 1179
1331 1779
711 1978
106 805
1043 1379
590 1830
255 1952
284 1287
236 438
1329 1354
18 743
662 1065
1512 1856
29 403
814 1252
1023 1093
860 1414
1532 1567
384 735
1417 1612
396 833
476 806
432 1601
642 1524
1577 1839
828 846
369 1768
470 1830
657 996
264 1690
240 275
599 1676
238 264
81 1632
528 1651
907 1726
1075 1881
480 1703
430 1151
227 826
146 1028
646 1825
421 1944
1687 1722
633 1166
586 949
215 1200
483 1395
576 1534
1204 1699
1186 1670
819 1552
371 1166
1018 1957
354 1554
1060 1818
821 1442
411 1898
669 1050
539 1774
522 767
574 1005
928 1562
288 747
702 1510
169 657
112 187
653 1147
165 1911
1463 1645
1532 1833
1424 1554
1311 1808
389 1587
1234 1403
1128 1539
1015 1500
86 660
745 911
102 1493
219 608
1134 1909
896 1982
1535 1620
551 1196
603 1782
1217 1260
1388 1839
25 1537
1515 1550
414 1145
706 884
484 582
937 1012
1189 1599
1519 1625
172 1230
1213 1365
1051 1639
474 1178
364 741
544 1114
177 544
313 803
516 617
528 836
1154 1194
224 1523
251 1269
1105 1789
766 1612
737 937
957 1519
422 1914
349 1471
1041 1225
311 346
513 1428
889 1124
830 1946
835 1525
428 1835
986 1169
214 593
905 1893
250 1694
208 1548
1411 1834
81 1117
40 610
67 891
1496 1514
32 629
673 1299
1316 1500
700 1356
811 1096
874 1585
1091 1305
32 655
1346 1753
1246 1605
1519 1896
865 955
787 1907
393 1962
1194 1734
1141 1245
175 226
128 579
1371 1403
75 1052
46 1850
810 1754
1361 1962
397 1360
113 782
216 1504
1095 1162
1352 1451
68 972
1138 1859
776 1483
391 1188
799 1767
758 1361
1360 1840
466 753
344 1366
534 1608
28 728
292 1830
315 1359
801 1078
988 1590
823 1932
1872 1883
89 956
393 416
201 478
681 1772
281 1830
197 735
498 1464
265 1575
323 564
940 1470
787 1411
281 1057
1646 1723
733 1125
621 991
295 667
1397 1837
1261 1547
679 997
135 745
721 1161
1473 1766
1157 1169
340 1272
939 1933
43 1395
1132 1423
77 1785
809 911
348 1473
662 1934
156 1308
1033 1534
1041 1055
438 1965
1561 1945
590 1624
1131 1210
1514 1777
693 883
1579 1892
298 1209
241 515
372 1443
134 364
180 1449
781 1576
190 1491
116 1559
1289 1416
86 1707
685 856
402 1860
1316 1921
321 1793
404 1529
84 1277
103 1878
803 1656
733 1137
298 533
801 1653
138 429
589 674
1030 1493
181 736
901 1771
237 1733
391 1423
36 533
279 910
89 1312
1439 1765
593 1838
1168 1810
592 1641
79 1011
492 796
531 696
1619 1824
390 687
1528 1928
260 1155
444 1806
752 1735
218 416
146 829
1734 1929
119 1208
704 1174
1594 1617
49 1093
263 1780
968 1930
572 1063
327 780
34 1177
47 334
549 1254
673 1460
1089 1520
1186 1582
158 1319
1628 1979
597 1888
175 1585
21 1853
51 595
59 153
559 1376
282 1221
74 1042
1607 1791
371 573
1268 1520
1178 1793
553 1245
49 333
753 1830
1529 1653
984 1066
3 1663
53 103
250 506
1032 1705
985 1557
146 1074
151 1944
385 1440
268 896
19 1342
1136 1749
1195 1745
103 1515
1560 1965
89 861
133 1518
138 488
854 1784
1349 1731
1021 1595
966 1832
1052 1366
987 1127
60 1788
1145 1483
215 924
208 423
502 1851
1372 1762
145 1039
163 302
836 1335
895 1533
936 1912
219 1923
875 1634
7 1793
317 584
437 1046
389 1732
80 1790
1043 1505
1175 1960
1027 1252
482 1788
1261 1327
72 1581
417 452
148 1723
718 738
411 1566
263 1291
95 416
1528 1622
294 1210
559 667
440 850
867 1330
644 1087
684 829
344 576
485 1402
1755 1894
497 995
447 1130
482 1545
449 1608
76 233
1175 1612
352 1232
387 663
618 1201
86 789
1261 1296
516 1274
602 1295
1432 1836
453 1623
1028 1753
292 337
174 672
242 1762
54 1584
406 827
795 1302
3 536
705 1648
187 1946
263 1308
55 1854
1961 1977
1383 1438
990 1226
367 1323
1625 1931
653 1717
1052 1919
260 576
953 1128
121 513
364 1882
1021 1113
596 1590
264 973
397 1437
124 466
753 1831
1636 1754
870 1045
1229 1268
778 1209
968 1195
1343 1957
148 603
899 1010
906 1172
361 726
1096 1542
331 1483
887 1138
1341 1559
639 1725
635 1071
660 1601
95 246
926 1385
348 1025
73 1186
943 1476
923 1622
92 1739
1439 1636
34 1656
1416 1547
446 1673
53 427
113 559
375 1695
754 1140
1279 1764
1571 1674
33 907
21 469
143 723
439 927
307 1069
100 1064
1074 1751
570 1307
1360 1934
272 1223
906 1623
172 1223
170 578
326 747
94 1911
897 1913
126 1971
1528 1862
1190 1324
15 969
402 427
1189 1507
81 568
1596 1658
785 1420
72 1690
1744 1909
903 1666
37 58
875 1211
256 1706
32 712
207 863
1595 1664
68 1368
1201 1844
769 992
210 1048
6 399
21 718
158 923
49 143
621 1512
806 953
1217 1962
1056 1147
352 1467
572 822
1951 1963
1686 1735
447 1718
325 1428
247 1161
1028 1067
754 840
609 1876
636 1566
850 1283
137 1963
150 1429
306 1597
29 1320
521 852
371 1769
144 1625
357 1153
1154 1285
302 926
1745 1864
158 493
379 1919
1323 1574
107 612
851 1220
722 797
1173 1428
1599 1900
410 510
240 931
616 1513
133 564
231 1313
616 1554
723 947
17 579
793 1519
1198 1611
331 1305
746 1466
623 1222
898 1357
147 1819
947 1600
274 291
195 909
1468 1963
324 788
38 641
340 1548
535 766
22 467
523 1783
848 1715
595 1521
987 1616
959 1111
1183 1442
1333 1756
1270 1833
737 891
924 1527
1274 1631
1396 1476
604 624
989 1525
1373 1471
1446 1897
537 1570
399 1574
345 1981
380 587
443 1032
822 1070
235 919
1161 1830
890 1627
498 833
1284 1744
1025 1661
1178 1491
1321 1705
1490 1877
532 968
1323 1379
654 1278
261 1868
675 1414
1588 1976
1187 1779
58 1863
42 142
702 983
829 1516
1205 1773
1801 1872
581 833
769 1311
849 1827
1179 1219
143 568
682 1278
1011 1704
1145 1732
641 820
510 1609
15 399
119 879
1240 1309
817 963
246 683
366 1212
1152 1417
1465 1883
651 1671
531 1322
407 1319
445 501
223 480
868 1688
440 1701
1165 1801
232 807
1673 1815
427 782
193 1449
611 1279
288 353
1243 1502
666 1091
807 1952
1342 1577
964 1261
205 850
878 936
392 629
157 1769
239 253
98 1853
808 1355
983 1310
749 1959
128 1211
51 532
49 407
79 1959
253 1820
316 657
115 1823
519 1672
46 1887
1122 1637
812 1271
70 417
853 1554
223 1168
23 1729
1328 1377
466 971
1413 1415
314 976
583 665
1318 1907
648 1591
230 309
923 968
1100 1884
618 1136
519 1753
1220 1381
748 1180
593 1560
1347 1736
1250 1956
934 1289
1267 1744
674 1908
172 1979
1777 1854
1435 1558
257 348
32 1540
252 1704
990 1814
1099 1805
481 1347
1371 1946
219 389
612 1192
235 631
851 1316
463 637
583 1707
232 611
920 1231
24 1675
339 1417
180 1971
1645 1770
845 1375
963 1711
694 1637
320 1238
796 1391
437 484
1390 1477
862 913
70 588
1524 1563
405 1315
228 305
1184 1561
898 1933
1534 1669
3 853
882 1561
810 1130
922 1884
590 605
1652 1970
352 1528
805 1943
44 1061
301 745
303 1796
975 1140
1139 1727
376 1051
1123 1254
943 1899
202 1054
100 1638
900 1497
253 1622
1161 1612
558 1056
1071 1803
867 1933
1404 1833
1438 1615
786 1658
167 1410
288 793
253 353
569 746
211 1252
677 1847
438 1614
1338 1401
464 1967
532 1339
200 1302
730 1568
596 1128
296 1005
1157 1861
1012 1954
686 1356
1529 1815
33 750
1048 1720
620 1629
159 711
279 622
723 785
801 1160
1290 1945
1192 1432
952 1419
659 1220
33 1323
372 1303
399 1802
181 1960
576 1735
1463 1920
1520 1549
1692 1854
346 1944
1146 1314
133 731
941 1673
427 814
995 1905
593 1306
1346 1586
446 1851
636 823
1400 1566
983 1710
181 922
826 1405
193 303
1888 1943
401 956
381 1619
389 1850
1093 1504
606 1162
576 1142
302 853
1177 1730
331 1380
1130 1726
449 1498
334 1469
522 725
252 806
569 843
402 643
973 1123
1220 1979
564 922
543 1905
1062 1882
170 1539
568 1545
19 1483
155 322
732 1817
656 1960
341 1650
218 370
312 1821
419 1648
21 1889
1585 1836
289 615
160 757
701 1909
1028 1786
263 1373
361 1327
264 858
251 1005
686 1087
136 624
402 1299
945 1490
563 1248
212 222
496 1201
471 1759
1201 1837
888 927
1556 1774
779 1016
528 1058
770 822
33 201
95 1643
491 1620
1667 1917
689 1845
1072 1954
448 1138
116 259
361 1879
330 1880
429 1625
35 121
122 605
1154 1579
509 1438
164 1135
1460 1983
228 1485
1074 1825
663 1776
1267 1343
825 926
313 1112
924 1069
610 1660
1039 1967
1368 1716
220 1714
820 1646
1509 1841
418 576
527 1368
147 457
202 1716
569 1349
863 1424
1137 1568
17 1460
1231 1733
800 1391
95 1268
1180 1806
763 1646
202 1250
254 1150
111 1257
136 1258
452 1791
840 1117
244 665
994 1744
241 742
193 1288
891 1107
574 1143
311 744
55 280
294 444
564 1448
1047 1473
25 1548
112 1414
924 1973
766 1637
1670 1774
99 1414
327 1893
306 1157
1084 1879
380 1919
668 786
1884 1920
665 1834
536 1815
1091 1830
1375 1972
527 828
1469 1820
579 1973
436 1331
1444 1821
249 1603
895 1813
5 625
729 1611
318 1822
531 815
376 1257
980 1921
808 1203
413 488
361 1540
142 1421
1117 1181
584 640
535 1208
39 302
997 1053
779 1960
1627 1774
401 1136
241 1199
1478 1649
169 1677
356 1122
762 1772
1674 1941
288 1438
891 1791
333 1910
117 1563
1731 1883
599 733
799 1654
464 1766
1932 1965
561 1505
720 1213
820 1841
1327 1791
98 210
199 969
978 1371
606 1047
1056 1108
240 859
1924 1977
355 1488
482 870
10 338
1311 1916
274 404
1650 1789
1115 1903
29 828
608 618
460 1187
356 1488
1205 1561
671 783
226 829
831 910
545 1689
1138 1248
464 473
830 1603
168 707
430 779
1349 1652
149 1418
1065 1219
622 799
883 1349
448 493
561 1298
130 1715
778 1290
230 1410
551 1670
258 1782
1898 1946
394 577
570 1754
553 1544
419 441
1022 1474
345 1165
698 937
1384 1895
711 1480
578 740
647 1145
235 636
561 1021
1832 1833
972 1967
1234 1759
1547 1906
1130 1724
232 1076
21 1221
427 1739
311 1258
804 1905
222 827
831 1740
292 449
254 1127
866 1613
476 1755
584 828
916 1800
1144 1726
1231 1506
285 1904
141 749
511 524
1188 1928
457 1649
396 607
544 1212
1558 1925
215 386
1679 1772
851 1596
204 1330
212 477
822 1101
829 1656
279 1369
195 1865
942 1196
43 1465
21 1191
670 1071
289 1012
814 1683
387 653
513 1585
548 1901
487 1264
1047 1097
390 814
128 600
619 861
104 143
1554 1692
647 1907
306 1346
245 562
431 1747
1315 1370
426 1268
734 903
485 623
1339 1874
175 1538
842 1018
45 1855
609 1074
777 1602
432 866
909 1932
399 1846
1252 1423
1396 1432
155 1909
689 1147
40 1375
473 1435
1418 1517
434 1385
1022 1204
703 1412
1599 1748
184 222
669 1977
74 101
810 1439
532 1105
1084 1612
375 1982
304 736
394 1682
97 756
573 675
1108 1712
1257 1924
609 1417
171 747
758 827
100 1500
1112 1654
1105 1952
586 722
1260 1719
1095 1281
1307 1829
1412 1427
1113 1865
37 561
854 1221
1042 1534
545 1885
664 739
4 1843
767 1178
551 1590
651 1080
581 1366
876 1691
996 1695
230 1726
440 1490
96 1485
1043 1261
3 1444
601 873
303 1459
588 1406
677 1397
821 859
835 1530
1235 1971
947 1101
656 954
28 244
1169 1703
532 1011
790 864
407 758
1328 1730
125 1118
741 1756
1365 1857
154 280
1223 1423
663 1476
868 1469
674 1135
278 894
754 1273
796 1759
597 1057
1260 1398
767 949
1298 1930
1030 1293
1008 1172
94 1483
995 1718
1009 1705
95 1396
12 1305
986 1915
567 1878
188 199
1063 1767
416 1013
171 1066
673 946
838 1751
35 1966
1520 1586
120 948
1225 1843
756 1455
527 572
488 640
313 760
306 1232
470 1729
1647 1864
67 167
940 1015
1473 1514
346 949
1254 1591
692 1239
1434 1675
582 1195
876 1765
358 847
1526 1632
1095 1874
234 1570
330 1087
463 1931
484 777
1120 1257
840 988
1260 1563
1745 1939
646 1028
36 1420
144 920
278 1357
1245 1591
236 367
417 1741
322 976
308 721
1320 1759
372 884
4 655
573 596
682 1436
854 1008
82 762
195 375
571 602
532 1156
54 871
131 1928
1619 1898
49 1644
971 1790
456 1627
684 861
408 1757
250 872
75 849
1066 1890
1078 1142
322 1936
83 1468
75 1256
1704 1971
314 1532
257 1137
919 1123
856 1571
391 749
247 1163
359 1669
1602 1795
171 681
648 764
589 1025
1261 1902
121 1964
870 1042
553 1900
224 674
1401 1515
438 1516
1367 1502
417 1069
132 482
412 1664
997 1714
684 1384
603 935
461 1169
87 1646
733 1563
1196 1938
779 1105
758 1897
923 1808
758 1213
44 144
728 1726
795 1046
484 1657
943 1534
301 1231
1388 1465
543 667
771 1749
696 992
1385 1894
1002 1810
1826 1951
161 1333
164 616
105 1847
1063 1485
678 895
1246 1831
672 1480
712 1049
436 1386
102 1710
1004 1544
548 878
1305 1686
113 1256
459 1537
494 1022
51 805
691 1250
880 1355
1102 1484
845 950
171 1244
963 1802
170 1400
36 1447
1503 1504
1181 1640
105 826
607 739
920 1245
1359 1919
313 1173
388 716
623 722
246 1657
836 1425
303 1517
400 552
399 1944
320 1407
89 373
940 983
354 1230
9 309
44 406
237 912
535 1954
153 677
1223 1590
342 1051
1044 1840
1152 1239
1333 1409
253 1672
707 1890
1586 1964
776 1469
107 1008
399 651
632 667
1764 1942
340 1461
63 1747
115 1616
484 841
685 1832
1043 1540
112 522
770 1297
532 1240
629 1458
1344 1508
45 1868
1317 1583
1726 1854
463 1593
1109 1668
981 1774
101 1485
1291 1633
294 957
1153 1837
610 1092
945 1515
805 1873
1183 1879
69 1792
85 777
717 1348
84 688
448 1256
416 1449
610 1207
1266 1282
143 1146
1365 1982
543 1070
8 1204
1474 1647
221 484
310 1942
628 1759
316 1072
354 1390
1682 1968
117 426
194 207
3 1422
963 1677
1268 1883
141 696
330 1414
231 531
667 1129
128 1366
767 1289
798 1569
556 1669
894 1323
701 1479
708 845
404 434
28 1759
669 1674
1315 1703
886 1624
704 1055
1417 1786
135 1085
384 1357
1133 1865
91 1782
516 1354
767 1349
776 1746
1373 1552
530 1813
612 1954
612 688
73 401
293 902
1391 1570
733 1764
541 1273
177 664
133 520
811 1300
808 1256
328 918
1742 1901
664 1874
587 1004
247 1010
810 1692
812 1868
273 1050
562 927
1560 1640
1668 1860
440 679
350 389
970 1183
174 1458
723 1306
1313 1957
833 1589
359 1134
1314 1410
1085 1118
394 676
168 1204
1495 1506
551 1358
1300 1617
428 1106
1 622
282 903
935 1512
1345 1923
393 792
1127 1131
1223 1433
46 553
1635 1873
136 1392
303 1014
799 907
633 1727
135 1695
191 1728
278 724
103 1405
530 1310
1612 1963
166 1703
1154 1805
940 1343
707 1692
528 1810
256 604
421 1644
1105 1516
137 797
1227 1674
284 1788
500 1920
888 1656
125 849
160 1524
453 1119
831 1055
1136 1573
1024 1943
616 1159
1183 1190
939 1781
70 1716
522 1945
352 1759
288 847
1329 1851
426 1081
538 1605
1352 1929
593 1866
539 1561
187 437
1210 1303
374 844
1065 1879
75 888
122 728
602 1274
411 1510
301 1757
86 166
1196 1514
14 1348
105 1604
828 983
425 626
261 1254
1513 1539
1572 1623
1510 1790
1380 1431
1619 1662
1243 1706
685 1228
1224 1594
373 1827
673 1638
78 357
186 1658
1502 1972
960 1795
1199 1918
235 312
194 520
765 1089
19 1119
241 1366
528 776
340 1835
74 1194
1 729
1361 1803
439 469
347 1646
1721 1933
616 1876
1314 1645
488 935
651 1469
598 1030
301 344
167 1033
325 592
26 1603
758 1046
196 801
779 1932
34 1729
238 509
1031 1232
312 1257
420 1180
292 1648
589 1613
96 500
118 1434
797 1692
592 1750
9 15
694 766
67 1794
576 1165
1284 1560
224 909
970 1644
1145 1500
48 76
750 1825
1027 1577
316 1406
774 1948
661 1407
1232 1660
1391 1695
1437 1716
865 1818
13 1197
530 1812
515 583
848 1406
632 1236
657 1118
609 1219
50 1427
1270 1974
240 1267
3 1445
45 1356
669 1089
1292 1675
289 930
322 1713
1474 1920
191 1936
63 1460
556 1842
634 947
703 1667
425 1730
245 1806
1631 1941
1299 1485
121 149
525 1386
476 1440
745 1877
