77 2926
15 52 27443170 55161901
40 66 884970624
46 62 148260852
5 67 711213444
37 57 407386525
3 73 782822297
15 24 993934552
2 14 894478216
45 49 950454850
15 62 211244372
57 58 748597691
31 53 528827244
21 63 162292047
35 39 8468495
6 17 772380575
11 23 826919554
4 33 795485582
48 77 951290021
1 50 967064716
2 6 603911392
20 43 872407526
69 74 7617127
6 20 516028605
3 56 807537915
20 55 937944851
23 48 953774212
3 72 702487681
7 30 800613206
14 26 815341701
45 70 777857196
65 77 359038784
41 75 315295411
6 45 963468266
16 36 817080949
30 50 467421519
29 71 308436506
34 67 263926758
30 55 935987503
39 75 733138941
10 21 614885791
23 39 530714960
21 72 53594856
15 31 606665015
4 14 942238848
48 52 245204363
24 69 105078212
5 62 19974203
27 76 346581838
2 55 281014061
42 68 925418691
30 72 867323098
43 54 51537694
6 48 870130749
6 7 652940113
9 73 499815846
37 76 424992361
37 53 291653085
10 48 369039221
36 67 454507260
1 6 802316009
31 39 979881757
3 44 319847914
21 77 550472800
7 25 232894520
31 58 597684212
53 58 140543775
34 56 285742148
26 31 567958125
51 75 792773940
36 64 86177174
36 62 495107524
20 56 328572134
24 39 987656039
19 76 167376921
33 56 599433279
7 65 100561634
8 65 927269068
51 52 270978118
66 67 859955563
1 45 107997123
65 66 456414665
4 20 216100617
14 51 620961984
47 48 265824039
7 73 340423975
29 70 220749094
27 67 955899470
5 9 432312859
30 39 598892170
62 77 656982000
2 27 296027788
64 70 449264263
24 54 625317352
6 43 101668550
7 33 728286776
52 57 450297132
37 60 545472236
2 12 469831579
50 59 177220977
40 49 36606536
12 75 582187108
7 71 41390907
5 75 467187720
9 70 988119287
10 13 463670315
2 61 330720300
58 76 597190675
10 63 621377918
60 63 672828706
7 66 176235084
12 24 158873175
4 26 572733877
33 70 735783555
27 56 178174478
25 51 807243963
38 43 427303648
39 70 29459010
9 44 146288429
28 49 679406210
4 67 456683572
48 55 450013267
51 59 663582032
16 52 960626714
26 39 899692864
44 51 816018698
23 60 752742622
9 55 405521289
16 25 70425648
19 21 78578278
4 15 210329597
33 47 779537297
6 39 324901565
20 76 367699224
45 47 546963318
13 39 176033865
43 59 437934736
51 56 896315634
23 57 918840401
44 49 646845074
19 73 828844939
23 64 25087515
16 75 757066569
8 29 232778247
65 70 522532679
15 58 395865888
35 41 234515209
30 37 360259794
34 42 7070293
1 58 812653001
26 51 110212772
19 27 525564221
36 77 381043322
3 55 951033363
4 72 873000610
41 73 969295096
38 74 985680161
12 19 569095650
21 31 579786291
27 64 55811092
29 36 365890532
68 75 382975397
22 42 461996189
9 12 538336754
67 73 757258814
30 59 580098940
28 58 867525239
10 52 833983645
4 52 300980765
9 20 208292425
26 61 888325274
3 26 925282691
10 15 968502940
3 4 765200015
46 66 471381703
37 41 513529027
16 65 773251114
22 72 278795065
4 62 268414343
4 32 963373282
45 77 786477623
72 73 364019666
3 71 162094644
10 46 683682749
9 59 642798659
25 49 109507857
16 33 897372992
11 42 836798272
31 38 727346406
3 68 395135554
6 49 27800786
13 26 738806740
14 16 990144813
20 38 132979002
32 41 112576497
3 38 952608593
33 51 478594501
57 73 825381545
2 57 364993477
5 71 617912282
34 57 843906252
70 72 243748845
41 51 627898199
21 64 878766676
18 61 793560800
26 45 632103833
25 33 391520414
14 61 586176106
42 72 476574159
4 75 84580814
1 10 797014537
51 60 4063367
20 48 60433074
25 28 974300469
39 76 213818075
40 50 102918183
22 25 596121040
49 59 104362738
55 74 666660900
15 44 23814603
59 77 213338875
30 62 539988518
6 10 965514934
8 26 518465427
2 39 886321654
27 77 345810320
69 70 498469150
13 47 525822023
22 61 500124757
18 26 458875191
8 56 440767159
30 32 670630407
18 55 487266959
68 70 118186446
44 50 548938246
15 25 28363674
65 75 379785843
14 41 514020894
17 62 887576800
16 51 863734108
4 41 362335529
24 32 147208777
2 44 503640084
48 71 405176086
22 35 855162018
43 67 295124381
13 43 473948797
63 64 78296763
72 76 43049852
47 53 636040974
5 68 912819153
11 27 325452380
28 38 374899115
38 44 483017133
16 30 517597064
17 46 93207333
36 42 204937386
24 33 204059428
41 74 454423400
10 19 874063273
2 17 274656220
3 20 791243495
29 55 796398400
55 63 43053337
40 67 646045569
14 44 476866460
32 59 20240019
29 33 25612081
24 64 341743784
2 35 656109564
1 31 103965161
13 54 537264765
8 20 748978198
6 76 959967924
30 69 799613736
4 39 935963221
39 42 950353591
65 67 885250574
18 71 724893781
24 37 173846829
27 31 331871791
15 26 372504904
27 39 806979905
13 33 10873944
46 69 333716662
27 69 535260240
17 45 871330352
26 55 725046583
14 72 578477111
1 57 28150970
42 44 159153411
6 13 725517050
9 14 850893586
24 26 320010008
1 48 52456449
7 49 192594903
44 52 103406443
47 54 343159706
54 66 356318982
3 57 869607169
29 40 957909132
7 9 549563587
12 44 219902579
33 71 378735793
30 46 129170893
57 76 205828160
43 66 118534714
29 44 858055407
16 17 38409735
33 37 221189086
55 73 322085024
27 35 715681761
26 68 635024244
24 74 365636625
56 77 941267648
21 50 656377833
24 34 663705168
16 50 717058011
26 73 54827992
23 53 859203057
44 73 90745514
6 32 368126288
11 69 227344598
34 54 148772054
19 61 824264702
52 72 404508448
6 12 809544202
20 40 703635564
3 6 912245973
31 49 489264708
35 66 181919799
23 40 673178379
18 50 351001257
16 29 454040615
4 68 426240284
6 53 627867986
17 26 100992136
2 28 574812271
7 52 663396865
19 57 675732901
4 76 673447689
23 66 242153740
27 44 120787718
18 73 138622530
9 65 266518630
38 68 556270201
20 65 604044323
16 31 495809240
29 62 213390631
11 63 379938828
8 33 974167575
11 74 141226058
61 66 581916657
42 50 116131137
11 40 563443098
24 65 480077167
15 38 92712536
2 64 733812499
15 59 367393302
11 59 867479033
12 64 31771848
26 30 759051084
39 60 822222861
22 63 263814414
31 61 108390136
30 43 684353482
1 71 356087647
9 46 301396490
38 76 574980615
1 47 409275980
67 77 424312402
18 67 552779129
36 49 836247129
29 67 897290089
44 53 927741821
7 34 427788324
6 24 94882169
14 62 931533594
57 65 846310100
2 74 701536342
23 50 389722295
38 65 122887382
7 28 626805090
8 9 887563241
23 56 297250463
2 77 19293468
11 77 410850381
15 71 81502635
7 53 56255382
11 21 665402362
63 66 756146565
20 34 310538353
6 40 537985461
31 48 125265405
19 35 539605894
35 67 182820448
37 66 758752429
45 65 285192954
24 52 7183522
29 43 336948298
53 65 4721214
9 10 558720533
46 65 447002378
24 29 457000354
33 50 772620991
35 40 401559276
12 32 415931516
62 67 916935919
33 52 781974627
21 56 160613820
60 71 70511717
28 56 172866796
50 72 634190464
4 58 507002364
12 33 684349956
62 64 280708611
69 76 476660186
28 46 668875158
16 35 104557091
8 69 306125543
37 72 156309496
47 64 946451230
63 65 957372758
48 72 304964047
36 74 425043846
8 43 811175803
40 52 391251999
14 76 680903061
9 38 402270109
10 34 56721546
11 28 960305203
30 56 213477483
4 44 456237176
43 51 494190217
10 72 614495611
21 66 84918814
40 51 925349423
55 71 324313577
18 25 162350255
31 69 978322623
8 76 38913455
21 37 35467048
70 76 816436841
11 22 106108459
6 65 254062979
44 68 954095313
1 76 765569426
50 63 250832312
4 29 791780398
52 67 494739341
39 48 880257667
17 41 829670188
36 60 70127761
33 35 499720715
27 72 731417060
17 39 61976901
4 55 101299224
53 64 689950883
20 46 351356779
21 30 199639276
32 57 375731918
11 67 621954773
5 43 44449578
17 28 256055812
44 67 111934068
7 75 635518762
4 19 35914840
35 44 436297773
6 56 465261743
25 70 830383020
56 62 890865090
8 53 557269110
7 23 644350933
18 72 971083052
18 33 722531477
23 46 641787593
12 31 858732304
17 76 361415437
8 12 110421482
20 54 499886091
18 60 426536079
70 71 815805389
12 71 473839230
22 75 406518621
25 60 851153712
6 70 774142096
17 75 697779911
3 60 598837113
37 62 159654537
33 38 183124594
32 69 594789501
2 76 905533043
29 37 361781089
19 49 12983218
23 75 679464874
13 76 374281231
23 33 427798915
31 52 235570774
5 49 337894926
2 65 806777101
36 69 895542189
19 42 574583371
57 69 541278675
23 51 477687825
12 37 151240959
19 54 424896501
14 55 714378251
7 47 49354634
16 27 25118142
22 31 155331006
29 42 747868309
9 61 648719378
40 41 17884566
17 37 302779776
48 53 633853406
35 38 734137064
11 52 885015964
28 32 699287577
21 22 274832908
12 65 354775423
3 42 339579084
71 75 560783143
53 55 651938439
26 64 917783355
56 68 885512076
28 72 92380248
5 47 69452372
56 75 432264516
8 31 284649267
41 46 21765197
38 39 747603134
25 46 230619289
53 56 157872157
6 18 147882325
7 57 102275117
7 32 138629513
6 77 402151776
63 69 796123431
39 73 534092915
64 65 225705608
33 40 343040773
6 30 328437013
35 69 14621953
19 69 15373317
4 65 413956780
60 72 701318276
32 62 542890190
62 70 767742224
50 53 785646763
63 74 186493613
15 32 1458726
18 51 209912359
14 19 160585599
11 46 891842376
55 58 510097498
58 67 821970982
36 51 852986660
41 71 403146063
43 75 525153259
18 39 60112004
14 21 968159246
7 64 597687309
27 49 812681146
4 9 127454267
40 73 55551737
10 24 277645396
13 62 327622433
12 21 976041345
5 12 810322466
24 67 176750667
13 66 647771301
44 45 794088195
8 54 984982446
61 72 572059631
60 64 299499420
50 51 884087098
42 70 609070295
8 71 397550900
16 24 743534324
47 65 621815701
44 70 102705121
5 42 8279875
12 47 44666523
44 66 949347712
46 71 947428548
11 68 331564233
52 59 111363096
54 74 118767360
19 36 580465022
55 77 196335700
24 63 338118400
4 8 302082178
27 41 462515797
13 25 714914977
26 32 275787083
22 39 662155538
25 68 105939315
21 75 967648088
40 63 413824264
48 59 493251376
36 55 457396893
35 61 514820707
9 53 523521910
3 47 980397099
47 60 762291053
29 75 90904785
13 16 307688146
31 47 967212935
49 77 127546906
32 33 319776678
46 57 412269419
48 50 242366493
42 49 189717244
64 71 773521642
30 75 739877643
7 58 186382603
50 74 901386449
73 74 508499319
40 46 751795648
18 52 459821255
23 54 292037300
23 62 86700549
2 26 355400797
74 77 976983333
32 44 13109779
46 77 125040194
59 62 468362046
41 56 243771801
4 31 470953228
4 12 187001034
30 54 631142226
22 43 640038244
23 24 242852210
5 14 691339203
47 68 281878953
65 74 392962600
8 58 744290476
22 38 461675305
47 62 219904172
1 23 109646118
5 58 951335543
11 73 195830107
1 62 373519537
7 17 604449082
16 67 592054387
23 58 368877118
39 53 834864175
9 72 465190850
21 42 100162352
14 28 111035932
10 26 486304695
42 60 116826561
5 46 685685198
52 71 939551079
32 46 866300373
24 72 944993940
28 55 362365296
3 34 159881946
9 11 796045740
32 64 798336005
4 53 159201289
18 77 569096593
30 44 548918517
18 38 634612533
45 66 880646433
49 63 730584668
19 65 159494953
13 64 407737793
6 47 82129697
3 59 357315055
19 30 49639421
27 50 851431137
31 42 972238109
6 42 906162573
9 33 68108301
25 50 223911958
3 50 862447762
33 73 145807985
49 55 135069452
12 57 299727548
38 40 808522811
17 54 760472406
61 70 250862686
2 48 73841651
59 63 433786005
26 76 205342176
38 54 498378430
43 50 298424282
43 76 344558862
61 63 723473891
50 65 381848163
47 57 658447809
62 75 637477248
54 56 494297298
13 34 318860373
7 26 142128021
47 55 895652235
2 54 617756935
64 77 589001224
2 30 372585464
2 3 347323532
12 53 39946277
7 54 397230017
34 35 692525308
12 77 292322493
63 76 269366852
27 75 897657310
16 21 465598162
22 47 963766310
24 75 179525433
5 8 442401465
4 40 847214575
13 28 836057272
40 44 154627335
23 73 585675657
41 43 221351063
42 65 442049589
8 39 29445851
30 66 621997612
24 36 956435781
24 45 747626819
35 50 563292107
2 70 179958705
37 49 318364431
41 54 991329856
12 52 650091809
1 39 999345560
28 61 804216479
29 60 314904392
7 42 408657117
24 28 343101212
25 39 666036988
56 60 626455715
25 67 771117215
47 76 573744142
11 50 687641195
16 59 744537297
27 63 95507473
17 66 308769608
25 27 747043198
19 50 845180849
41 65 468400054
8 41 762619464
26 56 986506169
13 27 442034284
25 64 523863200
10 40 617585542
29 73 462251791
35 60 753612898
17 30 247261512
16 46 877375188
25 45 178974515
10 77 141834368
37 74 479787594
6 51 619817030
19 58 728352348
16 74 39413609
44 54 149346146
13 32 475645835
27 42 803340474
44 71 429942858
8 73 573996883
45 53 211777136
3 28 527251729
38 59 904382184
10 17 4786835
14 25 708570720
5 10 978854500
40 42 368941183
3 51 364477109
15 17 713534605
14 58 841761633
34 41 35767146
54 76 315092094
29 72 927538817
50 76 380752214
30 57 499789422
3 31 855626057
4 35 135024976
15 21 763439358
61 76 304129036
14 17 910514269
11 36 634532694
42 76 786105050
50 70 393859364
68 77 99004445
4 51 627234504
8 22 118124278
61 69 761924602
18 69 764686694
62 69 293365520
71 74 800036451
16 43 498117990
64 72 450341244
53 76 81138131
48 56 832959579
2 58 856711286
18 36 924486882
8 59 10267355
2 18 616557218
3 64 632855819
47 75 88186572
20 74 903521864
18 42 776074512
28 47 17797086
48 64 682027670
13 53 930188557
47 63 370837190
28 74 821790311
15 36 700047585
1 12 45907856
48 63 680059370
17 40 196700931
55 64 507202123
25 55 749607409
17 51 205024530
7 67 146442280
19 24 85896935
4 13 528700491
10 38 146528021
10 14 466319225
53 63 426040757
3 11 508806784
1 42 552379169
9 34 824991174
37 77 418000142
49 65 868733092
24 42 962637307
10 75 543708039
7 59 622449010
7 69 214689949
51 71 667800364
5 27 237892677
33 66 124059765
24 38 383241640
24 47 90275859
53 66 974322655
48 61 356586244
3 30 393996158
16 49 32014979
4 16 18889506
43 65 252972863
38 66 486809162
17 31 149753102
34 65 643452276
59 69 784143622
2 41 66307845
28 69 258356043
33 53 324581063
42 58 40746010
4 25 981657294
1 51 823470911
20 60 212307053
3 61 12608999
40 76 923403468
11 62 153007595
24 70 696585663
1 25 405008711
28 73 79276362
40 55 359512458
48 58 370848684
6 33 512310421
46 61 633775030
25 57 808680070
66 71 457576939
11 64 809048021
27 73 67717495
44 55 496367740
54 59 603117730
41 62 908175315
1 19 712259547
25 59 56225006
14 27 150128235
40 53 181018089
40 77 866063490
34 49 531025844
59 65 318988730
19 23 275151252
18 31 11462442
49 64 574562977
34 59 590434013
54 63 889471998
30 74 126300263
3 24 267312784
2 9 438350962
61 65 321930482
48 69 934543554
24 48 135299814
16 42 189523138
2 23 848133735
7 15 511705573
51 70 693925011
23 27 60909621
22 54 467822244
10 30 144383102
73 77 264247118
29 53 673779475
51 63 267144085
25 71 903103332
6 68 106398176
35 74 676363898
9 76 41727251
50 61 771261156
67 71 326635318
14 20 765217504
9 36 861998360
66 74 557268617
3 58 639439144
36 39 277899304
9 21 436759085
23 42 177442065
2 60 484024021
36 56 720660456
15 39 500741011
49 74 534905015
7 31 523128646
2 69 29610909
8 66 510439430
43 47 937161572
15 49 475296076
29 63 847756235
12 66 275916545
51 55 71242797
19 31 925870523
24 76 392713527
39 68 232437944
59 73 490770351
5 33 592544390
52 55 592737430
44 58 44122607
12 76 897928623
31 62 852337995
6 66 916573660
4 45 739275330
9 51 704838596
4 37 196616982
30 41 279418317
24 58 704021841
53 62 307692685
52 68 65718073
35 45 332972622
22 65 931347184
18 43 69911782
18 37 456399278
40 57 914973502
66 72 390915125
38 53 353569284
16 76 680693468
5 25 707781594
27 70 539128462
1 61 112848088
20 31 490176484
35 36 937066825
16 53 63092511
15 43 35462519
8 37 66809257
18 40 415056559
10 64 613018962
21 59 182946423
49 62 778270801
12 38 525336668
41 67 767440309
64 68 139153536
19 68 628247290
22 73 133820608
16 20 915564501
37 58 949570025
26 57 373912543
45 60 774082296
60 70 741680258
3 69 406083305
14 67 385743759
30 76 555654800
40 65 912590661
35 51 329306747
11 15 968882666
24 25 251216357
42 62 119833960
20 69 26678283
12 58 627087747
18 29 899759873
14 22 786776556
32 52 902379445
16 54 901180966
10 55 760129114
32 75 758279416
22 33 418295818
70 74 466045023
45 68 275796585
11 60 926022699
16 47 840907496
21 28 709611990
20 27 349223424
6 71 936788945
8 52 964380277
17 25 135270290
41 76 694395938
12 56 771578735
6 25 34381269
58 77 904066085
54 68 148595962
20 52 140160942
57 62 831731819
7 70 456608321
23 28 885500784
30 65 636567465
1 24 28514267
1 21 543950675
53 69 511220132
21 26 970392200
40 69 690412086
22 76 109418134
42 55 237078050
7 35 377072612
17 22 596144389
66 73 857718062
38 42 321363056
2 37 691941283
48 54 601250721
8 27 562521216
23 47 563282161
62 63 244529835
37 64 283700664
21 43 810713595
10 73 24533971
7 10 213380534
22 69 328940793
12 18 864406237
26 28 938667688
18 46 352237160
9 69 370634527
5 77 193772767
64 66 128553236
50 73 529864782
26 72 322900610
36 47 893507492
14 75 50093377
47 72 305447298
24 60 224589836
41 53 809542675
28 71 559639300
13 38 772514919
15 41 577848141
1 63 276587351
31 32 62751996
31 44 287114805
11 35 275860228
7 76 516111102
23 74 842521474
12 63 891138085
33 34 593300817
7 18 943196696
9 41 151061625
61 64 473425146
21 67 200897789
35 77 112905740
18 49 401682658
54 70 474185447
70 77 183640415
10 50 595076098
58 72 884412224
47 70 298959404
20 22 762809350
20 58 606510137
12 13 147125322
20 30 307627271
40 68 1273829
13 63 592899876
47 58 185553308
42 69 525607323
1 54 64483562
1 16 505740718
58 66 788513077
38 49 425855694
44 64 633433293
33 55 511319106
23 72 462557774
5 40 1087358
13 50 807788681
15 70 851357047
33 65 925940404
17 61 360417734
45 54 700922574
67 74 446655595
28 77 4338883
38 58 984162646
2 7 304904743
13 21 243087385
21 44 977896300
3 77 406641023
15 20 830990289
11 19 628810441
3 63 364629046
23 49 636948876
14 50 931390722
36 71 312439359
19 28 194347959
36 65 913544315
19 39 278973357
25 61 796390496
5 44 39851295
40 59 630397558
33 59 595702918
3 66 308361329
37 45 475192427
3 74 387738848
19 29 587878244
3 19 453058742
28 54 570919393
29 58 671272299
49 68 163482842
25 74 570885551
15 51 243654481
6 19 983033714
73 75 558470479
52 63 375332629
52 70 607236141
3 54 271241460
26 69 14603455
4 42 183191197
32 65 224814013
33 48 459478384
26 58 948856351
47 69 946880647
31 73 197016569
54 71 492022548
15 63 613704913
22 52 814862519
16 69 818514888
64 67 975279014
23 31 120597643
28 65 874931837
18 34 778942371
15 74 826610916
8 63 643360455
52 62 425822414
12 30 213018837
41 59 338200657
45 74 812421133
31 77 935594461
6 64 799867317
38 47 150448051
44 62 223387404
6 46 964635021
31 51 233190811
46 52 843841836
65 72 296663500
28 29 528238897
30 45 183100376
3 76 682912626
19 72 144681187
61 62 551064221
18 75 515590330
1 56 924427982
15 54 49492759
41 63 41527813
14 35 665526862
51 76 744519062
13 72 962312670
31 64 916484859
21 46 568108671
21 73 856449113
49 60 453360586
20 72 22300878
39 51 993531805
39 77 369507454
34 71 76877040
24 40 831763821
30 60 270047422
28 57 977882646
26 52 417041512
10 57 497291451
18 57 157438234
13 14 291891724
1 60 676465755
34 40 323510665
38 69 47004536
14 38 674489365
25 31 118666791
60 74 470790617
39 69 863811207
18 74 521846670
31 67 421946379
25 54 160530806
60 67 649225213
23 43 241086598
8 46 171691313
7 39 81444217
57 72 463520083
2 40 863890443
43 72 47800222
50 69 664419188
2 49 253781723
28 48 333017632
1 27 847659412
55 61 568318836
24 77 917930475
9 15 851045293
41 57 900565713
7 55 347058839
20 63 585956958
72 77 696443989
28 70 709287166
6 9 697443287
58 65 876551658
6 36 172888797
43 63 122567812
22 68 711030770
38 52 612545531
15 42 102583383
20 61 725040520
10 60 817278959
27 33 957137789
12 41 258854488
4 11 198734699
18 56 421750025
36 44 404973456
44 59 546771179
36 50 9612360
28 33 613138390
19 55 592690007
22 30 184830511
21 29 709824438
55 66 20142819
22 36 213044729
39 56 321885358
8 25 343148341
6 50 447078990
36 61 307881200
44 75 744323658
42 53 330452114
1 37 329962548
16 45 602873120
30 70 796107773
5 45 604412116
17 48 794771262
21 69 536118065
54 57 781592392
16 34 302917742
21 65 42359633
27 66 536392533
2 68 86935534
23 55 573908226
53 67 529089309
33 62 955370337
30 68 561086270
16 19 729036704
2 15 52220688
24 31 29750634
45 58 405942196
31 40 828024567
37 46 715743340
32 63 607742391
28 44 579425930
19 74 316797820
37 50 98055599
36 45 278721222
9 39 325749124
59 67 930086530
20 25 56620265
73 76 11524343
4 34 856329795
9 30 533135126
20 53 619586751
31 57 696910214
11 70 126505846
13 23 583530569
9 42 588068711
6 52 57333897
11 44 172876209
16 26 862573334
34 45 975714503
31 54 564848504
30 58 165246141
65 68 87766748
22 70 236407136
71 72 266732066
47 56 763549275
19 45 568518495
29 59 172469499
24 56 453411673
33 76 426196749
31 74 455404593
7 38 916492564
7 37 404368049
25 37 962950694
23 67 260947687
31 65 856848171
36 43 679043048
15 53 651490558
56 70 950317442
16 48 67839709
15 48 551672140
42 64 799878504
4 38 480828452
19 46 339849100
21 48 654326454
1 75 91707948
30 67 883711854
15 35 608376809
19 32 705285934
2 42 743009261
9 68 824857666
58 61 85367881
9 74 402722736
20 28 577261683
6 22 586207771
16 41 800723712
53 68 481412225
54 73 518088492
21 60 382663108
6 60 296238234
23 29 718182946
43 68 946044523
30 40 261598698
5 72 688973308
22 51 819004728
5 18 186393221
48 62 671291159
12 20 6022920
22 37 592600141
62 66 481964933
27 68 222793758
39 50 290274530
38 71 594766791
61 71 462649070
4 64 744453477
21 52 839062658
32 67 657412446
48 51 49984197
29 76 612566696
23 71 780932503
44 76 993423066
32 42 259906788
59 72 103366005
48 70 497721000
27 58 731262895
11 55 844117791
39 62 383761422
31 63 82250428
37 42 370386411
36 40 330762435
52 65 609452679
53 57 892032331
14 18 70630682
39 55 384734695
4 47 97710904
32 50 657318949
5 31 846944179
49 67 444771441
29 35 422625380
7 62 624745730
29 52 1549788
27 54 611478156
8 35 556749856
20 70 264128183
1 67 760751663
18 45 99565986
26 44 150860740
10 59 763126314
16 61 583113243
22 41 454567654
43 70 192543762
39 74 213676390
55 59 922590005
29 41 726637600
70 73 782205086
26 54 337120895
37 59 906452247
11 57 576173853
19 66 391651415
8 18 387629012
48 76 216816501
34 48 582588375
53 61 58645579
46 76 670116355
40 62 468715706
55 60 481617192
8 15 638764810
13 29 669440594
29 64 16107977
10 58 350292925
22 71 104544703
51 68 649458337
9 56 459394272
27 29 333941177
28 41 95080488
41 77 255028259
17 56 627766040
2 59 916922463
5 50 599973305
15 46 960125419
63 77 179135055
31 72 123300700
17 20 548273187
1 29 280167510
34 38 733015968
65 73 877821442
5 35 844580675
11 29 278692814
1 68 454428690
34 58 822670973
45 48 511695831
33 45 866061835
25 38 809034604
4 69 128030547
2 75 350595351
9 13 955152503
31 34 766219604
59 70 143419940
42 73 18560348
67 72 20816544
9 54 41172080
9 47 441486644
12 35 284330480
36 58 117729235
32 71 211831295
29 66 57763820
20 33 842970043
52 58 134077559
5 51 713207473
24 27 819071667
5 73 163877157
2 72 874045511
35 56 911942584
32 37 309368156
3 49 225987065
22 27 677228635
46 55 102779791
53 74 85105180
60 65 656911220
26 36 800385510
13 61 313753756
39 52 987395490
3 16 88167806
31 46 752419506
26 49 671372434
4 48 625881202
12 16 109968389
1 44 94383579
17 73 835542423
13 49 310060221
17 77 742545185
7 72 28743225
37 47 269384737
14 68 627233990
8 34 373648573
15 60 926720569
14 65 447381468
11 33 581782866
3 15 50766996
58 59 657367513
42 48 332596443
16 44 295603181
11 13 307386576
52 73 326992750
1 53 712142027
64 69 828811591
18 44 346787923
11 39 427865423
44 72 678652654
18 41 877649609
16 32 947602099
24 57 91369122
42 67 932667662
17 18 217035198
5 22 761856290
31 36 282327461
34 69 395740943
57 71 361119821
6 74 802121221
34 55 446190445
42 45 308507231
35 42 535830317
28 37 486586134
37 75 57634190
25 41 850814084
22 60 174693646
65 71 256548216
5 66 493859949
43 45 366820263
56 64 673722430
32 55 371897364
2 8 374680478
3 9 694454335
39 58 789628680
50 66 405266457
66 75 189743319
56 66 981056704
9 57 320668399
16 28 248768303
10 31 47013394
21 62 782671342
41 44 985889533
16 38 330289435
60 77 939112319
23 61 863145715
71 77 782368740
2 56 976377896
10 74 655546738
4 73 35768944
41 52 615094677
14 71 391804145
49 72 988363842
21 51 897908800
14 37 8260054
27 74 91131825
6 63 922096344
36 70 918342829
29 56 457004089
5 24 630018036
4 30 775653784
15 22 272436625
15 30 789649536
25 43 194942638
15 61 964476115
17 35 791781061
5 34 310809497
6 38 174800156
45 59 926864944
35 64 277817900
9 49 148118345
13 40 972093509
13 18 232404570
1 52 450290239
54 72 370365061
25 73 863819500
12 36 485373804
49 71 178408788
31 66 837129414
9 62 54407905
25 77 610895762
76 77 757802919
28 53 557134766
34 60 427123295
43 56 987933017
22 55 728787798
5 41 310880249
10 47 502219777
25 44 981448259
15 66 269742321
5 20 8272170
5 39 629709122
24 41 171336461
21 58 107737822
33 42 214780169
8 62 468919660
57 67 38548089
42 77 844481356
17 57 192913267
9 75 182075014
2 20 546626178
22 29 533866518
69 71 651685959
45 76 906005537
38 62 921167598
30 34 718468519
57 61 37325878
5 60 797033764
58 64 764874946
14 45 919626739
24 44 152686057
27 47 464251243
20 37 754174775
22 57 296361653
14 40 99284666
21 38 115605752
14 15 577092827
4 70 538044817
8 13 55239832
3 21 578760322
40 75 922880665
33 41 131447930
14 31 953839034
32 34 751739999
43 58 810944316
57 66 999648983
37 68 991963457
11 34 420394185
43 57 380900250
23 69 227536222
55 65 903563880
3 32 439433923
1 65 170211891
60 75 722539236
16 23 783150466
13 70 65806421
32 53 502487263
38 64 180899169
29 45 792785752
68 74 550948483
25 36 354395965
59 61 223004370
40 64 980272740
3 36 116023708
60 61 497605259
19 26 128372379
29 77 585371992
29 50 76947228
15 56 384127101
3 7 777074235
25 34 71630461
28 42 334738174
12 54 49069137
59 66 317645685
60 73 376782319
26 62 602317399
33 68 184413708
30 53 330398056
25 30 419171846
18 54 546523816
30 52 689336465
48 68 433797888
18 59 796096089
26 67 168545479
10 33 574498158
58 75 804574024
32 74 807722223
17 65 732200587
50 71 26738571
15 75 478808594
21 40 886150030
6 61 957892641
12 69 46147880
37 43 366787983
10 25 789221935
43 60 508781005
34 50 614837573
42 57 929753215
50 58 62615708
51 62 25096188
14 57 249756205
59 64 122050682
22 64 881122175
28 64 654525006
37 67 301792555
57 63 143339044
29 61 510013280
12 45 189581710
40 54 495948034
49 58 878127223
22 48 668252133
56 58 732713492
55 70 719122301
8 77 122307478
28 62 289155936
12 51 487273625
26 66 757501157
68 71 535667900
57 64 584640434
23 45 330971936
8 61 702147452
62 73 394068300
20 35 125928219
12 17 849076002
15 50 629005871
27 34 852395137
9 64 464836026
47 77 73624854
26 65 749164603
20 73 997270450
62 71 275489766
39 54 51795412
13 57 343149479
20 75 918466843
53 72 103839484
9 24 325655105
22 53 326587120
41 48 663919181
10 35 612790430
51 58 534226206
24 49 574203656
39 45 256968079
8 21 109051814
47 66 942593857
23 59 745298011
2 11 869837192
10 12 979642305
9 67 755918881
16 56 770471372
17 69 969217933
15 40 516944314
68 72 835628793
3 75 819238541
9 60 764499636
35 63 371359690
62 76 462234969
14 36 431126804
33 44 149358548
27 61 890381816
15 55 419733972
31 43 855274054
11 75 638269047
17 52 23645727
62 72 928056236
18 68 6672257
14 47 754333204
5 53 729349407
6 62 456368547
13 22 141994005
4 43 198730723
43 53 896227795
14 59 928863933
5 48 991727771
35 71 430515453
6 31 209785713
15 18 996103382
46 53 965603803
5 76 468900202
5 7 780490113
31 76 165637423
21 74 797580570
46 48 200369473
42 61 417652288
46 54 836342338
41 64 181663876
68 69 271388795
5 29 487066849
2 4 434269345
1 73 788850293
37 55 320749881
51 64 746779643
20 47 426972214
23 30 164303992
28 31 492401001
50 54 335759334
48 75 776018933
20 39 393696843
51 65 276746897
6 55 471216706
20 26 23437163
64 73 307716425
12 55 65719601
1 2 259427253
28 66 166283900
38 48 292549656
41 69 783811176
9 28 262133125
12 48 533160890
24 46 781894373
4 22 669229352
7 61 888191346
19 41 567847387
4 56 361679497
3 27 169750939
19 60 842600258
32 72 68547998
16 22 718074472
7 45 398886502
31 35 907741733
34 53 200026793
33 36 350928563
8 11 461833465
12 62 143724441
4 66 172255372
33 72 294225970
5 37 889442042
26 33 879229725
29 39 290281068
38 45 92534849
14 60 315605516
10 68 882806307
63 68 652113494
41 58 52647955
46 68 417617072
15 65 132372263
21 68 238889392
1 14 941741947
13 31 349390938
19 22 829595350
9 27 231786298
2 25 359208677
34 46 246244698
13 55 921732107
1 35 722932779
7 43 231577361
55 68 248715017
1 3 940821626
24 53 324122659
38 61 134834113
32 77 340987785
34 52 70797634
34 73 993583805
52 75 499485847
51 61 663152995
68 76 515235041
18 66 802719815
36 73 286227475
44 46 568233983
13 56 720377902
15 27 142546397
16 77 154810252
23 70 735751572
10 22 211017251
41 70 967966421
43 64 684128630
39 59 475406281
2 45 390415964
11 16 836206751
32 35 115537688
15 73 537237892
2 29 885319505
13 75 615877784
44 47 529737817
56 73 282607713
23 36 928416863
31 55 986074465
20 50 652534901
10 37 425366839
3 17 864257613
8 57 722127346
54 61 248930959
6 44 17510040
42 43 472201604
51 77 882110197
4 57 185029662
10 29 114351859
47 50 249829218
55 62 746143447
50 77 526746861
9 50 821237602
21 71 554581482
57 68 892313981
25 66 390432597
3 8 779919557
74 75 257681351
40 61 362798306
30 71 816780977
13 37 122378036
19 77 616770321
49 51 817812864
2 33 12290175
34 51 538810839
11 72 774549580
26 63 781634694
19 52 259434296
43 49 37653827
27 59 248915495
29 69 635585059
24 62 683829987
2 34 366445040
50 75 803245094
1 77 107594018
37 51 999872511
53 60 53981620
46 70 248446644
24 73 948132220
42 59 420333452
65 69 795820135
20 59 701519908
17 67 384732921
23 38 543744158
13 45 814761870
15 69 292897722
67 75 906105301
26 75 958161104
9 18 930552732
44 63 819838942
36 38 523831886
49 54 203383708
46 60 918132380
13 68 241572905
2 31 12395859
6 41 372749657
11 14 817609333
6 54 289903347
45 50 493321218
2 24 914114881
12 14 80880584
43 44 326246589
2 67 287631485
7 56 312857753
46 49 642129028
4 23 647595513
16 18 898716803
17 47 951114687
42 46 600785239
28 67 390814721
5 16 947631978
33 43 210642894
54 69 415722491
9 63 705291942
55 75 363633479
58 60 543385412
27 52 202364538
23 52 281401526
37 65 484745926
49 52 806976349
26 34 188787723
3 39 781032537
33 60 96545999
60 62 205467364
26 40 904947735
29 34 984079895
7 24 668900827
19 63 437613699
41 45 164182332
56 76 149987994
40 48 555394952
32 61 679708987
30 48 380274726
30 35 85921015
21 45 771019957
31 56 433502641
6 72 264337097
8 36 462202965
61 68 7759058
45 56 896067788
50 60 17005324
49 73 529358320
20 51 517002246
5 19 388355119
37 63 640184573
1 55 909665005
38 73 861015767
35 46 451559929
36 72 758811440
27 55 126452033
4 61 405954169
27 30 186511202
17 58 300347891
5 28 120562367
10 54 98523425
9 45 357300180
54 75 132862358
20 57 688546729
75 77 453219599
35 52 971761110
17 55 746049443
5 36 509549322
25 47 90990810
5 23 398419763
18 53 699082154
46 73 636570061
52 77 981136371
8 50 462251521
32 39 178906753
11 41 877043291
52 56 833892270
21 35 496865397
29 32 598234929
8 16 214867046
57 75 471371655
1 70 514768369
43 73 193135266
10 53 954641092
19 70 586241451
41 66 78474726
32 68 795763427
25 76 251694706
26 46 226341176
17 29 254317662
32 66 221997452
17 32 769247343
49 61 668700389
69 75 840022786
3 52 43106109
25 63 613583127
28 52 908672641
5 59 944841223
35 37 211637579
46 64 698642248
27 46 510284168
58 69 163062170
1 30 416066747
25 32 139015064
36 59 709629170
19 71 661034662
55 67 972247173
57 59 427003458
11 71 654669357
19 37 256117902
28 50 261221870
40 74 962767750
13 73 649490148
34 62 7221695
36 41 818840636
55 76 174713513
25 48 805826706
37 39 701837899
32 38 954047094
13 35 520677553
74 76 693082615
8 74 991386176
23 76 415064088
19 53 201965720
33 64 609214635
56 59 379096339
7 50 76535458
31 37 675847340
42 51 593239859
11 24 164314990
4 77 822629591
29 48 43559405
21 41 69956681
6 34 972214774
39 72 346533573
34 61 995243970
2 53 791089967
18 23 498332499
4 59 724030450
21 27 783353239
59 76 401326289
52 74 643447493
36 46 66663725
30 73 773718888
9 16 588603887
2 10 434834512
9 58 465081137
61 67 231577430
51 69 656552011
44 69 798698360
14 66 936397172
6 75 158651546
8 38 996957549
2 66 848091025
2 63 737316148
14 54 729231304
11 48 109754556
45 57 291093255
58 73 940430877
20 44 246784394
6 8 624543990
36 48 593160864
55 69 440837297
50 67 364965445
5 65 535234198
21 49 414618857
34 66 973022057
23 32 409665356
47 74 964766616
44 74 475005755
3 65 145287730
5 57 969838547
12 49 818465089
10 66 538493031
4 24 549592411
52 54 203832848
7 46 967099881
9 43 673558214
64 74 180647242
21 57 780981322
10 76 295711506
19 20 639219802
1 36 627511635
10 16 521002487
17 33 781259892
26 38 850053838
3 70 326197429
34 63 254915503
40 71 45964922
39 41 813147751
1 13 914966366
18 19 376266561
18 20 735021607
5 70 526252187
20 62 53283427
8 72 140158952
44 60 663958142
8 44 421406672
24 61 193451145
6 23 789512276
38 67 420814200
67 76 246345658
48 66 748221624
43 55 307584285
28 51 47780133
1 38 487865665
13 17 763963329
31 41 487079234
28 68 239862528
15 37 304328638
5 55 350162700
46 47 586818331
56 63 856682221
38 50 989326863
14 48 935901010
24 71 358700812
30 51 677486984
45 64 195400326
58 70 933941232
45 62 574355511
42 66 83560429
15 16 606874650
38 41 978253144
39 44 258633537
20 45 111234946
10 49 49289149
36 37 180580750
70 75 824732401
11 58 679176073
49 53 178472324
24 35 19043645
1 41 529769467
47 71 613814141
72 74 849738102
25 42 747565609
18 47 901236023
12 22 515537457
10 62 327472996
51 54 605122744
1 18 840814051
71 76 942989422
19 43 885461506
58 63 664856746
35 55 580466454
22 49 214268307
3 22 386193961
16 62 546712841
40 56 912577362
14 74 834336487
63 70 246917239
27 37 327178381
24 50 779491437
19 48 473278002
9 29 832949053
29 51 589051005
10 56 102537565
41 55 923576135
21 25 97114830
22 34 461566050
45 73 492336609
6 21 847091598
64 76 243423720
7 19 521995506
17 63 922468796
1 74 831755275
49 57 589235415
9 26 812256379
36 76 657506161
20 71 845922951
8 75 57147916
7 8 676097428
21 47 117032021
53 54 525731739
27 62 508816856
10 65 832945176
1 26 105411984
9 77 831377935
20 23 819946394
12 27 21763635
61 74 376475715
14 69 892058435
12 72 366086163
5 15 755172650
2 73 677670046
11 66 349473315
3 33 818274456
2 62 93836500
15 47 981970035
39 71 505878019
42 56 183061343
15 57 600772177
21 33 83869866
10 41 893732190
51 74 106297446
1 66 91899708
37 69 132617070
9 32 669303080
67 68 47676236
20 42 713963265
51 66 568540455
13 52 870992484
11 47 841520575
66 76 406837843
52 76 815473627
8 32 452727771
28 35 650495765
23 77 558946830
36 53 304986468
3 48 679979260
23 68 990432736
16 40 960557172
10 11 697940253
34 70 370756681
41 47 227352225
1 72 998263042
14 42 109321967
11 12 412259734
7 13 627604133
53 77 148979152
47 51 745732650
59 75 478976089
6 35 936712350
31 33 846836779
1 22 448207016
30 33 136542461
1 28 608578206
56 72 181786827
7 41 20472398
46 74 917190344
13 58 816126922
23 26 702583995
11 31 713236456
19 67 477674896
2 52 153396738
10 27 739820689
18 28 561374198
13 65 438266852
18 27 625510467
71 73 290706726
17 23 707041033
55 72 166346746
43 74 331191950
9 66 309139705
48 73 899566106
23 63 719343292
56 74 612635654
14 46 521984489
29 46 9638946
4 21 890563104
48 67 76704127
42 54 803855518
33 77 679474071
4 63 135232223
4 50 8400506
12 67 330354801
32 73 981324782
38 51 457462174
2 13 461258290
63 72 229701562
6 59 401067105
18 76 779408852
28 59 569601549
8 40 27417675
27 57 618188090
66 68 156732773
37 73 811393360
8 49 321489781
17 71 138655663
22 56 809506645
23 25 769817831
32 43 878536559
36 68 152925771
25 53 662682648
14 33 165927017
54 55 849739949
6 69 149479382
13 69 734985499
27 36 561963825
31 60 351602143
40 60 840386386
10 67 411519070
14 39 451681043
19 59 434660780
42 47 558249569
50 52 50499262
7 68 94505599
11 76 975017114
60 66 582447966
37 38 746040558
12 34 109765924
21 55 175471309
15 28 142814777
31 59 971725340
32 47 755459684
22 66 204808432
17 53 853353347
35 73 461641015
3 67 937357460
40 47 559958816
10 39 861004269
50 64 615639112
62 65 338142007
14 56 393048960
7 29 725951808
50 62 442193399
22 24 190927454
7 16 368865872
37 56 74293046
17 43 821539920
2 21 424639542
50 68 604361445
57 70 469367991
19 40 358071236
42 75 623050480
7 44 135196749
43 48 327727063
20 32 542038880
17 72 854649444
51 57 707513035
41 50 932404542
61 73 337926371
26 50 711991820
7 20 302363234
56 71 288286354
35 70 637917473
3 29 314205293
26 47 657727321
47 52 741067299
28 60 871692047
6 28 642596415
10 44 282359800
5 6 814622009
63 75 680628350
44 61 857286313
5 11 763637084
38 70 67829026
29 57 116465567
20 67 407795068
7 36 458302758
29 38 770531445
27 60 444724551
11 56 920272831
32 51 26617175
45 51 267649407
50 55 694341982
39 65 881841475
51 72 223708207
14 34 404290633
32 76 884994189
3 41 503863472
32 58 22179165
37 61 125611583
6 58 485796565
5 13 488349426
11 25 991450944
56 65 771110185
31 71 775211751
20 21 876320807
15 34 476853616
34 37 205637334
9 71 321036948
29 30 702190417
33 58 262844601
58 74 810411455
11 20 937934067
15 76 342746321
40 70 32752579
28 75 71652324
25 65 473367535
10 28 342607488
12 60 92692455
63 73 486460665
29 31 935896610
11 38 326571263
14 73 351689109
13 44 131710612
6 27 473073068
22 44 44469538
26 35 29354548
21 54 318609681
72 75 448110436
25 72 821350333
25 62 840868518
16 58 202994025
12 43 449412852
14 43 810864409
75 76 649603073
8 45 152147911
39 47 26095141
26 74 147849386
24 55 360010362
36 75 961585925
39 57 39568908
10 18 740202441
25 26 829335663
35 53 9083257
26 77 511268827
53 70 935845459
44 65 864037009
24 30 188460658
8 30 966369844
7 22 892330847
37 52 72110813
33 61 302271469
16 68 680951781
19 34 767395200
57 74 60603719
7 14 718449152
12 70 43176764
25 52 437301508
24 59 26555196
37 48 518868091
22 59 672397664
23 35 939684827
22 32 260749908
34 76 391195644
20 64 684155879
25 75 961804846
14 52 725784642
1 8 967562533
4 17 533594919
12 39 120331001
1 4 151472551
7 63 9188957
37 40 943800705
3 23 830074439
12 28 382213031
37 70 202497460
13 51 243410851
48 74 108434837
30 49 437983163
54 67 986117925
20 77 934362821
28 36 820690941
13 46 941761964
16 64 650875441
33 54 594940823
21 23 812073158
40 45 706846536
37 71 560731623
22 45 407213969
39 63 697298889
14 32 453659805
27 45 752459738
3 12 664520004
44 57 92736162
12 61 552546136
16 73 917952081
17 36 789957874
46 67 247748777
16 63 374028798
22 40 207096304
45 69 87595247
13 60 396327743
26 60 497327853
3 25 280520451
4 6 17815729
2 16 273329788
44 48 407312471
19 75 814955123
19 51 940547728
7 27 773563639
12 23 8273432
38 77 589268709
35 76 937266758
10 23 78246531
58 68 84358533
15 67 217518513
35 54 959210896
26 37 707858374
22 62 446082771
26 27 143165060
9 52 152213811
33 67 946957381
10 61 748092603
7 12 501317713
61 77 389725784
17 64 1151470
29 54 276900756
30 47 517760465
37 54 180631976
5 69 1428500
38 56 150811621
61 75 563257611
8 42 142561455
4 49 383359059
34 68 997175257
1 15 816382133
32 48 991653927
54 60 952172476
21 70 357957574
2 38 306697002
29 49 413606208
10 45 332980135
27 48 419521562
11 65 444635241
18 35 928049756
6 67 485321162
1 11 156127846
17 27 547491790
45 67 340467947
49 69 799082158
28 45 105961504
12 26 457382352
19 33 676486390
8 51 589861349
6 73 731574977
3 46 228099937
4 28 524662467
16 72 257481276
30 42 413341135
27 38 742917417
57 77 791519292
25 35 393566667
13 19 58073481
41 49 871499111
34 43 149526299
49 56 247119696
6 26 956483489
35 43 860381965
45 71 197454401
4 10 103801637
8 48 380001251
9 23 462890814
39 64 198878621
45 55 240829474
63 67 346191877
6 14 870710377
26 71 644401974
34 36 730482813
41 61 800794254
45 52 643534818
25 56 678788907
67 69 943476224
55 56 720076158
21 61 402138671
14 64 211232344
8 28 333552475
62 74 726025362
13 41 458459317
14 53 893441510
35 58 390053956
52 53 738994107
19 25 680248237
23 41 905930169
20 24 534794893
36 66 332186793
13 59 235470497
4 36 873467988
24 51 748531841
54 58 597994182
13 15 905554302
13 71 586247787
7 74 647527608
9 22 386241638
11 17 281051932
7 77 7126192
3 13 732442980
6 37 200112238
27 40 716458485
13 20 125495691
30 38 763304495
54 77 697165458
5 56 393246076
8 60 698577131
28 30 21383438
4 46 550087022
35 59 522678223
41 42 843812211
18 24 140530409
22 74 934475433
46 50 674387427
18 65 383359360
10 36 365508567
28 39 826020779
4 54 129547392
18 58 711038852
16 37 470707488
8 14 538323533
12 29 412050229
14 23 132584378
26 41 757975776
35 68 674364476
33 57 566644936
25 58 137075432
36 52 76086756
6 29 185532496
18 32 128251980
35 75 604931847
19 56 608829928
56 69 264605863
1 9 412250905
4 71 582487445
53 75 469572382
27 53 217207522
15 23 213915870
35 62 351266879
5 74 143253825
17 19 783108334
17 44 241205759
3 45 252845664
2 43 527031953
66 69 506699081
45 72 855266354
18 62 699270485
2 50 88436351
11 26 152061444
16 71 405519982
14 24 765888661
15 19 305974955
23 34 224634730
17 68 810296042
35 48 21319518
24 43 515344392
8 68 2464318
43 52 621151568
48 60 79260018
43 46 146754714
31 75 125183626
49 66 944423701
59 71 918284371
14 70 521761492
21 24 250713210
41 72 595656007
17 59 827803899
48 65 973428664
22 46 850814899
31 45 338498814
25 29 168541045
39 46 665932794
4 7 338440323
33 63 360682431
18 70 825305971
7 21 598400726
22 67 956521772
53 59 828389751
42 63 907769928
50 56 576329738
39 66 332119801
2 47 266094461
5 64 534198241
1 69 201386905
42 74 716200467
10 42 239135721
52 60 403159034
30 36 472029518
1 17 307697440
5 54 89837929
13 67 676395599
34 75 827269049
27 32 685838674
40 58 204722944
27 51 385714793
19 44 771047781
47 59 212296395
35 72 917843329
47 67 198987614
2 46 245458607
22 28 772629871
43 71 2539698
20 41 970841752
48 49 310965593
1 46 977137694
46 59 697565670
66 70 244097078
59 74 662420543
7 40 99442784
20 36 505453611
32 54 667997067
5 32 644738889
13 74 284856564
20 29 293507877
43 77 534732227
26 43 56453176
37 44 354625502
25 40 751210575
12 15 14128488
7 48 390943314
11 18 766018201
19 64 363328949
1 7 820086179
31 70 893132282
32 40 405190394
36 57 281298238
7 60 148959130
41 60 659419579
11 51 386094156
10 43 128624813
20 66 673059339
12 40 477817468
32 49 113331039
38 60 663016463
32 45 91156948
38 63 369076777
17 34 868038308
29 65 462069139
8 55 19922945
18 30 783291653
12 46 485572560
47 49 87154046
5 21 159981910
52 64 19882359
9 40 353297593
21 39 620932801
31 68 517174489
2 19 76891481
16 39 336947893
11 61 390672077
68 73 393626809
27 71 667098438
18 21 143567833
58 71 270031804
42 52 431482619
13 48 14547965
46 63 901763981
17 21 74723801
35 47 16518030
7 11 535209411
45 46 706566209
22 50 960749161
14 77 935744043
33 46 926530178
56 61 661759161
11 43 686416024
22 58 550772859
3 10 641942035
38 57 92677634
4 27 539529498
52 69 376012489
9 37 196583702
11 37 932903643
66 77 283648491
9 19 808907948
36 63 965092654
23 65 134677541
47 73 566759711
15 72 326695276
11 49 248718259
28 63 715119857
26 70 783149734
6 11 985682509
39 43 581263927
10 71 560763566
19 38 713371598
13 24 786684018
34 77 45930178
16 60 606402000
13 77 87544938
29 68 628276239
19 47 161723095
58 62 896678670
1 20 792005062
3 43 686208354
10 69 319035264
43 69 683607037
31 50 696209451
30 61 327638605
67 70 705715294
26 48 533763325
6 16 483471600
8 47 764342512
49 76 328935454
54 64 505798051
16 57 588018438
24 68 859629870
2 36 753032754
14 63 745711251
69 73 298806325
20 49 708011607
63 71 244901949
9 35 842768139
22 23 382922815
3 37 869896004
17 70 447704922
39 49 724675444
60 69 589582299
16 66 736930309
16 55 326479145
1 32 615333716
26 59 394186790
45 75 57278517
59 68 671789751
14 29 473840912
45 63 814943507
35 57 868034116
2 5 548946439
10 32 478030064
54 65 352700231
1 59 280984982
18 63 414407264
11 30 650760120
1 43 720256728
38 46 628719983
56 67 38047788
28 76 906432378
11 54 684778023
1 64 989864672
17 49 555304813
29 47 567732615
51 53 117258870
65 76 852582744
1 49 706159132
35 49 36237366
5 30 105670994
20 68 274682945
17 74 613066540
14 49 310993169
10 20 579505050
3 40 45418319
22 26 351122958
45 61 811522863
27 43 767470974
10 51 195894425
3 5 517607457
33 49 478972670
41 68 928518903
12 59 245579879
26 53 139851044
15 29 269444961
11 53 182506504
17 38 574798661
54 62 715634390
5 63 159299254
4 60 809636088
5 52 411886301
33 69 138355001
23 37 312267026
34 44 765405612
30 63 974381010
34 74 447346467
3 18 75229776
52 66 635134536
11 45 587550462
15 77 938536888
50 57 484428651
52 61 637105941
34 64 881556126
18 48 741006057
6 15 709984998
49 50 560330267
69 77 449627756
6 57 31172353
26 29 283373690
10 70 451193972
27 65 873405506
19 62 117621775
42 71 746586286
4 5 871990644
8 67 814638372
8 10 149141719
62 68 309326438
5 38 147155054
1 34 963762310
9 48 177607290
13 36 611150325
17 42 996563372
64 75 912307467
30 64 318258623
46 51 440138277
32 60 169095769
21 34 71324504
49 75 826802021
1 5 628834329
56 57 178932258
33 74 186664758
17 24 674225935
57 60 550620762
5 17 617854092
8 23 657194875
47 61 754474199
39 61 764358657
60 76 608329475
35 65 963976263
39 67 390517371
23 44 814341431
12 50 893796103
13 30 681150027
13 42 675364947
28 40 426753105
33 75 971648698
14 30 331625707
17 60 623549857
34 39 978432093
46 56 340813045
32 36 916326105
7 51 243183517
1 33 317667939
18 64 669903923
21 53 395431353
32 70 856330506
34 47 589654030
15 45 476781891
2 51 68704645
16 70 417199818
43 61 736008420
4 18 533221442
3 53 767722662
43 62 605112666
34 72 31692216
9 31 43457975
40 43 17307512
51 67 652707625
9 17 922887052
8 24 972138077
28 43 836974178
32 56 678672056
18 22 773405293
44 56 346917550
53 73 280663249
5 26 740979992
17 50 873494536
40 72 723216934
8 70 502394847
46 58 647152146
30 77 217126007
4 74 588231722
29 74 949175821
12 42 216278481
21 32 48351970
55 57 682594650
15 52 857985285
3 14 825837207
49 70 122960338
2 22 903388274
48 57 431110924
5 61 247018739
39 40 87066550
24 66 455116035
22 77 86036789
15 64 264258712
2 32 390932778
21 76 992354035
46 75 41373979
15 33 999568885
15 68 694865969
26 42 400415189
30 31 450446442
36 54 416241674
12 68 795659122
60 68 944587395
46 72 256587400
11 32 623250282
28 34 514832611
9 25 401581015
69 72 341851392
12 25 751422100
1 40 20673479
59 60 233579649
8 19 222714922
3 62 934302796
3 35 288430484
25 69 911131975
12 73 178762058
33 39 206122172
38 72 763044146
12 74 359513494
8 17 211344976
51 73 529246
53 71 772676744
38 75 355763424
27 28 184295422
38 55 333980675
2 71 15872604
44 77 965146595
21 36 444096515
8 64 954677775
