300
279
67
298
156
275
29
203
177
180
283
262
128
192
183
62
243
198
134
206
119
76
139
221
58
140
189
272
228
57
169
265
71
168
239
212
207
47
271
111
85
143
97
209
172
269
77
208
13
149
218
258
55
291
254
50
285
12
175
122
137
86
94
268
44
32
40
84
116
89
135
52
23
14
90
226
16
250
41
214
289
83
147
1
264
179
46
37
300
72
18
293
133
299
232
187
136
205
251
278
288
196
193
238
20
158
54
184
290
10
96
98
270
39
145
92
154
186
3
190
246
245
170
261
178
26
284
51
104
195
281
160
157
127
121
197
249
109
27
167
146
126
256
260
124
280
240
257
19
36
9
70
286
215
80
63
276
15
164
144
24
219
173
112
267
224
223
237
48
235
79
210
188
150
106
130
153
151
292
91
65
118
159
217
75
17
8
295
191
7
165
74
244
60
248
34
105
266
181
230
120
49
64
42
99
87
123
108
125
296
233
211
141
110
6
81
297
252
174
132
253
35
182
163
2
199
274
38
56
102
88
100
11
107
4
43
162
202
176
142
216
155
53
73
25
282
21
131
236
117
166
242
148
33
247
103
152
28
255
220
185
66
241
101
201
78
82
229
5
59
68
95
61
227
294
200
93
234
277
22
204
161
273
45
287
31
138
129
231
30
263
171
222
114
225
259
113
69
194
213
115
