1000
892518
476764
57144
278442
838870
842589
452377
382143
695062
279174
364934
961444
540809
194657
244173
118527
110234
870347
129267
984980
180409
841053
894593
411517
212364
891569
173920
997228
448175
440806
278619
9456
302985
726940
369856
322308
29586
741966
641543
751854
690373
96399
186030
22398
336166
883254
864180
689309
577348
917939
202370
749877
808955
137424
845144
121929
62416
469326
999468
935380
205885
759000
324958
120127
188252
777045
771269
138038
950724
800744
897540
295742
125540
256074
279500
384993
645958
508115
401812
552363
848790
446231
790847
692440
142244
955193
315059
461715
260926
599234
158745
919537
252953
221315
116158
406834
6722
713162
163855
261253
932501
903666
198374
563657
670391
367991
211488
931878
412105
126506
911037
503457
852998
827425
961873
958373
107551
942971
504194
894894
626238
143895
217896
907031
703170
520312
890424
873684
494280
25042
764861
243820
694092
312548
864044
795714
916929
441502
36599
917889
228568
677589
380860
304690
315412
447222
598735
198842
71048
244161
486827
748984
667903
258925
254497
775643
647288
173218
325929
726007
940578
548131
8700
173724
918000
111574
721561
225944
599690
931303
438242
162178
78417
937405
704553
537320
867405
122753
638710
822824
215628
276844
313377
480632
610803
502019
403656
498695
234784
108598
243373
527767
162422
127903
237625
851125
127985
265198
846214
631058
803106
6751
303463
500626
417835
370894
833796
575304
231442
509825
273059
78128
65492
990784
840250
622074
569691
581130
283990
293795
818860
200483
981102
358901
517731
975142
212892
63497
768970
255116
734331
869803
380076
225934
635262
133042
692957
492707
486855
466728
35550
433367
907591
262018
202475
854932
18372
691569
834188
188913
235629
235498
102336
436474
117177
57783
55809
789472
223741
560214
824237
883961
137347
132979
956640
342269
904000
131257
281218
54899
334460
816276
58125
806678
740699
605819
86242
320833
778332
7057
634867
691826
585421
261131
931737
95458
211357
497540
54639
585740
340757
174599
334052
254743
252928
146090
98259
955338
914466
312271
584385
567808
317142
484263
976094
979086
368089
229028
945204
415883
924868
17455
732767
747938
886733
46249
774640
128709
778933
909925
598739
295759
3771
81009
522105
578570
510473
54112
164220
620531
238314
628912
14704
846916
135300
30957
202494
556636
780272
844974
986931
856789
922742
458270
385536
957820
33741
759766
719653
172858
285321
522974
813344
340291
972501
927504
784795
993070
552629
465237
548027
12520
461987
368165
209920
502880
901961
841278
413325
990201
707389
806255
914855
443403
545023
858958
382135
27444
827313
135637
458528
895798
459996
36435
253730
337088
471825
127688
391877
821500
526841
170450
47326
774738
829716
326791
379676
932811
254863
243228
546081
877892
579068
302757
722231
487697
781011
781803
12689
236288
453202
977746
183738
253
867271
453279
881405
753010
492506
566813
848164
915774
63677
283401
601831
82278
90807
78775
447123
617597
868480
772821
240079
495124
533826
885615
319183
941170
722401
657912
400535
381864
137849
44326
409377
249928
439307
399671
69367
595806
622860
752697
299389
774522
325038
843191
686867
339060
209711
946531
656893
599584
878364
767133
246382
212163
222193
777037
267718
19725
59626
960622
154444
140564
3343
25743
233218
706556
482602
703812
498621
861048
272109
540835
77522
442084
659671
88315
978080
501746
405307
607870
608611
258172
501518
688619
787938
538368
357617
528287
618755
252163
680346
625756
78009
963036
918425
515446
818153
50001
844988
876294
37159
275948
302626
236992
878089
278407
93048
937466
144785
436169
544242
40129
966433
344934
450112
968987
600989
315609
588642
780000
44452
854118
975065
473605
116398
394449
698985
448613
195373
640835
779079
579885
573956
86892
897125
375316
202833
634485
905626
316537
451383
878311
175474
623273
190350
192238
994294
33035
740070
320265
838932
494312
985508
328996
769318
997240
979852
277327
339353
927176
781264
966466
373967
692602
97239
820099
770681
780664
735114
634742
108899
942334
77812
932620
113562
342514
511525
78860
800350
923190
858914
51403
361340
674533
350272
202425
231527
417464
388489
350732
999356
280943
189867
150362
167412
500314
452773
982876
740964
701986
426985
300150
306228
953581
182851
824660
547776
612763
589604
175567
11628
56918
602199
510497
328749
396192
687709
381661
194631
314704
596535
271841
77015
8004
255440
25576
903873
453131
982073
604310
768034
594393
81693
278385
330163
172642
779774
858506
114407
715293
176891
945227
776490
431806
154548
783400
298826
877682
74353
534764
926212
65977
166537
164444
921239
950160
6322
962820
166535
888367
63333
32462
115355
47547
512762
849826
343534
885080
825250
179187
919410
709678
352232
347656
550164
740733
265171
612385
888062
221515
872358
858332
820234
382578
190553
445390
875525
750967
471239
585454
575600
795445
639887
78318
352411
283063
277849
507891
90916
700925
487896
981151
60382
541118
39527
327403
433897
612917
63237
671237
410227
848681
262462
476645
985480
602532
602030
729240
349631
196466
94710
425216
560407
114095
84404
176959
397638
880268
17922
112487
926376
914007
956217
489779
906678
350707
989199
83948
149060
464706
927444
87883
647365
260507
827070
489394
271493
364728
667076
894711
560042
505107
92917
707352
745949
798645
139563
468974
832975
991175
450895
248525
115372
96159
2067
80184
889481
569320
673472
500477
354289
625935
437577
84544
926460
150459
613203
660815
745590
111358
873872
612693
517165
443969
13107
241033
717501
908225
713905
948005
654063
519808
548695
627687
622492
995744
428914
939886
848673
176110
216322
798204
795458
992442
558132
695049
404541
150832
872372
710101
425684
853572
560389
824280
46114
709490
761789
888967
388711
498636
988011
899663
780055
652313
997838
400737
275959
199316
354404
460945
316279
686724
871919
912415
852584
673457
925296
371198
480389
753064
250699
651545
379446
145208
230813
124714
5647
406769
654948
448726
179793
762413
876653
521646
805227
152701
69037
646648
262941
958851
931712
102447
760684
76635
460890
100772
996421
102092
619883
911468
675932
140951
24924
897691
389279
357826
283101
332110
768988
986387
663652
188599
598352
866617
56127
847394
23478
492188
138075
3433
886828
685472
643499
606388
119484
130639
700913
720187
869190
331506
893226
171501
552396
933306
755881
284277
266715
660521
960539
81899
528392
586364
985864
472408
395693
121565
607716
672445
271326
3178
266767
396706
93589
943209
706013
511284
47670
84778
292966
224505
681781
496944
68688
862701
33303
120844
876953
836483
952596
292520
886725
450841
659039
287897
535378
27137
421818
989375
978913
51983
869789
513053
286906
59246
829740
453121
770666
184318
26289
585246
311765
14149
824914
543964
870822
728320
12332
37196
540189
734297
623202
383124
441062
918383
559279
58593
743073
151359
82346
432091
711107
714545
274166
72170
817702
709348
906632
274324
