2000
823620824
723852776
564342262
971243078
543156799
363940042
971775445
819768335
505013588
148901252
63874660
673827094
536849326
276860562
486342624
57062810
113745024
317763010
556092394
271213634
475296196
517313772
933474485
95179854
399912343
636321725
504995832
90485795
551997834
52282201
655638700
468144676
23538687
731394999
776924642
80806699
474595666
297167763
712796116
775856033
802955916
586541760
828329213
657540640
378635292
303573205
942386359
55541797
280641958
973218266
438258639
983740084
168405189
367873769
69840152
141774716
184362714
626255414
159975500
642052791
257439204
225394043
701044728
190994127
806463768
594026956
226270672
47557084
922378770
547317726
578618630
88598227
737892270
977363291
424491090
836418523
868972261
194753315
45940290
79337177
869932732
821174447
705146626
504598121
213839838
482503747
426422129
325884440
15366313
229944229
556495690
430599736
119135515
29707709
457769913
105971279
372755173
269122638
931632101
929569813
860016775
226904025
698347635
136496800
237969143
614832691
132308613
275819718
145001688
205337219
507066642
848491841
19896223
502807178
517801282
34744899
376109719
225209699
714471091
781263967
330209944
967633138
472721849
371264112
723039242
606598312
275771554
709594193
859659824
78613498
281894567
65286495
733394852
10975921
588372988
311974143
2264276
21799555
591087968
709708514
237093747
605771903
321916724
610225685
33859900
202193616
655072617
531093714
942412952
518769830
811138840
564648281
542836436
131694034
683765537
104285546
159013065
49424928
736597422
994828893
363116696
307897073
35477812
933361811
663872620
312977469
458191354
350459970
655503729
114600056
218979656
69930744
429421252
897057423
402453125
936471635
12626386
191598674
735103270
606344019
301545032
950548875
321223994
577750457
84065063
929547980
801356356
420251192
605688342
164194895
750130676
741834355
174311506
712213127
510055543
33662543
134073879
64545714
385409487
617847664
143251257
27407035
783087927
786149071
717512785
70707848
772919819
680478052
819084859
164086937
102186415
325274539
113670266
246214882
702102568
544192436
176532735
255714896
544229008
203880618
627803577
525515155
765588351
163408041
334581486
428141071
857429343
58884220
768169274
743956807
199775613
436224426
443295839
495699715
20631470
259260017
80936703
609575949
16077387
124714548
367068212
667208758
794864503
644765028
583317264
72742395
746476156
721592299
943349876
516887742
288976022
272886289
890961388
572794218
791156511
423750092
4100387
445796009
526946836
444135627
381963245
280868078
974700091
248906369
495832418
903050142
288158382
623670372
43174389
13374711
478700186
90208598
423653790
427207181
355351784
150502323
946970783
799759569
800968306
841461564
394549327
413921653
57507204
982892280
953576894
624019557
451274567
472016633
307642255
33451538
217202731
529815598
655715054
997281784
902711309
692778333
55748756
321425410
791405227
488613611
63790725
3876552
891454840
349144603
169992902
252639144
893226516
101198955
89687834
241681211
882544892
242935721
768783629
966704358
233509781
232656361
15943292
294369555
31313884
579160638
919334530
960957043
879617506
741758812
880266188
211402188
283780186
750218193
743589536
168714331
278575751
102598210
592553231
449374998
483664359
656116917
856763821
115482751
496874863
248918530
500238706
43831063
921939417
480539699
874035944
323144605
40173963
7257890
696844309
685669358
17440013
13479993
314430654
55889706
542807632
40160843
428079623
64429966
684853119
216570114
708810257
342159896
6169217
573232093
74851562
212359931
497205179
754495829
937259596
441383499
337936770
594800784
535972931
353602428
515918507
985163705
700548828
975150671
956672292
304376156
860241023
626572362
401536811
883055284
108617028
528945307
423997598
145630896
412442429
490956497
304835433
256891390
555868117
136342906
438553649
440392871
376185161
35873666
128728822
596241989
161102297
753154641
338085794
756542919
733046132
607045861
858653454
123025106
491873965
840705259
917010061
714961795
55832099
505252422
620471165
542060610
958139412
7301889
713046588
4381564
10276424
818283842
622677287
635771169
394480327
102684193
862052220
504404540
673758495
394116375
136295961
358510347
117135633
9558450
528213928
125852661
74881758
442402398
601376172
830500018
753061357
743807654
40920800
336625526
835773243
209562035
719709719
113715938
517155317
108283446
628191768
385799002
366938475
831643994
783210884
815521388
6187569
908818588
248125065
176166189
413846024
397996527
102745984
828388483
887769978
66945206
892687013
59730434
757664757
968352695
46637652
3977984
711774208
899455243
864685456
82890180
497502268
910158858
267023023
815780759
273041725
745870468
778125522
842450991
4614517
453343241
522735770
66626790
468656470
260970226
33151160
45473337
76882989
503466367
139482545
48705024
229003178
358601503
498464406
648012910
587938412
409231531
433952018
601200828
719351591
632079365
458505958
94143085
934583101
796367701
73905267
709048584
554930582
826214518
709843956
177631635
75433445
954541412
804375145
879977213
571449331
107455543
87550616
475446414
494282540
793599203
410639032
899066214
624895630
880526192
330114847
998078285
386648027
554549012
851320384
992780311
584971905
654666482
259991412
335474332
426629723
316317724
611934433
37971745
768547522
418778016
358314024
551587927
24875029
460064853
131995758
910021085
664929227
812082453
111200988
109508357
350662650
8898637
431217274
552069198
491623342
575950659
350571837
616009544
526703717
13413400
504636833
183834963
683237139
178918059
960253070
985208679
142498080
561162841
976670619
524214189
311230562
487465073
460575341
213316859
476172123
369019205
133121079
159939029
502521128
725672284
173268051
294500450
728436176
532417398
154941963
811859487
649104504
1502864
819085310
507714967
339116125
605800530
468039284
329145506
665436111
986451609
853322683
473218447
58856169
538642272
435552060
283432951
862615741
32896768
133943372
282289967
530807346
524366289
841393402
230450611
50616931
257857166
958213341
593736335
810109447
96251147
284748293
501863213
63183999
346855425
663811637
727766787
96712944
196963078
259190926
300084994
83202712
50360511
838099246
80861240
225366090
340404944
387225394
890933605
8765063
780725466
716625169
426725460
470411360
343189360
624650284
782870301
988066412
544374641
881479006
247461085
215417609
340886296
212783581
914518232
795915462
747520057
601250611
667612130
343847367
589208142
641712232
201362462
329350728
837717190
97080638
278636719
115062647
257170047
360455313
440318744
12471715
31673807
784229885
958165750
731518491
140929318
632992533
335532536
317259850
63468696
533414074
433997121
358049326
816238713
124484667
749102251
862400515
582413866
27243130
664414486
337878443
640583748
610732606
554282792
165775290
938719759
461408472
773304609
623044520
523671915
380052456
548204170
813736685
531368900
540951426
868842827
201493036
712856114
708806504
883065021
869811626
848516085
963166150
517758097
296943783
203737927
64750156
293556854
700941800
767066715
672751732
545040393
141610035
161691956
814932000
749397179
947268041
153648833
164795639
135244893
28144514
480786340
574355993
60358444
568079613
67542394
115564402
657186482
282783518
806176185
979782871
970889182
87287899
63871333
503198786
14705093
128443748
512362057
832609821
945738609
438189927
569632574
816016939
622659502
829502051
1096393
148450057
835817397
822637149
707331539
78769946
562864272
508198519
776892735
312104496
692286210
670314992
113261154
485986361
867296815
509471576
250096502
4523436
560512031
658473179
801149503
386505929
444846128
622338551
661409627
433156077
65848919
572741625
603774072
215782909
620668
34903636
217596475
764667124
512452889
988626541
640149022
565476026
561771270
196818226
294619200
644328503
238462021
296580652
693324138
114435347
383791084
494334029
777364328
908900954
485953015
808951261
13742560
459018191
845071043
136964731
284269283
155438214
464414339
954344417
278407984
356450128
392641902
80868314
138247036
22643189
84308715
419068676
479346792
875236288
288462051
104823547
264477064
4525835
780468221
45690405
515666120
149787458
807185334
887965854
156143233
950653977
815994863
133700297
343979837
490339215
602564679
384710780
11659836
601232
195872786
616807287
774882144
618345804
471412224
232183851
612221287
8976971
166193676
359550285
420135543
676727291
700075750
977543706
20739782
811464501
112127393
880172839
521690827
287946306
949465207
329701695
918379089
34464887
40239610
428450121
26628972
116683528
964415647
71977692
20415266
26235626
9150205
576855402
778709536
273953937
153434926
303177859
288068332
88704889
85619484
902930834
111953174
71674259
585938979
618515779
815623011
445818047
796861364
959188759
30615463
509876991
699508923
66621343
187442102
265606129
257685466
572222923
685764405
350090221
410188546
425247416
279326245
31769596
375579961
386637834
157964021
616433128
7587184
537583565
898870596
371276381
634003542
168719684
492212526
18436230
576229318
326871542
258125422
998591496
724022117
58617149
986216007
289677328
853810216
767190220
816480394
853518728
191188604
134327046
276789666
994651041
987329851
191685455
999730195
975488532
114882517
772765062
75510302
53568510
509115323
181340997
983517975
732699200
716664430
31975429
229353418
203668247
774095306
808634346
931504016
550290332
269437738
706786311
56747539
394994406
791699456
200557979
339294801
71625559
923068498
772462725
297897350
611789094
207602154
828817126
600433255
791667890
5606680
836089662
913477605
332048409
138681724
190753314
836051118
131041523
172845679
664681896
333203757
917916488
930791613
522717038
258872051
855378188
870540896
110969810
73215944
13981703
473656988
984421837
230190566
701212200
440342198
165247528
774209556
59873818
809062330
575685811
793953465
869852392
84527005
185876477
347131115
197124043
20275609
373776442
744341795
993531361
749539993
336045885
813432537
71681871
67875964
176699093
258483253
985945277
746563051
719277229
395049278
233760322
123968492
905287734
268606507
906215438
716487238
182378158
492969061
335850153
195394471
85501884
949354791
993324203
224865907
251792712
722790259
593818029
647162987
947441062
919699082
493786663
762734142
161710865
779256485
78898953
372967920
56739542
304424020
728171718
172489677
545536290
485262905
106140388
337142517
50129889
250389940
248646133
733666882
713650485
276866059
640969346
702020152
466499780
830082505
643542310
136971837
515486622
862158262
859299088
638806721
31382381
567080229
44628904
370351779
946923960
608154306
467532408
613537741
916265973
308958363
48091842
662499789
343113209
859859000
15966962
73711692
381059127
790214521
129180731
986017002
888736199
933643934
368842961
516602302
63572267
855239452
905563672
797044042
199565762
634017068
83406007
433178074
108278054
287000459
86229284
40644316
42879506
1841872
309642030
784225361
209041642
161128083
109085861
792887055
609934080
48021315
384374617
135598490
438159911
939840128
317189193
183376605
934335710
640002121
442585393
888533906
327002840
459690862
820944931
936999097
63473407
592986335
724275338
448306276
391177631
532133340
484703566
753459369
995097681
811455465
791203534
245226495
925976580
170083054
938130581
397288114
309520080
400694709
555166762
3947539
77367368
103153804
307525923
822669683
152261605
622483800
849679270
208251474
195876638
561567569
796332068
326203028
336265327
32736434
514618446
990675067
618776194
476881389
997218532
140259925
689839616
598262190
447708792
333925729
577235859
573846903
451685311
530811761
932710805
756518672
955713741
52359161
489801731
930358222
957467395
284088867
514979525
799528647
255679888
550969633
234218144
567212292
443888013
133053167
458613566
833531829
775063387
265424549
145845503
328606836
223487424
468835734
65944326
80481882
368083785
310316993
818769224
949582846
341090347
543193154
648525520
148200389
283241269
845772056
191914422
933852048
579471340
48086232
49045607
784831439
598649247
331809251
438068795
487301861
687478708
52463109
368485365
702570866
913571664
333468116
390454638
311020345
120671476
858252134
345259438
958285258
344562119
64940269
513544355
992036938
120039828
601188845
958731809
452370953
982111259
766370373
844447707
235639778
944511809
973384533
637776443
16662134
557335760
19044477
940436711
628716253
220288045
188953430
288233661
709626937
127264202
914568800
792161780
949083204
476784090
178359016
677185454
79294860
990721630
905394672
883653713
763682560
693747007
35642289
403437322
579774874
158400048
500611547
109463343
335322700
464718940
243524496
247959229
213323032
470566493
61024528
55349923
641311948
46142498
289901512
336895141
197729389
746418461
974149125
491264558
758138886
662889008
116364606
922839596
253869042
109452500
116836562
824691865
814378905
376434893
304279777
734423994
297878167
501126228
170099512
817215959
463986553
112102433
219668243
839525118
235626237
645153460
818402619
664574549
73402365
899736227
380110015
113685480
461632216
874308099
551408868
184702932
944974990
984081194
841184878
942755012
332310042
642668222
395395414
278331579
131460939
972132373
898259325
164988106
448372037
129546445
39738686
747518341
394119653
892036506
131593558
74387750
173235167
93102447
133425749
943633075
503240077
913816068
840354883
410420
114819569
160817242
319581568
977549916
340389810
440953735
237156669
720530316
868302592
83625720
166922937
605544796
691660024
156571129
829998040
82769934
351418594
174850428
616523215
70886562
16289677
613022597
437073185
581414908
724628094
827194951
7399597
912346153
301790174
480488489
225895957
304780783
765457458
378517717
419597752
479874472
642088001
455842988
999115275
564806686
972335497
781015064
949906541
768802281
253297179
800329276
849853741
960555089
389513589
738459923
817030219
324340333
436638362
256585455
875796710
102286190
257366056
808987919
379182027
361936831
990102785
688166375
804999125
858723710
338541917
825056691
772970189
983327652
861887020
507228854
445129397
641805211
154831251
744325096
797002201
823838464
271152826
767735380
990750022
19106337
64763029
241856333
195085071
496018474
158556947
3098314
723215907
560994835
571414863
754972837
486151590
863000832
212831786
23223633
620858396
54578570
201725652
250004085
664287833
387244270
739436984
691082128
426882929
203903411
491765764
20099543
987086617
376949711
839914063
101484873
343102738
42834325
803173692
385444384
62366194
433516863
364206983
15479427
281981373
327715762
782434576
95678696
208433898
76883675
989410328
58686738
979910809
702486855
751418079
483537046
661601869
166477954
363490218
708718859
834060971
898556072
765601748
106772084
808571063
821912706
889804218
488971904
570373705
5169935
711770261
348035574
113981892
826464352
996785853
825671572
726766944
955261132
56137666
388072882
132804658
851397520
446440068
643649732
493971250
9659832
383909630
775095102
389045750
895279190
183719544
77362165
211045349
451827800
413151263
560600034
439076463
727085990
20009515
290748827
282784262
620600069
55118793
609695971
136420041
23308723
215774306
813868064
499143643
83148573
982657161
986195661
590929992
58691473
700418706
131389508
160327200
377155321
611707701
302455289
607604212
800275208
526339698
651540008
636785556
930006079
261125938
841541452
438957286
467895948
92257555
928213320
82874984
72314056
831666893
531102938
260663867
904151032
473667255
972061828
665806464
134567203
490769885
857772772
940361055
958001003
718823486
542035464
111128335
139864703
495437917
86632557
759615801
356084352
102229236
766346154
17244157
457056384
692732566
206493535
679031920
567545013
205235988
83584795
878200621
93870151
414492718
910039779
917082824
492345001
490481470
355065841
728849280
123380391
315460383
534540160
261592407
269141161
116812486
275999861
226900280
879983716
909796206
861813522
50751755
135013785
935476370
236810428
448307479
626303979
766262307
887769530
44235975
712192561
200498152
100955744
333566804
821404374
548889058
854766418
823593996
120342823
742274153
674533885
631283533
151390272
234898208
948441593
26959094
88091581
439178783
803674168
555112069
135143338
599115727
82477286
128880126
768890563
949195336
564395762
462039907
524493055
593289739
936417645
599141325
258302732
408133973
836449272
697781687
670682869
772230424
540001530
5493011
25052382
688662601
942249279
573104368
697044441
52276661
14820207
750618153
518981347
680178525
205696406
11308968
163273088
547469989
738055714
475895283
185119661
181402022
828142409
141328335
789007349
742652392
337160806
741024583
166615471
271537435
445176102
838892714
707996951
327525630
852240233
209079762
504804455
626155065
227457250
401580914
953723962
34682434
381370303
397976383
962836492
150557732
108880585
318367551
985880972
238661409
762238449
871367448
64176614
763428351
881663294
611659921
199897028
84536522
512171500
744529313
28069447
596811742
50835308
740245658
158002532
262123160
900020247
452111278
738128821
46012303
559948088
562322992
379860362
59315527
289612151
169550124
294991293
272143637
578218832
372073967
813686572
157583306
727765288
3717090
141992587
833235093
659497697
222235398
604208679
463742023
106649620
752867235
429633326
669926166
64428894
414827436
717463682
842471303
537683105
776484078
990080820
193633607
62978903
837732926
37196504
477514993
324850383
545107648
518613243
425910076
528979016
197522819
444413887
400736976
808697338
311724048
900819172
462062541
23821295
146189457
45502625
525351046
270766647
614730040
252223565
614363135
8002168
788117081
361508187
534151132
158578686
575713605
401709044
117275828
390468008
838519492
105931424
549133990
184177054
416696044
336352301
34928766
103224772
35488521
128217580
261049689
379702957
832616611
715453455
998735187
806170086
924178041
880643208
82455374
404878438
676282149
595204995
98733956
21696503
662783242
773897187
345459940
882656945
330661191
649663180
893152045
507090817
329938527
992905807
773947283
102896208
990983163
86906117
416824585
381457694
245115887
319064036
850051018
33614675
57818852
958026152
3503443
547552025
704321731
207200772
635745816
320180708
87958475
749345294
951848239
179832488
5463742
951553755
14161141
757443079
723225836
896466562
543938235
43536315
600143735
993354958
607244349
647350746
700943315
698621284
368061885
214519887
254829607
968881836
103825694
33100925
863076440
438616425
997629598
327656140
457927702
763761181
237390101
132669592
951790308
470860012
398498069
188185032
72980125
134943901
452726844
221220932
222277386
225004272
835009477
874799686
890080678
190234627
627028232
771068597
781766450
48976706
31264674
896238664
935083837
971056226
708101931
597104370
795543496
169675221
966691805
521490497
601902741
602099643
595581251
252839304
259732032
121020998
427992263
106112207
290292383
690446555
802348687
432788960
510887384
792619818
219817409
279209664
988719633
432844633
817688014
10563276
489799146
34629520
770871371
342370371
990246521
114528127
935590903
684198504
416822583
109518298
665704384
642596567
159599038
332809133
907732344
370135623
575129989
57595858
662811452
207058000
949045029
116397419
782797366
185788857
962476649
362472100
551234273
82796556
181024966
724284230
400622182
614507645
86624290
337629731
380271441
551139870
887409150
177900325
288139776
882844467
118560998
537518971
789857317
593612570
112033608
844775857
47729264
859560820
93522155
442087995
571649476
5994953
803857306
597809161
314425787
734757451
606922025
704865113
156651712
59884263
138803485
35629522
119166516
10708611
485736597
420534935
846116532
56776621
827916517
