1831 1865 1153
832 1698
1672 1619
634 920
328 1244
571 1279
1673 1815
1098 92
1320 432
244 636
991 1446
308 569
1118 1356
1733 71
497 1679
1699 635
1254 1295
853 345
364 1396
1183 1134
524 1557
1642 1262
1767 459
918 794
1644 539
902 1046
334 1789
1691 1548
1298 520
1763 216
1161 1065
682 1167
1282 1202
1150 582
1154 1815
117 1500
1729 37
1067 1657
800 1487
1151 784
1079 1029
1098 202
1466 1017
1523 1121
1331 1125
1366 218
366 1637
1236 631
1247 1735
1301 1062
1107 39
1810 1387
1676 225
1750 1398
616 395
390 243
1286 843
1015 1242
676 100
625 419
1224 43
1487 54
945 1499
689 1428
661 1356
981 301
312 1656
1353 367
111 1445
1643 440
249 1703
606 180
1207 1148
856 670
1135 1232
61 963
222 507
1770 109
447 534
425 631
337 1094
1297 857
195 1621
1575 103
712 1779
1457 1774
1277 1297
672 60
838 518
986 798
1632 437
938 262
586 164
1610 1255
956 852
813 625
195 1206
527 1490
1500 1764
427 615
1200 691
826 1442
1534 413
504 664
891 1696
466 1067
500 1413
56 304
921 1528
1064 1621
974 773
504 1688
1479 138
1129 1289
1716 1823
759 58
814 1715
896 705
833 547
379 958
713 1006
228 1421
1320 143
1799 703
1270 1822
803 1100
1753 1400
198 948
105 1335
1610 1171
1252 1224
1208 961
766 1471
1589 769
499 1771
506 58
1018 1654
1699 1242
534 1319
1600 979
1576 1247
757 290
1805 43
1324 150
1115 1654
1024 1484
1169 713
1751 1239
371 328
1300 1358
708 301
319 1251
1783 339
1483 875
10 1765
1624 837
1381 1249
1418 1497
645 1434
490 141
244 983
975 759
614 404
1274 1138
263 1354
344 1094
528 1376
943 193
1726 641
629 90
624 1818
1313 824
1540 191
964 1236
1620 16
61 474
471 742
1318 342
586 957
857 933
1616 141
397 662
298 1801
1539 945
68 305
559 9
455 820
1526 1033
49 1794
287 279
1079 1194
1610 1272
1670 1304
1411 1357
1067 1037
795 1471
913 1212
787 639
222 1033
1804 462
134 998
901 116
1204 1393
957 265
1048 1247
213 607
1224 371
99 781
1220 592
1671 1364
146 742
718 445
1191 1160
206 1444
417 687
258 1673
360 1448
227 808
553 1467
1182 209
1452 85
1815 153
503 1610
575 1449
1504 287
316 411
633 608
761 845
817 1106
662 1724
553 558
294 99
636 686
103 810
864 288
1138 88
158 1812
1038 14
474 1700
1481 433
864 684
43 1758
509 678
607 1411
1368 156
1448 1444
55 1436
970 772
927 1192
402 1809
329 969
1402 527
351 1341
1496 1666
644 257
25 186
1112 1759
1512 1714
639 1761
1180 1469
1714 1689
1417 1326
1079 1005
1090 1771
147 1471
660 1451
199 104
1146 1575
1161 1402
317 593
912 17
1212 1759
1810 1776
1584 1263
1362 1344
902 481
1119 1820
229 1692
857 179
1238 310
775 23
1515 223
1061 1631
814 504
1229 120
839 1416
15 936
526 131
1388 527
454 1292
488 347
74 1739
1532 1189
882 812
295 1038
146 385
677 1134
501 1523
1337 1456
8 13
891 28
420 730
1015 886
1489 432
469 157
396 438
1081 20
976 222
191 419
10 1375
1410 879
1044 662
755 61
1610 898
377 1137
389 1254
645 1742
1528 955
72 186
1380 483
497 917
1592 647
1605 321
525 1206
746 1650
221 739
1531 317
1778 710
338 665
828 1751
1549 1334
997 910
425 830
185 97
1210 589
179 561
1247 1729
339 864
663 1556
1392 973
986 1030
1215 889
842 1231
1773 118
980 1774
192 1411
1431 1225
965 1656
953 868
345 578
907 703
855 1823
398 1545
1195 177
497 827
1827 1154
778 791
292 1582
671 1330
1228 384
330 110
1551 1321
231 1134
1746 1022
68 1636
1811 785
623 1702
656 1432
29 579
692 1382
64 641
1526 1669
791 475
1180 1157
1490 59
1401 180
1182 155
1039 1024
1001 1368
1189 1059
776 15
1187 345
1061 1809
657 961
543 1147
1066 749
1434 1565
432 1043
1676 466
1291 1439
98 1512
495 1384
1075 93
1199 1123
1723 1730
387 1398
246 633
1114 1686
1458 1059
647 277
411 559
1109 543
66 906
46 327
1316 1202
1205 1216
1306 1619
1825 1649
737 1607
54 184
1054 555
937 1066
992 616
731 1192
1655 1454
310 1472
36 1539
44 431
1039 1303
222 346
475 1180
165 120
313 1605
1087 197
1346 1674
1464 783
428 192
1420 579
1823 1071
1011 1628
77 616
1397 1027
1544 1278
862 1676
1553 1289
979 1368
1140 1784
523 1449
932 988
631 159
903 202
722 770
1508 1282
1610 1826
1532 823
1650 517
1681 201
118 221
1678 1073
1026 1114
593 1526
94 126
687 733
147 1582
1333 352
410 1608
1184 999
1233 1187
235 1628
493 53
175 187
686 1641
1607 1204
981 87
68 1771
987 1600
386 978
490 853
237 822
994 325
1461 928
116 457
1158 235
1323 643
471 559
1624 981
58 595
1708 1611
503 812
989 396
254 627
263 900
1447 465
1390 969
736 1138
497 1463
1028 338
1430 1686
900 1344
1398 427
421 676
1793 1222
884 1627
312 1492
1759 780
1766 1828
5 819
860 1785
1190 264
1571 155
545 37
1503 1715
15 70
1786 644
1485 1280
782 1060
369 720
610 1826
16 1675
1824 1570
72 247
239 976
1056 437
334 1306
809 306
177 1583
1482 1796
64 887
27 1544
187 916
995 293
478 1181
252 571
1718 938
1327 1392
1774 989
920 68
908 1575
996 1099
1233 1091
1601 268
979 84
142 463
1149 608
1712 1307
824 664
1553 1136
1184 419
1527 647
1587 1230
616 1102
1210 1168
196 1655
175 935
716 1479
1368 714
78 1001
1208 1315
1465 994
208 1812
1184 741
1725 1233
893 128
63 635
40 1328
1411 540
883 1369
505 422
413 803
4 1617
652 1652
61 888
1784 681
876 1206
212 139
934 131
405 1109
1129 1741
1759 1180
1481 1224
147 1007
803 600
1445 1734
1752 523
898 282
1463 1772
596 994
1597 1336
58 869
594 1744
1008 1213
985 1751
1591 428
1121 888
1441 516
1622 917
1031 30
1302 1770
1556 1034
1769 120
1290 1684
1705 588
368 1481
1061 1660
626 1187
765 1113
1240 535
484 269
496 154
1138 921
1662 993
1009 1769
13 815
127 1813
1440 1257
1601 919
571 1000
161 560
22 1319
441 920
1507 181
1592 1421
485 568
1561 504
1115 571
50 653
871 537
1711 1522
660 1819
582 1568
635 542
761 1411
355 1422
177 179
1312 1732
79 897
1117 525
314 1525
879 961
685 1007
1130 124
1412 521
1773 528
1184 514
1653 484
659 870
1607 681
1090 565
1230 1607
334 1677
1196 1292
473 329
914 440
836 696
1254 460
119 1233
1331 1325
427 1409
132 418
418 1751
638 1283
1041 1045
1066 1075
1533 48
1680 1078
927 128
232 1111
85 274
192 1650
675 1491
1360 1719
1319 1571
1046 1246
315 649
372 325
1517 35
1575 1615
681 1337
81 298
1242 372
950 538
754 632
506 1406
1077 654
1505 735
864 1234
954 760
995 651
1782 984
171 51
222 357
960 357
1582 1012
236 655
1579 1404
199 261
1478 1105
302 1545
1593 1154
1418 645
635 1139
751 1788
1073 374
650 628
618 1290
497 94
999 1573
1172 918
163 1361
1326 711
298 74
1816 1273
7 644
147 1528
1564 632
1687 112
1001 82
532 1389
203 540
1729 1488
591 360
489 1028
885 1553
643 477
850 31
501 1281
35 1129
1187 710
108 1709
1116 1790
531 19
1593 284
1661 346
448 1773
1539 309
646 177
454 1563
282 1351
1668 292
79 1702
550 233
699 349
1815 1159
603 1596
1552 1610
1734 735
877 291
58 726
212 1370
1511 1224
1128 1371
254 776
1584 1222
437 298
245 659
1682 1294
43 775
1229 1712
1035 735
1439 638
1799 726
1702 1450
1526 875
406 1191
759 1020
320 1327
366 87
143 1276
1656 1568
436 1253
1602 1811
997 777
1392 171
672 524
1539 1236
563 1456
613 676
477 768
1292 847
916 1424
1598 537
214 6
1601 1715
1711 1671
1801 1310
1662 1630
542 356
786 3
1686 988
408 340
490 840
168 1363
1144 769
989 1043
1774 1270
1607 854
759 734
621 178
52 1775
588 363
494 966
1010 1320
298 201
772 185
1175 1039
928 114
1605 1245
954 264
1514 1234
1297 898
1043 366
1415 1314
1713 1286
1160 461
1134 139
1713 179
293 940
249 2
414 216
1662 804
427 1529
681 963
1188 1277
625 1354
1585 1800
426 842
789 1405
310 396
1042 846
903 711
1187 1305
1639 1425
668 196
388 1143
1627 1383
34 332
790 149
1180 996
1003 880
1425 1318
423 1290
611 749
930 648
666 482
1368 756
312 1066
1491 997
311 161
769 958
223 930
4 1131
1014 37
107 1515
895 1226
270 1436
504 254
132 41
766 909
1002 430
85 1725
1177 1272
1235 1426
1227 1329
1429 476
1405 1097
162 1141
256 1659
1446 1560
1271 1272
864 564
1341 1443
833 353
76 1241
1777 357
1324 645
401 721
776 1118
435 1234
382 125
943 1435
179 1353
1783 1414
196 694
1084 1318
1788 367
285 1670
926 1510
1610 915
834 217
1758 442
47 1020
343 651
1353 1002
1033 1187
61 286
436 999
981 1386
1597 1464
495 1707
472 807
1789 528
743 1031
1164 154
1153 1578
774 1716
1466 838
261 67
530 548
72 519
221 959
1404 168
1673 1186
898 636
773 1735
708 1051
1725 759
1766 833
819 1693
427 492
369 262
456 257
1224 68
1350 1789
1452 1287
1032 550
292 1254
1418 511
1735 1580
980 1762
223 1460
1466 1807
1806 415
645 195
318 1284
732 1449
670 771
202 1352
658 866
1001 464
939 118
273 541
1717 456
1395 1574
1418 1697
300 1068
467 796
485 1032
1432 1684
218 696
1394 653
1104 1084
1729 1562
1721 196
1611 1337
1473 877
1133 656
1432 416
923 608
853 75
108 1480
548 1703
814 1236
968 1319
772 1039
411 1813
753 1413
114 645
695 1230
1604 1237
512 1224
1399 877
791 833
91 627
776 472
53 1061
1108 666
1441 324
1348 20
1729 1515
1663 317
12 728
1582 409
403 1313
248 1093
610 83
678 168
38 773
1187 440
371 1665
259 1735
358 214
1083 430
1695 1324
1785 122
1646 967
605 781
709 1738
1163 864
257 265
1341 729
683 1004
400 1585
861 1812
697 434
544 359
1504 1771
200 18
144 841
714 598
1413 1343
719 511
1016 118
587 1648
1510 1707
947 176
1428 292
1108 976
108 163
1271 1132
1723 761
31 1526
873 472
191 1285
701 976
151 1021
1215 40
912 1279
745 1050
1421 123
668 278
442 360
722 1098
342 961
1211 667
1108 218
1559 1430
483 660
1582 912
814 1233
1611 673
139 1692
1340 594
1352 1173
593 429
1057 998
1027 786
1610 1223
892 186
1556 1456
849 574
544 78
630 108
1480 1795
1617 902
1687 1247
322 1521
87 769
1273 982
1718 299
1168 1456
327 346
581 1063
1623 1137
753 1252
1110 1556
1176 1187
946 9
32 1235
1359 83
630 1038
75 1258
868 536
1753 1013
1096 553
1267 571
1728 232
103 1180
1013 944
1160 580
949 1690
688 1132
669 421
1530 334
749 1662
303 1446
1187 1584
1040 1126
847 1609
1246 1321
216 608
616 485
1627 822
372 816
407 1540
56 1610
1581 765
849 19
1429 75
241 1610
515 290
285 1269
801 491
75 446
148 1474
891 1418
533 522
947 527
549 426
399 143
957 1032
1398 240
1185 1288
3 1538
1019 861
275 169
470 40
1353 1103
632 1491
131 432
1695 1720
79 535
1580 1520
1201 709
1248 1801
546 361
5 1706
921 1045
42 752
1260 1086
1045 376
49 85
693 1715
1090 1218
335 628
242 1635
1815 1824
1676 1259
292 384
1582 811
1370 844
406 1519
498 264
333 909
1181 1211
1252 1052
1390 767
396 44
695 373
706 708
183 1592
1756 881
471 942
1342 1011
128 1322
412 314
1644 1549
207 1163
1353 758
1509 119
999 1309
590 1435
1580 1586
1541 919
1306 458
68 1312
90 108
356 380
1082 1433
989 1431
808 182
1511 1197
1792 293
1422 1709
137 676
189 737
792 402
1135 989
1431 782
1471 1396
1011 1374
1098 806
215 391
1662 1588
254 1368
858 609
641 1509
1255 1345
455 1711
374 449
29 552
419 105
1108 369
116 171
169 1743
1166 824
533 352
796 1353
103 675
1640 1119
762 1420
580 1326
1118 1518
799 1033
581 1512
1390 300
254 1268
1600 1082
1015 1495
1740 1344
874 1434
745 838
1390 714
272 1141
903 1544
977 844
931 1349
1588 680
427 735
728 1059
866 192
1249 372
1 326
1462 1815
1162 235
592 323
1767 1317
1621 1142
1592 469
1255 748
798 131
1526 686
905 372
728 1120
316 62
190 684
1058 496
1716 690
66 1668
133 129
260 9
1486 999
174 1394
528 1233
39 1501
1747 1725
883 1272
653 1470
1214 1170
1545 505
371 1549
723 288
747 119
744 1250
401 13
497 912
264 686
1254 537
1107 1789
165 261
1584 1128
1662 528
1474 1254
1314 1152
918 776
1669 110
1601 559
1638 807
931 475
365 1559
211 1604
1718 894
1585 465
1779 1722
1823 1311
345 750
179 426
1613 195
788 717
797 1658
778 415
1584 745
1787 1069
1821 1656
375 1230
1273 427
1477 744
210 146
1686 735
864 120
707 39
190 1626
316 1427
805 1382
1187 1680
952 972
118 1256
314 936
959 451
601 684
1686 1370
1320 1247
1800 841
160 544
434 1562
438 280
138 1590
952 813
517 393
1242 1145
950 1203
570 48
1345 784
947 366
1780 992
1360 1230
554 1029
1612 1166
1038 220
1358 526
711 1548
170 1307
522 1556
1662 214
1092 1600
1224 1538
1033 171
80 1193
486 1015
172 1469
577 1774
1263 1101
640 1586
904 108
1829 118
1187 1043
1232 1106
1423 339
1578 120
1817 491
38 69
105 1391
1801 1189
1760 1169
232 1196
1444 971
504 1802
1452 1659
1033 681
483 989
1734 763
927 1588
1308 769
192 1129
1108 832
226 613
1379 924
1208 632
765 1320
1357 599
245 1547
1730 266
369 1480
576 529
645 1797
778 1047
53 881
1607 1180
1177 1400
1123 1715
1140 1536
1776 1118
332 1550
941 637
1466 925
121 1645
310 863
808 1699
1524 593
1297 302
354 431
45 1279
372 1355
273 1160
1262 1610
310 652
681 585
638 1781
79 1493
718 1502
248 1356
1479 255
101 1059
900 444
1330 846
766 1033
1039 1471
1347 865
337 1219
1561 966
679 727
562 1201
757 667
1189 1567
1038 1275
602 1770
160 65
1670 1818
835 598
1398 1072
580 1736
1021 329
378 1293
176 1198
814 1019
619 1214
1625 216
802 1236
507 950
242 1130
361 1159
605 1341
1268 326
10 278
1595 1679
224 409
103 96
1675 899
1785 1023
988 130
890 952
642 1770
1401 766
1284 1686
1633 369
1660 335
1569 1431
678 1629
1757 1613
1784 1618
1513 1000
1475 216
1214 1034
61 120
1006 1337
200 491
1251 1823
1189 1299
1191 604
1086 791
403 291
1456 682
768 950
1179 1509
1419 1227
391 1614
1628 1213
1049 396
1217 396
54 1491
1518 715
1367 955
1661 519
116 125
1737 406
956 1295
383 1196
394 647
1685 1324
1506 636
1354 1202
278 1431
1146 296
292 553
474 115
577 649
1339 378
1067 289
857 496
708 1791
941 234
1089 624
943 704
230 1485
73 40
1716 1535
483 662
566 11
1326 849
475 543
35 1733
1507 1630
868 410
1247 167
90 724
1314 179
1539 298
1368 1418
978 779
548 679
23 1264
1167 700
391 557
375 445
1594 29
283 337
1054 1455
1210 738
1023 1558
465 306
1702 1215
583 196
475 1796
1547 704
247 740
309 1647
335 507
1609 272
1114 1648
1801 1831
1156 1285
766 55
1338 655
520 833
1174 511
95 110
1768 1747
1548 1594
1377 457
1479 1751
878 68
588 639
1534 1251
922 1184
846 1372
345 1468
242 298
1035 1604
1804 253
698 746
299 1498
281 102
1610 995
1221 307
336 1065
1341 450
1432 1119
818 1548
556 1323
1775 426
407 1494
681 1224
1543 155
1081 834
1547 1774
632 1432
660 24
273 267
1496 171
1057 1627
661 1243
1751 442
276 212
1160 1331
1455 345
1228 880
1289 528
848 22
1408 324
1261 994
1830 1698
89 334
1469 851
1279 1122
135 1602
1339 1053
1319 1453
585 1550
853 789
1596 310
445 764
734 452
1020 1079
1808 862
948 1319
1765 1674
793 1076
508 1186
1348 510
327 941
1828 1055
840 962
1715 347
1201 961
1340 314
502 553
1646 696
739 665
140 1779
976 1317
1043 230
1694 1352
341 191
1372 1571
1373 1700
152 122
617 1761
1787 1225
33 183
377 1561
798 1634
57 997
302 21
108 1025
1483 250
678 1182
102 120
688 487
264 13
849 872
350 1532
905 859
733 1382
720 1416
1704 1449
998 864
121 901
325 243
698 1572
788 276
883 642
1432 1814
1468 169
219 1735
155 1669
719 1403
414 1776
1604 1749
1039 1205
1628 560
1658 540
655 1592
205 682
115 1449
467 949
1455 466
76 1429
86 791
1368 1711
867 1130
72 612
1062 1360
443 1033
929 1713
1577 638
308 1034
313 1067
1617 1236
392 798
1731 1007
1748 1466
419 1187
1339 1597
957 1539
735 951
1033 1710
462 410
1446 122
251 1155
1252 548
1441 293
453 798
188 1072
621 195
1667 10
1412 567
1539 1606
1116 995
1481 370
204 95
711 1187
136 143
1137 349
1182 187
1288 202
880 145
1401 1407
1585 1255
1745 708
826 1080
1438 712
1439 427
776 622
1798 1314
1180 654
1658 1087
1250 1826
238 433
1177 1200
1248 1614
961 251
194 1015
131 1609
271 528
847 725
1296 1066
776 140
1546 384
997 374
747 1754
1312 1664
48 1584
166 1647
195 624
232 381
297 1706
200 1171
1809 1761
222 1602
11 263
85 829
783 1247
1568 113
1395 653
682 1378
1540 1603
60 661
479 976
825 1556
1440 1188
653 1656
613 460
654 340
896 838
597 655
177 404
1468 1782
462 1224
427 989
827 793
247 388
1219 1031
945 1755
446 1542
837 80
1004 265
1165 1387
1070 960
201 826
35 1127
1746 225
1251 432
625 865
1635 1566
1628 1496
1006 1385
1437 1603
103 362
1124 1628
254 573
252 1476
670 1818
439 930
1701 125
963 173
790 802
484 767
1344 1419
1250 1074
1554 102
505 1516
1493 605
1803 758
831 1398
1242 1784
1002 1599
1036 888
1402 990
348 1371
589 1379
542 702
1221 278
625 5
434 1266
1711 911
1105 1020
480 295
1649 1495
821 1159
1365 1248
1537 420
1736 1178
367 1682
26 1472
468 1294
361 1446
609 727
674 931
1474 1675
1225 42
715 687
415 1651
463 932
628 386
1109 1088
999 1095
1148 1471
1774 605
655 1288
1427 1727
1589 513
715 337
903 1126
424 112
1510 1228
1389 432
1459 139
1226 592
1209 1003
1235 798
834 1594
346 1085
1496 1446
620 87
331 841
117 1308
584 950
106 1391
766 667
1544 567
551 1234
1332 1617
420 1483
129 1697
80 1555
1826 322
208 1683
576 90
65 1265
349 1226
1714 681
572 201
1767 134543698
1017 67459981
1766 787247229
1308 199647190
1090 59979144
161 928827464
992 871729418
952 918310085
376 974585589
308 666885509
907 85071225
1341 572615842
436 321927998
1749 550079491
424 447910204
1484 97543947
37 942871976
298 71896434
1568 248347853
218 241165043
651 993977409
82 757182841
372 383850921
220 290438521
1332 451189510
1044 675105040
978 858476108
833 743018330
226 405823452
1645 886773463
211 861153618
478 803696008
1602 954597319
1287 135364231
289 634183957
917 756365241
546 182947067
1421 540181183
1630 835733501
1178 781353598
145 355438978
1014 109293956
1547 363089079
207 381007577
1177 966358172
415 870931105
587 894600354
1474 770156147
687 453835919
517 996470078
1559 190499340
1766 348776229
492 19093180
56 220042454
660 328856925
918 368917566
1177 567143603
1496 465343875
1666 126184300
848 946738649
1232 598071523
164 289212988
1045 151862930
1363 677855181
282 803084865
1006 554700262
1530 183277927
1384 512997718
1250 822912349
414 757282202
1544 169459046
1502 712252199
724 62870675
1558 993342426
1258 630242531
1315 186095777
1352 40882154
1671 48820275
1533 431110573
1530 779700939
1498 242241858
149 916000505
1422 707634084
99 549299587
747 756179267
1797 443130767
1683 34064389
172 172957378
1509 570277276
1679 281505685
908 17708697
670 424662294
1217 374868339
675 83859198
141 180558382
628 731196389
1400 995325579
490 396947942
1092 361304794
319 50534179
1269 764398878
470 257039010
1317 367123706
1589 555898558
129 618941403
1825 487386505
880 702758929
525 430743572
1080 725737970
640 74903045
84 574691606
924 758294997
614 136339673
1158 420648741
754 408203487
1039 307910526
1620 430886283
1129 989461189
1456 601084355
1066 556217573
803 486080406
1364 997824703
1647 113087682
1513 423876656
1579 770083207
1623 514586654
1498 651096698
1186 420208330
556 399811255
1223 230567850
473 41400503
1312 264975393
481 739347262
133 553247741
1136 600366352
632 64620031
874 711909436
197 609239284
1389 696616609
1697 189153448
333 570924901
1586 647306899
1340 446702970
1776 122172973
1203 641350756
1454 31121626
1108 788350353
1022 211059041
1341 233663128
1367 520644909
940 895486076
1030 963136309
1323 690617999
1060 75674530
762 739045764
1092 254946450
280 37787400
1704 530879998
1536 222572160
1040 846322791
1380 317807723
1438 512404801
901 738998568
1409 769767171
1269 370211282
734 921006900
1169 250709727
1099 988639789
169 822845112
612 223391737
832 815301280
1430 462026547
298 886981125
487 283379612
1152 364175468
913 87557915
856 219430243
1294 692344853
180 74694413
1804 930077258
1365 576428443
1458 506576488
341 144381295
21 379933595
329 938299651
522 387950869
101 29607143
1126 979673097
1525 160060013
1533 554925093
797 269554551
492 761014469
69 714102628
892 783753902
839 45620727
852 109964036
1230 589423131
582 595804928
234 930026704
882 390029270
1508 873802815
1570 406301744
373 211694526
260 713729016
1290 14090170
1174 323899986
1071 182087765
324 50700603
1182 938841816
1736 346574178
811 776867146
799 620670879
335 885545701
1823 492857940
1569 67228927
1130 359009344
1737 556603678
1440 223491395
470 522823499
1276 363540746
355 148265823
1077 454202285
384 536967132
122 344893693
338 401243541
767 803091415
278 428472974
1657 695548663
672 874658892
330 62293221
780 186110132
1007 666865518
1303 818075316
604 325837019
72 632181527
1717 788597501
158 904040413
581 496762916
178 225201285
642 76301947
715 307192146
1749 340498685
439 51948467
1358 116232424
1299 386586186
1749 164268955
226 499486319
1445 534271645
1758 897270612
699 205434245
979 361170789
1725 104590681
1714 85631707
835 130059051
565 550516105
673 184791082
1327 45211507
1596 330486070
1157 444655473
936 30309405
350 729202984
1477 868394623
1019 369353704
1380 350048994
738 905849636
871 926256902
1311 803895006
1389 152368203
342 15384963
898 818857745
912 458388362
1318 625265113
841 752848933
350 840450417
1672 916894161
1437 702518654
198 336697898
1761 238088447
1776 652999730
1128 646286748
1820 765666095
56 878692355
1117 123786521
40 774847130
319 112686679
1554 536202397
370 619362754
680 162843413
775 772174170
1651 172424209
1102 162643860
1417 601746439
1427 838725467
546 773805531
490 923210940
787 194776189
1738 839753835
687 33614594
576 844374373
1705 47699505
1545 742229928
1715 837899971
363 816280361
758 846308497
545 660417661
687 168412122
1588 687551891
48 217371453
11 393583554
1469 296598431
1570 121184709
1769 801380775
475 301839156
82 299667650
131 725791188
471 607176753
589 406412721
1019 838104357
873 62638280
393 708727446
1294 737403815
1171 437048864
52 338483431
804 461081551
896 145663090
699 971727634
740 167400267
1304 968672016
421 579145488
1468 6391941
1188 56888194
1509 351873995
1377 161979478
1400 847927062
1665 263298747
861 807411989
1264 978689392
1639 448035961
127 672912254
1362 410182093
1088 858546615
979 820977016
808 197122024
1443 480565968
946 399744913
1251 182805260
1498 210894217
1175 831985554
267 961942452
469 646932608
1463 855356683
1029 548032460
592 739157897
1251 213705679
117 470667966
446 408261551
1511 670209141
836 947911789
652 475524567
1251 552216612
835 605319792
1398 155801164
473 36824359
1437 680183829
1753 703511745
16 450906062
166 645614690
279 207819202
943 907834671
1643 499122285
418 123396737
756 646308651
1139 731502898
1502 133658825
638 961682298
1395 147361998
311 838765805
793 411088284
967 909177352
1689 129109296
1463 593504270
1438 650321015
1057 483241126
1382 331735748
1824 734357174
414 376509684
1288 468333465
4 696922662
171 291470516
1347 96810533
1104 247313353
1790 518618214
379 137018296
183 234911815
685 968272714
1583 111532613
781 17534251
1096 745966682
1305 557340515
404 598563111
751 463437332
1552 297492361
599 161449789
793 861078368
754 511567853
1522 820746860
1333 33914923
1382 116582427
1550 750985098
706 129854721
866 41500582
247 350484894
102 376776698
922 688913302
1324 60577048
1206 744153722
1534 595982838
1004 791596868
691 120126049
1792 132503958
1143 117912521
1279 379329445
1597 716579720
331 769056188
791 976835956
1589 160552169
1557 299879764
1107 587789803
450 653259432
704 664187253
691 811035876
266 846962664
1221 36297223
1777 858809971
301 458512490
1450 585614396
47 498109838
801 350048385
1510 694279207
1816 944379480
1371 410875926
1026 234247697
555 52542351
1821 296318887
1425 492413380
718 750292343
850 645272241
1539 771630470
1508 791233693
912 577133564
239 44017816
1080 557324126
45 887329826
461 541940625
715 483894815
341 386536417
1576 859174606
715 377006378
1462 926875368
135 917239660
923 414719267
69 525871242
1167 901397127
706 54010142
1480 963001623
1353 850445461
1376 942753583
1023 196135071
228 640414592
408 268908238
118 976697973
865 874742520
1088 166096847
981 334850334
145 445111415
718 986137171
1330 301400492
411 830611511
1549 431475223
1494 333629171
570 824691202
694 161704980
394 750452930
1550 340906779
1250 679682175
1192 346139199
970 878156081
39 519340134
706 233852432
1486 870789900
1429 674863892
341 770091566
1477 207751221
687 477441453
1381 453243409
561 173951315
1782 768598506
220 501174893
505 637896856
1582 385806137
267 783645145
642 175789596
811 680951845
1065 306566433
670 23919026
592 919544005
327 224953666
1396 466944233
667 750928461
1552 638839492
1042 125388005
1733 431483116
1336 341560729
833 69046
205 463237211
1748 42021424
229 809977146
686 945151345
1373 103188718
342 352969866
1803 910731506
577 120885244
707 511795626
751 612147152
1507 678356161
567 987351452
390 891955017
434 428399665
1765 442757242
245 513177190
1208 121723889
1338 578015553
1760 343166572
832 886367753
953 651274236
105 172508389
65 378339900
303 158145624
1370 596489418
1352 351032199
455 205668526
1167 896769996
1017 684996799
1099 108429556
245 82832339
1089 345278062
906 765577754
1282 243246409
1355 650186311
1159 159159251
1067 902256660
550 668529282
1065 520628661
288 849074065
1552 652232993
1440 550769131
1624 506213838
524 421639953
1664 319514422
1386 883401873
1612 541512553
483 861637641
1694 272031683
1703 36814977
79 610784097
36 28300914
1830 923263620
909 742963152
243 765887680
288 947269307
1721 336642088
1793 711323887
730 724033694
731 859035961
1806 504208850
588 588297858
1582 157560858
1148 999031879
940 281625488
467 277627942
1125 180027818
966 102707885
579 919484315
4 434304218
1509 172360153
965 96964502
1613 515655432
934 261960936
1156 452127587
1662 246195044
460 775910011
1189 591152989
168 675225176
4 580997549
1790 572738908
1608 569608863
231 44907829
1453 365563942
1024 493144124
977 362348402
366 894377170
361 822606326
130 4012636
1020 656826914
949 456587152
1253 673371685
1000 285617882
860 668249739
1712 313364359
1230 2703091
1546 258442574
1295 502409733
923 40903727
1321 610650676
625 881486964
1413 597312926
667 128576272
1380 857301637
32 31228977
1068 408395818
1180 56759438
765 987249503
1534 957698241
1163 218288547
170 511109221
842 129895036
975 124587464
78 821514572
844 366389721
38 503447243
738 626304933
452 768119733
1631 438668670
1281 171511551
864 225382354
1548 806588446
1758 110134083
270 324140837
939 863772832
1547 144749627
1533 223566716
1139 814070934
1715 224647534
1386 783713169
1127 819846647
1786 492567526
29 664002720
1722 555665615
906 122564423
1180 687829059
895 645255032
807 25636156
212 907582342
953 258492999
1069 755390181
274 607243262
483 119729973
983 281865448
596 851892353
849 595725752
1278 88022729
541 956650692
492 637686107
960 137774071
818 389345021
934 824233731
1459 754155853
5 704380413
1154 255561783
300 669850504
351 507551920
669 429890570
544 289629984
1347 121578052
719 748264960
404 898910634
1185 268523376
1341 219232440
155 515180337
1060 292041247
597 860203498
89 233010688
1428 30665835
745 392309874
1415 718029247
1524 845483066
654 388262717
85 536838787
1119 246410542
155 736013942
1437 742547546
1827 909878378
1169 246963663
960 171009963
400 428595846
428 873979870
307 355592558
1786 831883813
789 698008590
1671 635942922
63 864709678
1438 707853319
7 731125375
508 248653407
251 252464151
1252 800712416
946 698352713
321 68086973
1341 464585642
446 886587618
1208 191280924
88 978448442
1464 42541997
1080 64458581
1392 832320382
739 817366655
1529 179350356
951 647207523
754 203067626
584 626379763
199 471465740
1808 465642795
1507 68658513
652 450378219
983 219752342
997 804143077
1379 253725538
1184 445763438
1737 487627075
1036 410429675
1745 218088028
151 632587627
1388 743160896
327 382357439
1398 459683720
897 602806274
301 761843459
1301 569733580
1661 395550673
1131 542841147
1127 395862478
1313 184489863
1527 454062414
1182 850537
1494 270794298
867 573483539
1474 632048519
262 955821073
1513 776421442
835 297441603
1438 348499959
1004 627075996
662 772256020
1706 762942060
53 806527722
446 341446860
1332 450832159
1025 912928018
642 351677417
358 956313492
853 814557412
1513 523966888
1564 966772635
274 291584854
11 153646338
179 441005407
1299 599795894
952 442382632
557 571863256
313 882786936
1692 948950664
557 334158075
669 387592870
863 453465581
1614 348014265
1130 354401253
1233 325818631
928 676007332
588 333828995
744 549614459
605 99604603
946 796501912
966 38567501
632 248570131
994 157659791
1060 389542799
1502 76806941
1015 409518115
1168 106184407
1116 719795703
985 964490331
532 530866242
35 50835630
224 503998294
1042 504456691
1423 927817931
422 77753480
272 106862897
1257 117081258
269 828544799
1772 366183695
259 686738949
14 268436954
64 299787801
701 795297392
1458 985825808
1370 783314434
1181 701394954
270 689474582
1549 426881140
160 802157824
1332 885930444
807 671877292
394 365548234
1555 209558944
30 851455601
787 36741308
1213 559802845
388 169078431
1813 884060846
829 289543164
65 953029030
951 701864457
511 608069003
1045 780959489
1307 533755816
494 28632994
1792 350082666
1379 551354699
779 378209797
1572 780286389
467 121336664
1035 820681433
684 4898225
1261 900874888
729 395208040
1036 302783914
51 479662853
1312 466750728
922 763445521
984 76987804
1818 260754184
169 189912268
240 646240654
1426 505005070
565 811360026
1206 355633084
1116 57096635
243 566333697
843 812474677
1415 774764803
1523 364308759
1239 839235048
968 188247690
492 3899667
12 493963989
1331 245695228
1143 101168219
447 976632566
1109 313508781
1808 265689455
690 5102165
1156 88914893
555 851200035
1499 839561174
1764 418026484
778 589441458
634 149998548
264 407036392
34 112224554
679 636012734
917 446065970
841 846127113
106 986943766
1613 79286805
461 498988700
748 830176964
764 46058186
892 474738851
1561 7149319
902 791633024
397 421263676
724 359511647
988 669771550
1024 850850931
61 709281343
1320 114263278
188 322373834
608 98018179
1450 614888666
628 776650665
489 788097446
1748 282263470
460 259535814
821 453494426
24 453995717
166 169419123
1201 919148837
19 857053008
584 11900854
1699 25894619
1615 70380570
228 932533059
1530 44510372
602 473288757
824 50422118
1654 310939168
260 363054183
845 647858156
143 881987239
1540 15295720
1028 710133192
594 775876830
230 410202817
1321 493372630
1470 452114305
823 157949231
239 925389189
663 180925922
1555 252218632
1338 391915295
1563 770964384
1301 234533930
373 648153681
1619 23351021
250 634497963
274 585152280
438 987179102
124 41579814
689 442437543
587 145573363
1466 357736603
1077 462750465
1480 893222908
896 329540557
1182 980294874
1503 720468695
336 980808104
797 640322606
769 524049160
1678 306675181
1051 246744021
693 892459417
1168 945283060
907 659164301
685 847719418
1639 183184444
607 573633254
976 638736489
695 13853934
1508 194640969
612 853087613
394 27341107
10 26901178
1637 517556952
319 15217064
1669 21515399
292 343022627
17 593534496
239 146345840
23 499815246
1599 403140385
1173 814463742
961 604841473
720 57237870
205 3189889
1489 26613729
297 328556804
974 735508938
1792 557794991
1247 233450189
4 499240459
1763 370564646
502 575300641
203 734286940
261 823669162
106 313574157
1780 450334160
410 378242739
116 484662813
248 40337520
1704 184034862
301 274070300
1113 14372819
476 804217919
1353 154949731
721 892170212
507 41371157
1588 68761726
1547 600343412
1813 594547467
1113 555200074
1066 21754177
1634 580112184
518 320020848
727 481839469
375 10756803
1773 428921647
1813 170446004
969 795902566
1612 664045225
458 326584985
639 631250584
922 948881315
681 985428994
421 596773738
499 79342202
12 641192135
421 617115177
906 94192231
1030 187302243
1280 240832635
439 443810243
1577 803093459
739 146820378
1355 177594054
481 518777628
631 834837181
72 812581720
280 823837254
1327 686388978
1719 569205323
923 138566660
1004 756411022
600 978364613
25 399682350
1468 854212784
576 593212082
850 548238248
132 305052407
596 50564854
24 490928420
619 643903285
1 892926369
811 256137860
539 871048545
892 823946766
759 418391309
644 576479557
14 153212386
1628 602035613
893 317490541
1018 976852956
1321 311573789
1253 307739103
592 635209554
272 188657903
169 7944805
137 633492077
1305 234112706
680 613980734
488 141786797
1520 587959771
1455 448145938
1061 74080489
1381 225538661
703 440163416
509 664814473
121 128499499
1053 913458349
568 181875705
1816 48465366
1559 970317820
716 132175013
1720 441889531
1815 254527786
567 508457514
930 571822447
1803 150922136
99 289368209
658 115248504
123 291841072
1655 335295658
775 324832158
1160 679433552
1246 422955997
645 365479983
1352 32223458
335 412180114
1658 99556809
462 90154322
311 147556591
943 983674609
157 713505380
1111 143382380
1782 339295941
1719 152796181
392 622786199
1677 645362118
1313 618690071
1334 155350091
466 484413290
686 868456223
764 46484364
136 152216768
1158 274305893
1519 114102952
697 682097885
892 561484867
1454 448135271
721 618101892
1691 73720894
419 980841017
1198 781974528
1826 928880355
55 413325563
484 339197129
1336 143556480
457 230171337
1068 688966429
1384 171314126
1070 456584895
354 289906726
1767 847129619
717 875023516
199 677840901
1636 790046832
668 817948589
1633 682995641
965 296520287
136 281937280
600 294945041
1774 316046739
1709 302733673
515 7917333
474 603038900
301 220138838
1518 977216577
1693 219184559
541 72654682
34 895356593
766 431517916
1486 323095744
188 564517658
804 395077850
1361 608453534
1401 725546199
841 808631757
1708 726882178
1658 807264261
1594 637861601
127 956620342
128 185056670
139 966913384
286 909579366
1090 4236112
389 768349919
1391 679145297
1670 136612044
708 853561156
228 788884525
1699 669066223
852 430138447
301 808202550
362 220562827
94 696275181
223 566743356
1635 734329411
399 859990363
282 407394703
1170 177533385
791 895313141
1330 871160317
455 579755138
1114 946722895
1239 204261130
871 515125637
1701 997301383
1117 809332850
173 573006839
1387 184358109
1336 10754508
163 938726409
260 506864575
1200 883224582
1187 585902107
1468 592444415
1815 314491159
1803 14224993
563 673348487
1796 570675311
359 831348446
1778 420318456
383 333449402
1322 791608886
1293 202546319
1476 919928687
1380 618746637
1324 805687182
1828 76609350
1725 76868497
881 933137408
1472 51364994
1433 165938825
1621 829332310
357 498661712
465 903713150
1556 843366796
436 673985091
1168 833068285
667 779769109
900 551379639
248 144716210
1767 761601171
1207 508402782
1642 445883140
441 751080753
1128 436583780
148 976046638
1739 624942434
1301 239557114
165 717319516
714 938534247
1640 115141705
27 562849902
1167 232339888
1735 238642377
911 777442609
1419 242213140
375 437337503
494 894126462
698 336130146
1687 146753473
34 133216542
878 575988151
294 357994239
1497 993456447
1542 890477315
300 454315365
366 240978532
731 835215174
951 957558896
821 569490979
801 123883226
1173 583308263
1639 921713305
1214 815526649
868 446874645
868 812893760
1496 656985347
658 778395457
1187 631387748
776 181151261
1607 707050986
31 825797618
1525 413027194
2 664407613
1756 51914934
1328 973430878
1762 873957909
193 909139772
1201 217432850
621 144072549
191 185301858
625 425905579
262 844214765
497 472366519
15 941257116
501 98585326
951 485492095
1354 442268590
700 89197695
1558 779984076
497 276615357
1300 479581276
886 342430646
1310 134560817
141 398481589
562 664992543
1093 79869481
1627 708856493
1593 406682904
811 242259485
206 276284713
1132 587494202
1730 595025902
1506 119645217
292 890167161
99 569631776
1019 689893649
7 84412413
1165 484916388
432 651325601
435 523157879
167 658107948
516 295818338
1462 361832038
500 983492839
472 310062920
1570 379281215
342 94272692
274 873512602
924 253121868
688 63163047
610 608618964
379 546536066
1084 975196102
1345 622511677
124 1493512
335 18139548
849 65615714
1277 595967825
224 658071501
156 276574396
1368 568970541
812 387312101
1028 132093568
1482 859306588
542 22753865
570 164920883
895 55935605
157 22016220
1225 707863394
1509 198865111
997 205256073
1302 952368625
117 551161142
962 618326053
975 634982503
510 384218000
1029 451855589
1092 994810159
1335 944318903
1459 567490392
1201 964282969
14 579101589
772 564119460
1249 915268969
537 766584836
1655 517838877
1283 98653965
1771 670780072
369 295311237
1252 429414577
621 617733597
33 616077064
250 227509839
1788 856039998
1480 35448957
751 345363277
1403 133216325
661 281246014
1155 694676607
1479 482608793
1405 211671775
322 721530810
1151 607930991
292 959002995
281 919446167
726 573105817
1129 780736320
725 721902029
1002 128145394
1827 79700713
1101 227002181
1483 940580184
1706 720074304
1763 640247959
1286 104104952
410 707041110
1037 320457908
1643 717619077
1520 79863123
446 947061266
728 466247766
1265 835334355
1824 559520838
98 209275593
1767 930062191
692 611155838
36 179511241
882 467041619
419 266852618
714 937034961
783 567596362
1168 857759929
97 783975716
508 25974738
472 917819076
1523 431248542
20 305083929
1429 517019043
1473 684951886
1666 10193707
1565 194834039
665 49233140
186 823999286
1452 991526988
127 62411440
1114 421268432
70 908892850
590 560943890
671 846291186
151 811013125
1356 650792078
1343 726659885
88 165280874
686 720809254
26 55066077
1395 279819023
1055 457502385
1789 549147693
320 470481099
909 322114152
1372 922430291
1809 628789433
986 855746751
832 37776987
819 365384454
1419 786239933
980 913730196
1829 712378368
195 268554981
980 496503073
655 454822003
1690 114058992
550 511614393
500 965875428
141 887352594
1425 191333730
1620 234461757
636 108010760
1725 415460650
402 581920048
48 20066762
1125 637937840
646 707648904
191 122651760
944 286530960
1503 642340894
1704 713427604
1752 615257374
1733 167432123
605 48855001
1239 10888845
1189 769033395
1555 298099951
1308 747661818
402 159496845
514 257764754
1133 400038882
1189 494309450
1048 503640096
508 618495708
1698 588353278
280 313275293
1727 306779413
701 832756117
1307 541781977
1323 836328455
1337 866997945
583 28543384
669 786515046
1330 16498405
923 262257453
419 346049105
1399 303346188
249 933824833
658 573706932
659 362710748
1184 35035172
1233 889280622
236 545479557
324 202372958
1005 822747698
1155 944989947
1198 31620687
234 365880485
348 449686698
31 500496106
349 857443300
1388 377932199
1580 28136485
360 926274520
126 809951296
89 440132501
138 74390068
801 759373039
71 596596436
1455 337051495
1706 464269944
770 286181654
96 46205358
768 501955220
894 201007599
1361 227524122
1460 537683910
1450 52134130
595 293392571
1665 591646701
430 562998391
414 947689606
526 613295737
1630 795782841
752 329330713
1227 16432137
1473 759502552
1792 544330650
1277 583442930
606 184835764
1829 157452050
1528 315053499
678 940563673
736 43177713
653 705835714
50 546886953
1514 487831325
1209 873603252
1126 314069030
558 846597492
1016 154585977
618 940647312
17 800567246
59 554524427
1477 619262916
1342 222137106
213 596153170
573 671862160
1692 208595376
1428 571936828
363 968185209
1215 744266834
910 5425702
1190 366665029
575 650228915
1813 333906387
956 432390215
1146 828321098
76 127041542
938 848080132
524 86880675
1356 34049592
1774 499372904
1397 358321423
1339 362813475
771 520268262
1282 542222520
1755 789818333
10 340708803
1313 473736786
1183 140755648
467 654698073
366 641606290
91 821076500
56 426897442
981 198709207
881 451614250
1059 495433395
1768 310500108
469 448729043
74 346070008
37 720353160
514 437183539
258 3838197
518 260217273
1585 710097603
324 398384238
908 691317183
634 699776459
1582 540357578
579 72500188
557 7698089
1396 591526431
401 446884433
1054 113581637
1688 753026010
180 313975429
1202 816089876
1081 524799835
1480 973189646
1820 208074214
1824 318734177
797 694248115
454 568964142
948 194204363
185 404516759
676 437893112
223 96549140
1193 941136552
42 374505472
1793 290007529
303 775281101
1532 962631081
1433 20724352
434 192735521
826 447034830
395 213707351
708 514443521
1193 154854813
1139 55165280
153 704429707
867 294262378
1818 468673857
1071 994177736
594 283582364
635 783074569
47 470616838
1253 767916019
1594 495652562
370 809533944
1598 977482035
1402 660226262
995 231823197
1775 229826042
1429 297236985
934 545843480
220 99147381
1218 81865691
931 106231194
472 568594339
1419 452233125
48 665603241
898 850015072
1638 336897449
1322 767172459
1391 308087287
757 202337408
856 227471597
1415 435176133
915 742851177
649 219002735
559 964935171
1346 144113533
1315 199621470
805 108422457
425 702955993
1819 414752605
837 917171117
706 774530949
1426 386563975
1028 499562234
1746 340330911
1200 609225676
1383 670527209
1169 621544267
43 636919764
567 550985479
1545 376923807
1091 226519270
1776 826163381
245 356051248
678 661386759
1085 898564838
966 731094842
946 117470062
1398 116991178
1715 158967877
1291 580975841
13 321528086
1710 267663326
1607 233881426
882 161384407
580 634107348
440 154112606
496 780435543
778 861722618
643 202722007
952 705154156
267 327970355
1727 117272763
953 788585735
1517 289423347
647 471797807
485 593418955
1421 463657935
466 635063683
1632 951314221
376 675859696
1683 3245614
368 747558385
977 474537856
1659 504241158
743 80221693
581 608987704
1716 369337559
969 975886063
1227 405565713
1261 927340038
610 379172699
1554 108103654
1223 618692772
472 921704894
214 254881629
1318 365783789
1335 8935119
1208 343534481
1301 999432610
1140 962682995
1216 813098216
53 683370161
786 238397478
152 838400645
1603 862295430
1110 48642314
611 451852256
248 622704070
988 956688888
975 71482574
887 253846188
407 555021643
1696 391489784
920 810417865
1186 434734972
1708 259680697
445 63706127
1175 605639536
1816 955446772
1792 718682205
1536 741074743
895 733933155
434 914897836
1008 955072706
1475 963341518
80 985406261
1608 668810157
1534 187131931
86 111622890
1012 383778602
1319 872651571
1700 949571784
450 823769095
616 941193999
726 512003853
117 676040484
1654 664190281
333 402375
581 266876998
1109 449480026
211 755921689
861 37599300
1365 546909677
731 437696759
1715 310204104
252 618601375
133 927145455
946 127697591
1390 80558950
807 213854925
321 807054663
866 184160714
161 424023353
686 105128994
1108 851158685
1754 394676306
34 342096623
1611 262369713
821 990713775
1520 326504812
1004 45641840
1232 935638957
602 452857792
1333 17613099
760 771640950
185 832188813
1756 845780433
785 626550093
1209 119138851
126 67964356
1624 71109507
1026 36189139
1222 757016237
1062 382142271
1148 746803630
1012 921766926
1315 772798744
1482 833691873
855 741455673
102 730190682
465 899071843
803 34766922
864 913492213
924 606991980
1683 529569165
826 542074969
1594 218268256
1783 93541917
594 182097001
1739 719111220
209 668194244
546 253225099
1121 332096060
1374 582774043
274 748307683
150 496528943
200 983623627
1187 649036012
684 991768246
1700 675899615
294 274129160
744 831283591
1396 70876202
599 607860781
1131 907374716
410 30940958
1126 12508577
1343 449425717
1465 334744044
950 643139480
1789 364362344
26 552496866
431 343688861
1122 549474086
760 461940023
1745 810669859
333 474571987
701 971711021
1313 796269966
671 749719274
144 413284902
1311 843314151
1324 910417408
1587 416136905
1157 337327773
1099 325084392
1097 343123902
398 805180344
481 766913480
1292 208280443
402 378555859
1038 643035084
1424 628604860
436 988456477
1255 213203490
680 614664330
548 980611997
1281 373734913
31 748939530
180 537080247
313 214924206
9 967024633
175 319739642
400 769199107
334 829981566
75 715819651
730 966605846
1771 289709295
1489 441277926
1263 760880783
1523 581339256
140 385041778
1801 361784371
456 795200333
1026 113777975
1042 825351727
981 57846385
1066 864758330
1568 662087804
1456 797834729
1383 725497602
1677 828388551
102 829414866
1040 365173613
519 526739061
1568 504637759
38 374160375
905 270211554
292 271291999
1051 584613284
1559 124791315
96 147766776
477 255930891
1143 347348359
123 553191435
1202 90549947
871 592333467
813 885 378730605 110833926961213207
1648 861 649537044 387172058856733521
196 1274 339843141 723867353720400577
230 1290 362013697 30729296893608256
110 1207 600127619 991406412561943231
1217 715 123276007 492195691577004333
848 345 749019778 207106872025428330
242 560 35 915163004
1644 657 32 5897735129
1044 460 54569538 589092257924708215
190 1640 8 21754177
1450 120 26669081 956460410507902768
301 215 35 9013073941
1173 98 255375699 846742010932672966
1767 1184 5 68761726
877 663 14 1798191614
1452 187 9 4864199697
8 1187 0 940932411
469 1562 427653834 193804311100820344
1441 1309 8 0
1302 1191 9 6831109418
616 1352 34 208825935
1617 1367 14 2723019705
1305 698 11 4244119683
93 455 0 2075115540
1707 1552 19 551385461
418 1136 16 866764256
1041 1442 265022184 264927903118535497
1708 692 218253041 910824129350383579
1324 1505 0 3996679411
269 1411 25 10314448415
471 1685 849614439 787785953098550164
1378 320 11 5778511129
1022 177 29092527 464261557667835130
1245 984 539604026 246086425486911429
1762 5 9 60577047
1247 1385 11 389906667
902 1355 2 1531298347
1720 1787 24 648224306
997 1496 16 21754176
1503 993 14 5256287177
712 1110 20 314054343
827 993 4 171314126
957 1081 23 5039849103
964 490 4 483601569
224 491 16 2277965756
1366 1202 15 2294659269
596 142 38 5494368208
736 19 14 1411714316
1265 212 16 60577048
62 291 2 3600511854
21 302 0 0
940 1014 546008661 668710227762034516
395 250 12 2854798557
1622 467 15 476366532
1723 50 86261072 43817530747632243
1746 831 6 60577047
272 596 448122840 516914869962243628
166 432 873577464 108198753673875505
156 1008 7 1255820857
1311 368 8 75872767
1615 1261 23 534379174
920 265 66411342 356927753752094750
1343 1750 2 6846090155
1460 1780 29 0
132 1408 821982178 577480682693569714
1315 992 33 6853647419
564 1372 4 4220985516
475 727 12 19308356
629 539 31 1850873654
7 1780 12 4033477835
884 469 333572824 49763300534224025
1267 1243 34 913826303
801 618 9 103503273
421 1698 204070300 989514932549060838
263 1792 196297131 379278845776714285
927 1107 8 680153158
190 1423 911176895 391360824689113458
1385 759 4 1566550800
272 1107 21 4671249836
1262 1061 656247511 477937809453714073
899 815 973721741 868395782961441650
1250 1392 4 2112485960
773 457 690630872 984873377483688375
430 30 495967776 904366672742258852
879 1807 34 3697097322
948 1575 807972666 519826321597864634
696 1740 498718656 392608129784205486
860 584 22 1131788544
1395 354 21 5610338288
389 822 22 4751068024
1363 680 0 2547049390
1528 1187 3 1836564058
761 87 292730785 620738171053846466
1133 842 31 4755461418
119 8 4 1536583732
1011 1518 14 4712177891
323 178 0 356947122
1735 833 17 454165784
920 1722 934193015 576875763886566180
79 1501 26 1785906827
922 287 15 3773963016
353 1402 17 4491251176
1579 1632 10 2235638393
193 1578 0 2471099548
388 74 10 313833813
412 766 17 2298102091
1143 230 22 4743354625
1014 1281 439714222 781522864850809029
1543 160 3 132093567
326 908 593254998 468452284010625727
985 540 6 1546901038
304 323 6 472447398
1381 510 731601556 874964747060621000
735 1465 2 3837653456
18 1371 827509342 657391231435834163
211 423 125641673 229743560972860148
1516 718 12 310037476
33 1126 14 3258058482
812 1490 0 0
1062 74 7 404892709
736 1185 778914642 558309278806871688
761 603 17 414208541
1583 383 6 1430788727
192 1561 12 1114108201
1171 1312 1 1104723112
561 1197 21 4797010788
466 1694 5 21515399
1236 1736 16 1259225766
395 195 941032528 12672984722247075
1123 511 14 116232423
1262 1635 30 1346007586
884 1458 26 2280440259
817 167 1 4982587176
1371 969 20 3968107501
1100 581 24 1462038977
1196 851 30 3903200008
115 321 13 77753479
1101 1497 12 0
1322 1489 29 3969882880
586 707 13 224636117
1444 738 23 3770568481
1299 559 15 3434787616
521 1328 354995450 568220300332372450
1238 602 707835006 396983084396129455
966 1163 188439518 90190697776627255
826 1051 17 46058186
1653 920 7 7541068408
1 1476 389425116 327255715069618239
839 1097 1 1233803009
1406 955 640914051 585264841230073884
1704 1693 28 7219906998
1722 670 11 3728446499
802 1410 611643768 590886188771715730
1306 1089 34 5685150772
1231 113 2 239716705
1609 1365 137393166 452101776983456424
1362 1374 32 2632591610
1621 494 528839201 731870865854101418
196 1005 26 7941704876
1265 1167 22392035 744767087085762491
1628 1094 22 173594150
301 75 944426092 515810696314518353
512 1659 6 91665941
1336 1829 12 74667217
345 215 4 906229137
1803 365 32 7448631179
497 717 134723210 257901879931631867
1102 506 436754187 795843178407868646
1503 389 17 4793122001
1782 1766 217901746 598065955243764156
863 914 516845438 257798637579840812
1246 1804 21 6610063081
1702 1033 413461132 791917999146326910
1064 1298 39 1127088651
426 1693 1 4088828715
1703 1349 6 378006775
1716 732 20 9654039231
262 641 15 1244575944
77 1819 842341894 199135466798220410
123 1343 276211385 503403384303426198
1741 1605 8 942210782
302 381 31 2285422497
996 41 11 376358807
450 415 113534675 52648564466683026
1354 296 8880597 835187826927094090
1298 504 17 1387738411
859 567 22 1442108775
927 1185 18 175628005
352 1335 712601977 410392191146971647
259 48 20 312105432
1101 883 8 114263278
1444 1169 20 247428683
1830 202 20 300419319
1676 1809 6 0
1201 675 6 301674390
550 243 19 9036941378
865 241 292890462 559741466849057243
123 42 30 21515398
1369 1232 19 183228807
725 1493 5 1066815596
79 1800 10 1211390876
1687 6 25 4315378858
595 625 899000709 980109986541977266
593 1565 18 6730942205
494 1522 7 2126655570
1738 1548 15 1775878781
1435 330 9 60577048
1045 66 7 73528771
1720 213 14 7705594494
869 1602 1 0
62 1207 546736418 995601859379399326
1015 1540 8 1183769982
1638 387 0 1560163713
420 1824 6 144749627
1165 633 539913428 962593094015783512
857 959 0 0
1494 1786 3 8428846586
1193 363 21 3838197
652 1029 14 4414703622
836 1510 0 7749054967
262 501 11 28543383
639 1290 106148345 33248530617412841
903 82 840305787 924796044190908447
548 160 34 7173474462
1065 645 12 6247818841
1340 1098 1 2976468510
1455 502 587235375 791055829480348394
1054 1263 0 0
27 787 25 4498254758
1151 453 187168349 620873426013226601
1155 320 6 2250203554
393 1784 10 178954631
1408 1033 797610143 81138930634700699
996 456 8 1587347837
867 1745 85404051 297292507747495001
642 1427 28863142 230156814345391664
993 393 10 1455914304
1414 672 18 261616878
615 771 24 4598994805
846 281 333084170 304320684521862096
695 1704 23 7056586097
1084 1253 24 1362727439
116 760 85364662 718561035899345455
1617 398 576790861 66761426140138935
933 1807 16 55935604
304 1286 9 2255277451
1413 631 27 2335354265
1808 1706 507949064 685008229026121032
957 430 991858417 366694778206652158
607 1079 5 3539470372
53 1205 3 0
221 345 662284259 715349596771267151
1355 1317 1 5139283633
1657 501 886675418 903338958611123992
1060 1347 0 5220691439
793 172 24 4156947650
1349 1739 4 0
1642 1395 26 4274157862
41 406 234570358 265715056972141467
412 755 21 466369857
345 1117 16 7849125950
1185 734 3 632801523
1796 1350 16 1407753614
140 1089 5 5887449635
80 900 11 7443714747
1372 936 6 441607106
222 835 6 1057284226
1059 1449 27 224636118
845 200 1 2216953753
459 406 24 0
1288 345 787104567 262975916581591967
1662 353 237492456 769424081312919178
237 626 20194235 231971832817078438
339 1445 20 265872539
977 643 3 4787606297
6 134 14 7557902693
177 295 589123276 861547627175601210
209 1715 529272925 191785743952108234
1214 1505 27 7416626833
1196 1332 903051152 735535901768237231
1139 62 810337229 249455588519060178
1265 709 13 1215872708
383 1358 9 0
560 1301 676637626 582267378727148417
1544 1483 3 0
1058 1706 11 2843548066
1687 1715 6 74667218
694 1017 822928124 591294705281987640
752 46 20 60577047
530 375 640028338 390803149641651993
273 192 3 888817030
340 1273 20 239947402
1326 136 8 0
707 1333 860345575 536677195578715688
1215 1511 28 75872768
1183 644 792733331 365712284607035149
691 1470 20 552260465
359 1160 22 8859428937
44 17 658140464 520709275168740072
1112 1079 17 323936056
1808 681 4 2396474949
1030 1193 0 5110909552
996 838 3 2269076050
1762 1327 12 3061118187
269 268 7 1849523386
553 71 6 5708202040
1068 251 11143449 566635803325553162
656 1771 23 4372405363
1485 1404 208699672 619022909318596799
1237 986 4 117272762
136 1372 563103488 515137271106807209
1775 684 20 330282213
1658 533 25 2063272549
555 1640 5 783813475
1284 886 7 2514635944
920 477 943751618 630096070864749757
521 969 1 8388838870
1055 258 602432963 279460211527029413
881 1536 873116000 867725944324436039
707 830 30 1215490039
1490 1473 9 752550626
1228 555 979602763 857186956339093895
1347 638 11 1606750012
935 1768 856949363 739341618026048242
4 1619 2 672651740
769 417 20210700 890531217385129863
213 1675 35 8131186009
100 820 40 9614090868
385 1258 6 4271849237
70 1044 606776747 560858752258753490
596 1508 5 8587449333
1690 1050 17 67459981
1251 1475 10 1807214053
702 1181 0 5258161741
1219 1236 3 0
1038 1586 14 312105433
561 179 2 0
217 130 17969757 98805969924085282
1154 1628 8 1357304889
1067 261 666569588 704249895125030797
1020 1394 19 756134412
206 1508 12 1553109901
674 1521 347297784 679434207989523268
960 1075 2 4984926545
978 219 32 0
318 551 462644229 981057002080125050
888 1184 14 416210800
391 904 37 60431004
1517 1012 442665482 435820267070179978
1038 3 15 1326817188
991 416 28 190715707
458 960 770316323 351636667622580517
1300 737 9 168587807
1815 766 336792313 398960442228962235
387 1207 224783776 210736547358522703
1401 1472 17 4903360067
532 49 3 1463885477
1364 1427 903430390 476952394750392876
848 1365 201287457 257921914022200877
287 1709 18 6208894433
877 1695 211991200 225544446279826800
1132 1819 32 7791441461
1655 367 24 5589277231
517 1511 24 341070729
366 30 108057518 958705229671274231
1026 1676 1 346928242
1120 47 36 7707510189
1299 239 16 1037200581
747 484 4 132093568
333 1093 5 2006492088
193 953 4 4763547030
1144 685 393721939 399908478658071817
1739 216 8 2385081338
857 1164 929906081 561317226569657864
823 1738 2 256357078
16 1245 439261485 857890849417870059
1456 1261 28622803 554220207162917043
1779 1343 11766160 398470793915120170
148 391 100535722 319041347111056783
1664 1136 6 233925860
863 85 11 3448711515
1226 256 17 576597275
1539 1728 4 1022102896
917 1011 77972479 40224157476571755
751 1205 146015683 643989439287228678
205 884 36 182912010
1820 1222 12 0
340 1275 396358316 810167442236079843
441 1585 0 4162376177
57 194 8 163814528
41 232 809117764 457088175510591473
173 1423 4 88022728
601 802 984908207 576790604565845215
1164 1671 26 132093567
784 1148 98932153 562735858455195799
338 421 439805832 766293787061506125
1186 937 2 6936912742
890 694 7 946449785
1637 956 0 91698673
864 1163 808641750 627098817616359433
228 565 7 15295720
1615 1112 24170023 545248862266030774
1324 1175 306703911 705467413334405429
805 760 32 173594150
53 1444 209294210 268446415304969252
506 1522 12 1419424308
1712 1303 9 1098160615
1818 506 706174678 425611277112148522
1025 1813 680019846 77389430153538765
851 282 729208088 737987805473003451
71 190 32 1154406140
915 414 999490231 407148979434886451
852 44 23 263012799
54 930 313776321 508507785732284580
1517 1275 846988399 185640427246851711
423 1468 0 4918053533
99 1397 5 0
1751 228 4437240 125098011831451828
1198 161 7 6383896012
321 1798 2 2698592663
938 1577 10 3120452741
1272 353 17 702537475
1121 225 545732450 729198286546906549
1418 1711 4 1711442595
1133 503 1 548197780
677 496 23 1849191407
185 534 13 864785409
1400 1649 547409690 520488579078029
1608 1383 400564652 683442452723006722
730 1787 26 4698258508
1636 317 823682478 437747848073515011
916 295 459611791 554571763557292308
186 1582 861387522 981574103051203135
96 1126 5 1903892458
117 148 26 494565915
1247 812 7 1884920456
273 1429 18 2478715779
1091 1693 966462882 126431309841302114
878 903 2 150914071
777 1507 61932831 375953580072170678
944 1206 4 0
1509 40 21 795894434
1485 744 7 2640637180
1629 235 837464603 404285452010265357
1183 1462 25 3310343721
808 226 148000804 222683186397011838
992 1318 17 7715498538
380 1676 5 4647679525
1503 948 9 310021096
552 94 3 511735865
991 177 15 1261165934
442 1805 623593775 325389547268762806
1499 686 20 1674773598
91 1046 9 0
1432 218 19 7812853747
1499 1803 9 454807454
198 578 2 141753642
11 1221 12 5407216834
1105 501 10 405562325
611 1071 4 60577048
1146 119 858344745 316307764776996091
1173 1207 0 175628004
1697 1123 377631840 554388867603773446
172 322 30518338 341639386955890879
1746 1381 16 3817486921
1395 1013 0 8167102953
1312 846 313934886 630504272803620430
1209 443 5 279417780
1028 841 1 3376272992
1764 874 666536567 36186289081317711
1688 1412 11 0
1448 1124 607082331 767950160121947218
944 461 16 2009761864
113 385 23 2321142219
973 35 6 517892259
1402 981 665230321 363438363436473095
262 955 985683352 749107918777817759
1413 166 1 65366541
900 1071 2 5519437293
378 1247 2 1731633759
1713 1069 842034228 837270860038235451
815 239 7 926171881
1374 395 32 1686145260
1681 539 27 455081812
1238 780 6 2645040923
1294 288 90981777 909071301059896354
1504 1071 3 1085138573
288 1402 1 643323412
1511 1390 4 511642515
730 1183 41 1604487962
1648 520 17 388568675
1419 1612 11 591001807
618 369 706149913 508245775258025872
478 2 14 315815447
971 229 22 3454080128
283 633 8 467916321
1566 1088 32 234602901
1701 975 398384824 313997531051752956
1703 1314 19 3507589729
1326 1758 8 15295719
554 1327 12 1139949591
960 648 912217891 761351102280087059
1634 1680 373829592 785290133073961840
1165 457 17 0
1445 424 1 1514141489
473 1475 7 0
1224 1391 7 1944781059
608 1684 13 6999711450
1377 662 242536546 578959793147666258
560 1638 12 662560442
1791 1722 23 429233893
489 1513 613624391 127177990773493298
1076 291 6 2326607305
1688 663 13 562737611
1292 1459 15 1414725820
164 1056 2 80221692
1752 1188 368050036 73483543931690047
774 410 1 15295719
937 1364 25 132093568
711 1623 12 1593475729
1122 74 15 2067486147
302 827 13 2875948789
201 978 1 7385677838
1287 1305 43222993 794216748226792643
702 13 1 1878186108
1602 89 1 285237414
659 488 727826085 537726910152910547
237 1299 35 5884948202
1603 1015 4 0
236 483 6 2004231930
1146 1247 16 2557106897
1392 1497 16 6573769590
1333 17 26 5621708939
382 1763 29 850536
590 1640 40 3164374944
673 1189 890662694 231741963641991450
230 427 9 117272762
1621 1109 3 6554160692
644 559 327302212 558206650590047257
1458 1696 18645006 322216989668784696
1185 611 250551915 22975231022980020
1508 111 19 1578785409
828 424 10 3529644981
278 1716 448618313 666200882170670852
1283 244 8 0
1435 1359 455991614 673197078826859898
1606 1032 3 2277099184
1188 672 30 1083164501
1195 475 14 3500627251
1232 173 19 558974392
69 229 29 5048937365
807 308 974326483 353678082681238380
1716 1708 16 2781468963
965 252 667474895 956806640152247289
1020 243 0 5770023435
1009 1508 462169791 791974066209517141
1687 340 469604837 100900295501566307
225 696 11 0
422 1472 25 4656471362
1127 1563 976351 66183219321719416
1069 1160 40933668 809562221174875414
1627 440 3 0
573 780 7 104704010
1564 1072 80094728 419245581736229022
612 1336 10 378736905
132 626 3 15295719
38 1441 234786860 19595251945666608
19 583 0 5617814626
1427 1406 898515700 551068688702439405
627 744 675164928 96109095870333023
446 131 17 2252917503
444 1480 949764029 686907309983930505
100 544 38 8466078595
1047 158 16 1021392502
326 1037 11 1034335527
901 486 361340266 531050959932829971
1198 96 13 162022657
1754 286 4 728568682
126 774 218820134 146634734534234382
1687 1435 718818848 283315659937085087
732 1619 275566842 497996597182758925
83 922 2 991804301
1303 684 22 382733592
399 1463 0 231891173
1291 651 9 2827132734
731 223 32 7419402776
488 1648 463397962 854201953384774575
12 790 530928805 645181307605411803
990 395 288304723 336493486283094210
578 296 12 1698794534
1446 1664 19 2459717709
1799 445 6 0
323 1736 888064378 401273473838054896
1333 972 15 5413426462
539 200 325855458 330332705018784576
187 1579 7 752347902
114 181 814617208 793283834405814856
1663 29 820276912 863570303476275455
387 815 888224322 601104969825065299
1254 1437 22 429903210
965 959 1 194679082
747 22 1 79342202
741 200 0 2061708788
1573 821 2 1493899365
1769 859 2 278556707
831 624 3 60577047
387 1669 6 2054030382
568 1506 21 3982725341
1353 292 188093191 56914859918776307
1491 1733 22 8470160219
1045 1715 426113683 308612565621880468
1442 1116 789977443 422503941085140988
1590 540 18 981924089
96 439 11 35844347
1622 951 4 177849810
1405 241 459035524 515751295248387509
1616 1777 11 1740641340
514 317 7 3072158161
1206 4 0 46205357
1425 161 39 2064796967
1158 1484 14 1998920289
1781 819 3 5063779513
1282 376 16 2171300212
339 113 535344538 15677358824944040
474 353 10 71648892
1515 178 763317355 349302072664756806
11 1441 8 2549465653
1010 320 283077539 152850852149925754
1578 931 12 546612601
1188 668 25 2729100649
621 105 14 2513623171
1709 220 2 2321263530
238 1695 30266266 985385871523333348
1047 833 4 1047110062
694 212 868573808 790237412982758885
894 168 7 196070037
73 1260 527856 728126307692167622
1602 1783 7 330282213
1027 1666 13 322689207
604 647 637761513 708409459792126162
1329 168 461618156 417861391847119579
501 562 13 1575496718
299 1467 14 717531575
868 1429 948386008 584158192895138639
172 1722 22 0
526 99 119799126 67151165804009249
1238 1606 23 3778007367
245 220 825761717 125075293139253017
1289 96 24 4886914749
576 1115 28 462239775
1583 410 380405240 849329801384650711
550 538 16 1375979869
901 265 25 0
965 1789 1 1712502620
1741 1540 20 864906291
1420 1821 14 2562260879
704 934 461656412 763179924734399691
811 173 6 413573611
444 1424 3 1770895444
1233 428 6 431696050
988 15 580248734 636886214427055008
1336 1147 842958263 736662717071241654
751 688 13 428079667
1339 586 17 7869488660
199 1828 23 7228949621
1085 1432 88329651 700602335145503954
452 1770 880372205 181048960597827429
670 813 19 6086652508
817 933 544166763 847291813579873084
485 908 27 2067499665
1728 526 679776226 79449871891659078
842 476 129101069 285020093348608466
1604 1831 5 6045569985
1050 972 2 67459980
12 652 9 274843486
395 777 34 5472708072
733 1005 6 2103162109
398 1297 8 655862634
423 220 276763491 839456557582938738
269 976 28 349526417
962 1257 365803543 908095761821718514
452 1521 2 1545486391
848 645 384914672 487581835214284247
156 827 17 4489434119
1168 735 12 249746245
124 1193 18 2474718200
47 1776 22 1738799765
1783 764 163948037 192839763637511498
10 762 309697614 477696043676779836
742 1345 1 560221264
678 1236 5 2509113410
905 1079 313954009 347238969785726897
899 195 31 4471150332
1092 1204 305744111 614641973864806547
1423 1812 10 6203962735
507 805 18 4870567902
489 1791 32 988670387
1073 1586 35 55911109
96 119 590376445 929303037797669040
830 257 144317590 582175424360545044
846 249 21 1508351322
421 620 942811228 622067740986340899
1408 864 21 686481806
492 616 688675633 537895584359366986
1347 897 15 222556526
1101 1513 673893468 573383147511134514
123 976 18 175628004
452 1222 4 859965077
917 314 10 407512646
476 1652 14 1998686311
1691 1148 927060651 870422278247235536
849 889 36 1926549714
1379 315 29 103119045
1130 891 24 2704733381
1614 190 27 1055600348
917 1807 3 227249730
60 382 6 517573278
215 1349 9 7993205251
578 1549 12 1345965455
1124 1826 10 0
1553 1313 231126650 943572970136832028
1706 362 703006110 982299387783141981
257 674 40 234602902
491 1733 2 3084469306
391 1140 10 9295584808
865 1564 3 5406362277
73 1575 23 1124745666
743 1101 634921995 32065852077632828
1301 1532 811913358 309063637077677300
199 933 304102930 768645644393860435
1325 277 266067661 893450902545270235
583 31 6 3725746488
116 986 15 4338282984
1578 1702 700131943 768184014423709599
136 588 727313323 218600277672251296
75 391 24 1648438965
483 19 19 3457755221
997 370 667215810 600451714059413664
1537 614 1 1674793452
1414 1131 39 3041198411
122 1611 350719815 202752567254097238
1697 1269 14 64215255
1621 1763 248222209 686962349541279803
573 1727 12 42021423
1611 1333 139666012 715934789023876383
414 1720 126788797 246766992689430485
1665 306 839936500 540463179033064616
1309 388 8 4564475607
1629 1654 1 767292182
931 1652 20 887315020
891 1541 4 3115679507
1770 1264 26 2172111936
1220 787 32 955272166
1104 565 25 133737768
419 1723 224120521 966140838033590111
1141 1730 365214851 327883135688952225
723 1070 4 493125627
850 1101 3 1051298238
84 1327 12 405070019
1428 301 108793241 529888103863479080
583 938 33 0
178 1227 32 88656241
742 18 464095684 113403511658236984
1075 951 18 2149106128
589 866 400277007 116410882022585863
368 1110 12 200773790
1824 1260 14 3698681056
460 1108 360769758 409957518995316475
1483 600 15 3006992030
467 1743 163854739 139547268399184853
923 47 288228250 879277054186516961
744 729 202410620 472919916178794808
1066 544 27 2016309844
1617 1020 733778402 915783383005722550
1288 948 0 0
640 1461 39 6204620901
820 1478 38 6692064378
537 1153 10 6005129395
258 1036 37687191 534311212961122209
1783 183 0 164703408
135 65 14 1433898534
1329 1375 307999300 272637867803555114
1655 1716 13 2192342475
1497 554 22 154109788
784 1689 14 1209521483
1773 1414 18 2237240676
1155 976 97386346 517690465015292581
1726 433 19 435830712
1509 1824 526162971 84457023717828516
1196 1550 248889535 657358897255115571
17 54 31 4020574185
1740 538 373790398 405595949870078000
190 211 17 265872540
1378 266 309643923 158929161368123757
338 1090 495504456 467389029454267036
368 1587 325222170 383428185709333071
1131 982 10 2399544819
41 1732 758846229 739746698662862001
433 1784 9 59313535
1170 1823 1 0
1415 617 16 6211256082
405 371 8 880525218
60 295 36 4851494142
1539 1629 0 841371430
940 1392 3 385717247
1537 516 2 1356715817
1789 1401 580991090 74469286780786634
1779 1578 28 4546905067
883 926 135924293 755180979946745739
1252 824 3 881135494
952 1007 11 0
1503 10 23 2200606959
1532 1476 7 8947409004
1063 1162 10 144749626
373 1638 13 969837898
464 791 7 3945704241
1460 1306 17 317980984
817 1103 19 6892957060
1076 1395 0 5262418712
637 698 563110660 921988358419981455
789 1486 664325066 774020004916240089
1525 23 9 15295720
660 1640 18 5745524828
425 1578 30 1861982689
771 1730 237597416 860490715749378131
1320 901 17 61427584
1171 979 23 132093567
527 219 167615288 178290057474355572
1386 681 541424033 377653694532900825
1026 1110 22 3475357141
1503 266 8 0
669 437 2 2870875226
652 824 157894821 921868814537797567
401 552 2 255396825
640 516 18 8041221093
1394 1224 278238473 733433802328047866
1349 1498 18 3162029010
144 1293 4 5128779398
1274 1662 22 2826256707
1675 463 5 745674875
1621 557 33 2212808474
10 1001 155693869 489098320077497005
688 1236 213341073 406528056055802945
1040 506 0 1249067115
787 1046 7 262973306
1025 480 568696119 769836745761817859
1056 993 747356592 142081202032141168
896 1086 17 142060351
129 1033 4 132093567
228 1573 656526603 500174877068079255
125 495 7 15075529
191 1173 849569456 14919654666473420
1152 631 356951295 553399141207739625
386 859 6 4578037516
25 446 797588233 765157831118985614
151 327 58089683 902644983691631405
1339 1105 606079916 698072424721737397
1242 1651 12 34049591
974 683 515965336 830958113954420312
980 1575 725198692 619379541117252562
1778 1782 3 406412843
739 1190 5 543361498
380 61 4 6644784068
1690 1620 8 3849617714
1578 940 11 260135712
116 1085 14 850536
359 895 23 2951544535
1539 1759 11514376 211493764349074943
324 656 15 5948645235
800 448 11 55803769
1555 1395 30 1653680858
344 367 802964250 537760045843254626
103 392 17 21754176
1062 1276 5 4375745446
44 539 330480982 274068616376228155
739 79 3 60577047
793 77 10 0
411 1287 679934529 567480512317754542
753 1029 232138991 393306784350465990
360 1216 0 3237341323
582 93 12 2581509430
455 1220 68076066 119795914199630402
1536 387 939831310 562698596798530811
52 1631 307376049 114473315454313147
1830 1813 25 3445296115
1242 1774 12 0
1186 1158 0 0
212 767 609092952 640418087760696010
1742 337 9 548757040
1533 1374 523185966 311648103471996527
138 1076 642877474 721801581007869086
1727 577 5 7314243246
500 134 6 605728429
1376 1480 735485469 274853044653288453
985 572 16 2559704196
467 931 17 0
648 567 3 628582205
1522 575 7 4037626106
1609 557 21 3492804598
219 279 3 327401152
1544 42 7 1710027897
1209 1241 18 0
822 1800 24 545206420
452 1559 835520450 724449252944200943
88 544 10 2208463398
511 1526 6 2416089301
1428 1153 993040082 394486189260362844
704 758 14 3030778800
416 1717 545115893 234604895830846391
813 1299 24 46058186
371 1794 740870793 923452061213669540
1718 1636 14 5494275750
1466 204 974826521 868561271402076985
1804 554 24 2344096022
1106 199 27 5439313808
1774 85 92958877 620619630577170796
1824 1162 8 2474120659
1749 488 5 540114715
337 1643 6 173594150
1826 1264 689443506 345788473909038837
636 672 7 3864110030
532 29 9 82092446
1083 344 36 7560176046
462 491 13 0
1108 1170 15 0
224 1606 10 4338415397
986 837 8 2872485275
918 1178 14 21515399
190 623 39 5326143777
1693 668 17 2037349816
820 321 27 7964968658
1716 1656 18641260 448725806188755948
1057 1466 0 2244850651
342 1501 666298196 516472027376660139
351 217 6 1080432381
1709 1641 15 336697898
1115 1794 7 356541363
661 1268 9 0
229 1780 20 1329936463
1633 486 17 1429978808
840 650 458761670 452607140023563207
1496 484 484680099 570646037623157339
1472 1497 11 2418420775
807 1667 19 1117796587
487 1274 315839465 648026939934882080
973 769 888296133 707032952897350632
1416 1663 9 1233803008
298 483 19 46058186
66 1294 12 187746263
245 133 27 2243839864
916 1077 7 179370354
255 1350 889227231 29113694300159004
1406 1585 10 1506940121
1378 89 260240979 229303721383628257
441 1231 19 477923241
71 690 136392759 578483487072453314
872 759 6 226949644
78 14 21 6139705134
495 566 243075646 629294003909558217
1102 280 18 0
1276 884 15 5137574552
891 389 18 3079985237
841 876 791440801 585670201263851792
1160 320 783227104 132236642248644290
110 1736 4 0
863 622 16 1469313863
62 1353 818735268 58922919941833057
81 527 1 46058185
888 1475 915053830 338377704792317543
1530 1383 30 6267887292
127 601 8 3607162286
654 963 5 3245613
992 1245 24 0
1720 1039 16 0
1238 1253 14 268396250
1311 1080 10 92542549
287 352 25 6476569213
1795 1812 418430703 808168715453278580
166 1517 17 678473889
185 1649 6 8104023049
1210 147 194108898 735205860126636606
1794 805 18 423370578
513 236 14 3049963848
1712 1644 14 728843039
1396 891 14 4221771151
1308 953 10 5187784830
1195 302 1 428472973
822 107 12 979230017
1445 675 3 0
1101 1661 0 717813793
759 235 2 330845404
1820 270 27 7833846690
354 320 19 5350726735
148 1707 62608613 439761053244118838
395 1055 563597835 471259707824534809
358 1292 3 629444672
1445 448 10 3507748571
68 455 19 377560625
1187 1211 1 171314125
383 366 8 2352729342
1792 1755 10 2536905328
647 1550 1 21515399
1651 801 505460919 689634038199323806
1819 771 1 10005387973
1274 903 1 2992774481
409 435 373881529 817009245901029766
1008 1157 422567335 585294295239769319
1201 934 47 4726753767
501 1656 488607380 735948223868247177
1814 1164 23 4127465564
54 619 572931456 107899047079222412
515 989 13 1065814904
1321 16 4 1204718114
1252 1743 562539132 462330918171777897
805 1171 2 6800446828
83 71 5 1700047325
1214 1184 2 4929914993
1791 1084 778929117 959365249290782503
1459 1368 2 4811479458
602 215 992923280 255569618567596477
1082 805 6 4876059592
235 168 14 196070037
940 565 103552449 464802313236847187
1533 723 372314959 843467153074313330
1759 1707 8 3430800096
1582 731 168712414 185768920107458996
1019 305 8 3364912930
46 506 11 767235509
1186 173 23 7302189874
963 257 5 5348187696
465 264 0 1889344166
644 372 39 224636117
665 698 230792965 214433082718927631
1201 606 534163870 5435029683565946
98 438 494992993 992281438562031138
418 926 26 2019617765
175 1086 30 142060351
1178 1582 7 701609958
981 287 9 1458002909
1255 145 18 3941788113
808 655 416093465 939291813862042707
1575 211 292871034 888325231688562532
1571 489 69643352 605691493677699993
1696 549 323407016 190512294571875421
1813 1320 317453020 647545830028565406
1767 738 28 5119025086
1372 1395 8 592368771
1607 281 11 44510371
388 367 15 3174594498
582 649 87298608 699770363438391725
1067 495 0 1209884529
765 1280 1 148175526
570 1594 3 0
1652 1296 8 1713150472
1378 1464 24 5223402465
868 28 575703690 101252619371665097
1278 1653 8 5500195285
228 548 15 4989138693
1518 755 25 587926201
1792 61 103957144 446608204459638668
1595 1563 12 3883259748
222 936 0 1198525037
1626 1192 16 7232430158
1791 853 3 941837832
1267 962 788500718 309271946979984303
109 1469 9 57400612
667 882 12 171314126
296 1660 21 55803769
1490 1227 18 254278778
1690 455 247878413 479064761102488269
1826 82 25 5816395966
1830 249 17 2130572255
764 1467 10 1661639692
804 14 7 3706936300
1238 1511 245518362 176030265237635097
6 1163 789911209 984471606169528874
34 116 349377892 835411250324400615
20 1035 8 21515398
1792 769 5 1713442929
962 1410 903458763 302048639641045965
1127 192 2 354312119
860 904 243201420 704252421839254496
1741 477 6 336600486
851 1137 17 149209670
1622 1562 543684299 612638597103843055
1537 1074 10 3219423472
119 1388 820756703 400158200485729607
1419 1322 718307769 82794711990225963
1037 910 24 2421265529
476 1546 676999319 192366428514534526
663 278 15 4636260854
1004 1242 8 454807455
1521 1296 546359363 112002725377036667
529 918 26 4618511763
831 1632 25 8967233076
1346 355 29 1447822137
619 133 557020719 43101661385971487
1424 1525 25 104104951
835 563 925258812 504445670091966534
590 388 107758718 988961018111826420
1556 1419 245008446 362297356742126139
500 233 281024504 318950730922404213
77 1160 46 21515399
539 812 452870572 370568240039490080
1183 1080 1 8362343154
1286 298 304385573 73531218564624234
303 618 28 4042098629
1590 674 17 3012098544
1818 491 36 2984401621
1492 270 7 2911764870
667 394 7 2337626397
789 1622 10 3260983483
1230 269 23 1770579011
1193 1309 6 4420619541
350 1025 23336404 471981456158694580
1811 720 250440963 65148703442503651
96 903 4 2910929413
1369 54 3 686692352
680 533 10 200472706
693 1518 4 557757355
613 119 661012435 605507479444017842
684 262 27 908534226
1099 1753 16 1926413021
1329 1010 1 6690503771
485 809 10 2767131477
547 172 5 749634709
342 1337 16 21754176
1256 52 6 971834472
453 1760 4 7006660344
331 1526 16 1300252437
180 1491 25 4436277973
465 1509 195803560 585085367329019311
814 361 0 2355726504
1086 1586 24 14090170
740 809 24 668060280
1312 994 14 5423765396
1130 560 34 3506848356
312 1426 9 5749604662
1461 1255 562766918 944625081688439280
1762 287 20 2837023260
1567 1229 179727589 622897035958203016
662 1030 16 233010687
877 847 22 43177712
1537 1048 304145791 817523038785705129
130 1817 2 2406695008
901 315 14 3247438611
1418 1524 23 1184922883
604 677 621984660 276676995954552442
1498 1465 29 501464508
1451 1438 26 2396176883
461 1443 336865689 228062667536713217
545 904 12 3454624656
