1
100 100
6095 2305 6159 5761 3594 5027 3380 2101 9027 7166 7061 9665 8462 1958 4469 7757 3911 8009 8393 1905 7553 7333 8961 8527 4783 8310 6369 6065 7193 9729 4797 383 1902 2438 8766 4585 3745 8529 3936 6032 467 2385 1135 7351 6811 5326 8307 3280 5066 3745 105 730 7941 9051 4625 4633 6877 3371 1256 953 3393 8321 5341 8273 7805 5452 833 9610 2869 6737 2305 6594 7241 7501 3861 9133 4681 9013 5511 2641 4801 7901 4921 5229 3897 7580 7771 2381 1859 1351 2985 2769 7246 8729 6061 8117 5382 4173 2956 5489 
3979 9241 8183 4035 8625 7850 6753 2081 5002 1908 1521 3831 5001 8193 1876 1986 5619 6541 5345 7273 5993 6915 6065 3960 7633 2163 9825 8287 8751 257 5051 3585 7585 5948 6902 1970 7491 1505 3498 2129 6567 839 6001 2876 4031 8297 8752 9226 2775 1049 6371 2236 3671 8171 76 4717 2067 8911 5199 9205 66 9009 3125 7849 1657 9551 8562 2331 7281 7657 2578 6272 8070 1021 4749 1501 5876 3063 6879 317 3121 466 7665 9801 1839 3967 2201 401 4921 301 670 4621 3737 1751 6171 3936 3961 5050 6605 5301 
3129 4305 6240 3501 2969 8401 7473 3329 3887 131 6177 3032 1764 2241 1615 9301 3669 4427 2559 123 7479 4641 6609 6121 4802 7041 5178 4313 7789 9273 6713 4337 7976 3589 6081 7309 4518 2377 6336 6439 5217 3481 7659 9374 445 8395 4745 7846 6793 8273 6905 6957 819 2176 2173 1301 3005 9097 1175 9053 5097 6841 3929 2205 4721 2161 3669 8297 8113 1251 7876 4219 5063 9966 7837 595 9569 9931 9795 9501 4396 7921 5951 956 2229 437 4979 7519 7478 483 2441 5141 9866 8093 6513 1101 3989 2801 3558 5481 
4386 3731 699 3521 8685 7889 521 1347 5475 2697 2777 2193 5012 4154 1 7276 2254 9633 2244 5647 4251 1111 2989 6929 4922 949 8605 4375 6342 9729 2961 3097 2463 6396 4097 6180 7994 4722 2481 6313 5896 3801 9777 2725 7378 1578 6472 3003 8101 1145 5689 1905 8246 5466 7521 4162 568 9661 5883 3871 8670 9137 49 5278 2266 7691 7477 5735 4041 1201 589 7837 8976 8491 2337 7659 8207 6541 3505 8790 3201 5661 9774 1617 4689 8465 2409 5945 865 2376 5539 3313 8101 3967 5034 8270 2161 5404 6523 4281 
4645 1818 5701 2149 3905 7181 5849 5629 9530 3948 169 9031 5841 6601 3289 3117 746 5233 6856 8801 2155 4695 4545 4588 8236 3871 9765 5188 9953 1261 9265 7385 9661 9165 2149 8588 7138 2381 3501 9096 2969 7406 6301 5194 3697 6154 4051 2111 9931 6956 5131 9649 8391 3386 3863 9900 8681 1662 7044 6193 4851 3335 4258 1858 7935 9686 5032 4901 2135 1005 8105 735 536 913 1349 3954 6639 2151 4851 9709 8546 726 4161 6151 8253 6761 759 3622 1981 6073 4325 2161 4843 7029 9833 5765 4061 7557 2496 7545 
5457 9093 8297 3156 2550 7425 1229 9576 3440 4790 7661 4251 4709 4689 8985 1361 8492 8001 4232 9137 7633 2265 1313 4946 3727 8376 5550 1619 3976 7095 9815 2976 3311 3776 6765 9723 4225 9457 3026 9019 5413 5427 7226 2031 7371 595 7947 4676 355 7901 9276 1647 3859 2700 8601 1239 1715 4991 5831 4604 4731 7952 7565 1980 9297 4583 8841 5555 6715 6363 3031 7701 69 865 7121 341 4257 9593 7755 3229 1912 3137 4665 4641 1468 2428 481 1441 3426 5973 9351 2897 9373 8185 5602 6066 6511 2016 5071 1121 
3067 9506 4870 617 5951 8801 5305 5501 5334 3309 2671 8227 8921 2817 1510 6533 8068 1842 1429 8799 2023 3985 1336 4417 4440 6210 8471 5279 6841 401 3361 6481 5434 1101 6985 9179 590 8921 2496 6283 7347 217 2655 441 7983 5196 409 7281 3933 7671 5773 99 153 385 9785 8976 6654 5511 6985 9041 9930 1626 4951 8145 3511 9496 1051 5761 8244 8877 5270 5733 957 676 203 3323 5366 6256 899 8717 5414 4821 553 1281 5009 3402 2650 399 3413 7633 3657 1060 3625 6045 8913 1471 5509 291 8025 5288 
6671 2896 9233 2281 2151 8881 6021 1813 1457 226 6571 8371 6227 9075 7249 401 6161 3426 4996 4077 1753 9553 1333 8001 7826 6447 2683 166 5481 6693 1881 4469 9901 992 4915 8177 5586 1751 5252 2145 1499 7281 2751 393 3989 3041 5793 3371 1535 9072 3191 6125 1555 8947 4109 851 4366 105 6745 3589 9221 2113 8389 9289 8305 8551 3105 4313 4729 157 8547 4249 1554 2793 2113 1461 8306 7636 2327 7665 3884 7669 9625 5125 1001 7256 8044 9177 9766 4433 943 4876 121 6921 2020 7661 9851 1979 4455 2175 
5739 5077 8305 5527 2577 6056 161 4601 9500 657 6057 4201 9505 4705 2169 7121 1701 8563 1057 3269 9676 3171 2453 2802 161 9151 9659 6886 6089 6261 873 7139 2473 4463 8726 41 5615 8079 9196 9965 5195 169 4706 3041 4298 8222 8741 5448 197 1653 3359 1503 8023 4897 6661 8587 6209 8962 9595 6831 6369 3622 9580 3257 5382 8301 4793 9991 3093 2249 7649 2201 4017 2551 1505 7988 9692 1033 6378 6741 9505 3887 540 171 3107 548 6833 6761 4281 8231 4751 1039 5775 4677 4021 6029 5461 2785 5837 8625 
6401 4561 8953 9612 3231 8834 3865 680 7721 3681 1725 7297 5713 9233 9111 3833 6515 2301 9821 8963 7112 2651 6417 7564 6999 4571 4989 4349 7845 3683 6754 8089 2865 2385 7251 8769 861 5178 3629 3258 3857 7521 2216 8863 1047 2649 5767 3717 2499 3633 6213 7185 2617 5871 6517 8293 1194 1261 6500 5947 8265 8209 2186 4603 4305 2439 4513 705 9849 1091 8053 9940 9285 1625 8581 2786 9053 7635 1461 1523 2697 1819 8901 3379 6041 2641 5028 3047 1746 4313 7149 2581 2179 8687 8432 6263 2449 8505 8481 645 
6977 4501 4811 6791 3888 415 6421 111 6181 495 2311 9605 6799 5071 2075 8393 4731 3421 8650 3201 7601 3063 2401 3551 4847 4657 2079 3396 6867 2775 4180 9799 4623 413 9019 4496 9197 9473 6225 6289 340 8913 5581 2039 8061 7761 5156 2321 1366 6701 6121 5349 7171 2373 9481 4735 7819 9985 1660 1055 9234 3211 7551 5573 3618 5616 8695 3003 8385 6063 4166 6848 4905 8805 5269 8841 6171 7489 5441 5377 3231 6771 3273 6660 2115 8575 5981 5577 4143 1245 5361 1761 9506 9861 3129 7338 6441 2621 7821 4371 
4627 3761 6929 9513 8405 5617 7791 8461 3465 9653 7101 4943 4696 6981 7885 7958 9951 3416 9311 8837 9865 833 1766 8042 7551 721 902 3681 8449 6841 4047 8677 9357 7793 5145 1731 2276 7031 9769 2669 4881 6033 8249 6595 2365 7159 2169 73 3201 1908 4509 4631 6735 6821 7331 4090 9461 6723 2403 3066 1361 6193 7071 9136 7955 3001 7856 1052 2015 9013 8601 285 857 1450 8121 4096 2577 3981 5958 9641 5817 4411 9281 5381 7037 7135 7561 6251 7235 9105 2717 886 7411 8811 8525 3573 7441 2129 8621 8041 
4501 7071 1813 123 8401 1535 4249 1791 8981 6184 5069 9183 7217 3425 3758 8837 51 3145 6543 2913 7141 5073 2378 8411 7706 921 9677 2031 1233 371 6625 1665 4667 4885 7289 5401 551 2993 5486 2337 1281 5751 4482 9021 8993 4626 5569 9081 6585 94 2865 2885 4653 3801 1496 8971 9969 4758 6886 1186 6465 4969 1269 2411 8457 4886 6936 3711 8076 1859 6510 4622 6965 1544 6087 6121 5634 5273 1020 5341 5581 5281 8876 6725 2040 5629 7923 6161 3693 119 3841 735 8341 3574 7167 8695 6089 5901 2381 169 
8759 3801 7216 8921 6091 2323 6921 3265 361 8823 5749 5599 5115 5289 2651 9241 1747 307 1655 8895 5049 3661 7007 4600 4071 259 1121 2281 1111 8249 9565 7569 9742 286 8957 5309 9355 4500 8604 7857 7329 1974 8717 5783 5501 3201 3356 3621 6444 9251 6416 4957 8875 9946 7875 9471 8713 6161 8573 5268 9865 7236 9506 4561 7475 1422 7233 5483 6539 191 1777 6649 8937 8595 9417 4865 3649 6311 1541 2465 1 2181 1381 8077 2453 4281 5546 421 3921 3660 4061 5435 3985 6881 7275 7088 8507 857 8362 6881 
1479 5792 5319 5797 1081 2959 806 4761 2033 5601 336 5400 621 3453 3991 7297 2601 5561 5913 5393 9322 7826 6706 6273 6107 2801 4151 5633 1 7409 1105 7097 4905 4727 6196 3965 7873 1885 6925 1501 1941 9120 4001 2901 1070 9601 5201 8432 6735 2635 9041 4897 2753 9501 5725 1741 4326 8547 2195 1313 9992 5921 6237 6852 6640 8096 9611 2461 1561 1711 1073 4503 7237 8353 3413 5635 7653 8156 2653 1808 9588 2508 6569 9954 2756 6397 2517 7706 9070 9981 4721 750 157 4864 5182 6001 9317 1765 4851 9645 
8793 7832 3281 397 2609 2113 8723 851 2551 7533 1641 5966 5105 3361 2934 6226 6241 2849 1657 3665 2753 4265 7649 4332 7649 4609 8806 6616 8397 6155 3499 3009 4367 2489 3549 5843 9651 7817 7617 7518 9138 3749 5887 231 5133 2571 6726 1789 6465 2517 2597 4439 5016 7505 4232 7601 165 8267 8196 7873 2107 8481 9311 8417 8191 150 3507 5119 8731 1991 8862 4329 5985 8886 6041 2165 3361 1393 8053 2417 3517 8475 3233 636 3711 7089 577 5009 1977 8325 8681 104 7712 4140 8961 4895 9158 2593 2515 9293 
4451 3647 4501 7203 5969 4129 9737 8957 2601 5501 3896 1334 6581 456 4204 9065 8480 2391 7897 4317 4175 1061 3501 6871 9441 3024 8336 9 5697 1806 7267 5229 473 8161 112 3771 7605 5521 894 6551 6601 7041 2909 5481 5041 1743 8595 1101 7165 8167 4079 4821 2925 1067 610 4127 4845 7185 7157 7510 4501 2811 1621 5555 9771 4737 1941 7869 3001 4994 9797 1741 3246 8120 1469 3021 1951 1816 3813 4224 4897 7682 5809 1912 3097 8665 321 7033 7466 6522 5049 4264 5851 6356 6070 645 40 8701 2541 3865 
5401 7666 7337 2501 9801 7940 6209 2361 33 2773 8305 6971 6001 5393 1279 8897 2591 2687 2609 4921 2763 2776 3355 7601 1856 9137 3267 8801 4559 2321 2673 5526 9969 8216 1306 3325 3697 4521 8097 4418 5027 8176 463 8621 1457 9222 5585 598 936 3017 7126 8086 944 6321 3689 5970 4469 2361 9241 1505 2809 3613 1041 5206 889 8058 2081 9111 2754 9879 8229 7167 3505 7805 4749 1633 7779 7789 2885 5957 3819 1 1566 9313 3886 4571 3907 1564 4013 1301 2641 3809 3361 4565 1393 2780 9493 5265 9482 196 
335 1662 2894 4755 1315 92 3855 8881 4537 9838 5951 2565 7059 6981 9376 1168 4001 4261 7226 7482 9371 1883 1266 2751 7952 3033 1958 317 9610 5662 3301 4879 805 885 7572 6631 3699 2975 2273 6537 8241 6755 8357 2081 461 8837 4533 4450 5421 7769 4801 1957 7541 4549 8890 9947 1569 8253 1541 8476 370 4041 8317 1879 2761 2309 8705 5589 5247 6047 6901 6360 4081 5546 1076 2301 4692 3497 3489 4229 491 2724 1926 5301 7894 6240 7519 5705 7601 8601 8853 1681 691 8670 4801 4890 1567 61 5361 7291 
5801 3341 1261 2601 8061 3511 6505 8786 4924 7210 5962 4659 6571 6121 7238 2989 7246 1280 9848 757 6600 3369 5241 7642 6337 7594 5305 5232 6831 5849 3709 1957 2277 3341 1985 9945 5745 2001 5921 379 5201 9016 8729 2201 8523 6042 5035 4497 3664 9242 1065 141 1696 7285 5076 7752 9115 8634 8632 4025 9333 4081 4924 9661 2529 3181 9713 3651 182 5001 4181 8726 2138 151 6817 801 119 65 7657 7731 3255 617 7912 2499 2946 6561 6605 7833 9451 9413 5361 7833 6489 1 7519 9169 4414 4650 751 3962 
4766 1825 6071 619 8352 409 1526 193 9534 1351 2177 7745 5301 151 2784 7397 4641 4446 4954 6501 3293 3509 7071 8529 9052 4955 7740 4752 9661 5736 2052 2043 1308 4997 7155 6726 6241 7676 5926 2177 7159 3451 6031 6346 9753 771 3674 887 7033 9393 8841 2401 8796 5815 7441 689 1749 2353 9337 5001 9241 2421 6908 8101 5241 12 2818 7 9913 2206 3076 9771 8001 2789 7132 1139 621 424 3639 5775 6552 3141 7433 8415 7347 7270 6411 8031 5967 3843 7964 5273 6224 4769 9862 2496 496 1116 7261 2281 
8501 1133 4305 1433 7593 2053 9825 6149 5225 8390 7961 9281 8629 9521 7863 1106 9640 1451 2779 2426 3630 8561 5213 1281 7889 8902 1105 8225 4979 3401 9082 9473 4273 9111 3261 2825 9025 891 261 6181 6631 1291 1361 373 9785 297 4901 8941 9529 245 269 3527 6926 4749 7984 6547 9989 1489 5795 6159 8983 1671 285 3346 4136 5129 1186 8677 2333 2794 9797 8452 1299 2730 5991 7775 5868 9946 393 6429 7027 9027 9400 1402 2181 9371 5120 1321 2956 6455 6167 1884 299 5512 8541 6234 1906 4913 1545 9276 
8461 6809 5145 3071 4313 3303 5871 5461 8616 9732 6273 9451 5862 9090 7521 494 3864 3961 4484 7201 8696 698 5871 4565 2933 5749 6971 1251 2649 9937 7297 829 1379 2097 9096 5607 5463 4041 8497 7533 4146 1929 3071 6284 4881 8045 6514 1305 2169 5254 102 6331 2926 5441 2743 9521 7717 7449 753 283 909 194 542 6821 7385 1894 9388 8489 3226 2848 9831 5001 3491 2884 4277 6437 6499 6689 7991 733 539 6804 1567 1 7665 6363 254 4271 2761 4777 7865 3503 9550 443 4638 6526 9537 7102 4186 8367 
7812 8993 3453 9365 5081 4420 6553 7607 1962 6616 146 9713 1981 6489 7173 3615 2025 2271 4942 2115 1306 4661 2556 8233 6126 4401 6544 8321 7222 3748 4041 4192 6801 4726 4541 1151 752 9201 5979 2577 1121 1593 933 6713 1649 5009 6281 4257 9992 1327 3793 2801 1333 681 7313 8121 4288 4495 9617 4097 6933 2113 4635 7376 3896 3436 4001 8591 833 2831 8901 2291 7371 2318 7651 4203 356 3284 9825 9087 1965 9913 6727 7956 8449 675 3963 8243 1233 9912 5985 9401 3781 241 2697 7777 6857 4553 3873 7441 
3691 3437 1761 7946 4631 2265 519 4189 7200 1258 1727 1302 8545 1609 9900 9839 4907 439 4243 465 3857 7077 8458 7919 5345 3266 7139 5086 8213 1065 1537 8945 2856 2453 7809 8769 8441 3385 8769 473 8505 8867 6291 8254 6136 4217 5213 9161 4329 3293 9781 6313 7401 1343 6481 8419 2517 8169 8894 2717 1299 6252 9231 6781 160 6818 9698 7173 8081 9683 7796 7116 6358 4755 9311 6312 7232 5884 6018 9281 1047 5379 1351 1536 7573 7442 3249 1304 3907 73 6059 9882 4785 2685 1910 63 2762 9089 3810 7694 
2393 9873 6059 3820 5603 3003 7119 2909 2279 737 2444 7506 3462 4033 6389 6913 7833 1181 7086 4376 4825 3174 6466 2258 7709 529 9017 4081 8791 7331 8396 5801 6961 493 2857 5502 5595 5391 6373 6157 9411 5981 4345 8365 5248 7157 135 5545 4177 675 2726 5933 9009 2102 241 1071 8594 5637 7313 9259 5793 8630 3205 3077 8751 8412 685 8389 1346 8828 9943 9906 8953 2911 9961 5643 3501 1147 3705 6156 7123 3001 8155 7151 744 1536 993 7297 2721 3551 8235 4783 2616 7689 993 2392 8274 1457 1726 5731 
5144 3841 5001 8313 2541 5675 8127 7276 4889 1073 4037 6752 2777 7441 225 6356 2684 5137 7224 8339 1921 7525 5808 7189 9237 5251 790 1011 1594 110 2901 4753 4395 1025 1755 3509 501 2951 2576 6401 5785 3351 9312 2706 233 2721 411 101 2418 525 8473 520 6407 3927 7361 1281 4327 665 785 1437 5047 7180 6843 9473 8485 5925 6845 301 4711 439 9261 4806 9610 6993 6417 5877 4111 9728 2610 357 3788 2186 2501 1969 9825 2069 4118 9595 8764 3000 6201 2731 5493 4217 4116 3313 3987 3346 633 545 
49 1490 5891 496 2540 3495 9409 6073 7616 2455 9035 3481 8353 9057 4775 8453 2843 2426 3105 3141 8376 4851 9223 7281 8179 2067 6625 8241 9635 1975 4778 2539 9287 1485 1244 5559 741 888 2069 9901 93 621 6129 4075 8036 6341 4853 7492 5721 5451 3193 2921 4090 1865 6597 2305 4713 1357 2161 5071 5961 3843 7996 9629 5953 3681 7201 4047 6401 3112 8749 3083 7593 7579 1409 9278 4092 734 3533 2701 2963 6825 1719 2897 1803 8966 189 5541 9703 8216 4849 7517 6371 2989 2741 4973 614 4761 9413 4197 
5841 4926 4655 6129 3824 6037 9433 3989 7859 4609 1653 5601 9389 9356 5595 4201 5601 5709 5201 121 1288 440 721 5496 6547 321 1121 5471 4486 6719 6305 8205 474 713 8050 8107 6741 612 3489 6076 1461 4233 9999 1305 3260 7409 5666 7327 45 977 916 461 9571 9489 3601 6765 8626 4116 238 7663 7773 3798 2211 8049 2519 5605 4925 1821 9926 4387 3857 3354 6911 5445 361 1118 3761 6381 8307 7411 5969 4897 5991 601 2476 8838 9361 5345 5449 3751 681 5827 3792 9395 1577 632 5995 3761 1898 421 
9273 7220 7917 5271 7169 8145 5496 1781 3461 7413 1325 2833 8707 7251 9926 341 9345 676 8953 5066 3233 6467 8211 4667 9298 1027 5865 9681 3601 5863 5543 1201 6057 7201 9467 3541 8626 7867 4753 2949 5608 8211 276 4157 3480 7466 4076 1213 2950 8169 2801 8572 2109 5905 410 3953 5063 5279 4975 5793 6329 4089 7691 6903 8701 5706 9461 3559 281 79 7833 9536 1005 4403 878 7021 1597 544 4555 7281 3134 8033 2008 3401 2417 1681 7735 570 222 6749 3773 775 5661 4401 3651 2529 4313 8201 2273 7081 
4777 4001 8065 8841 6024 130 6725 8955 2146 6977 7976 9185 3831 2741 156 2717 4946 5957 6120 4120 4605 836 5921 9581 5319 9327 5481 189 225 6073 6775 2057 9075 9565 6477 6501 2873 9061 3247 3761 7471 763 7121 6141 8751 9552 2130 4549 1661 2366 9503 7745 4038 3945 2599 2384 380 9491 5873 5521 1605 4886 8481 9467 6782 3761 8449 9821 3433 2601 8905 1215 7187 1708 8952 9131 3247 6841 2821 9187 8317 1515 661 4348 3425 6776 2835 3865 3529 8246 4360 4273 7361 6585 5151 7501 5341 6947 9186 8395 
2137 550 2967 4559 4065 4528 2115 4441 9297 4283 8419 625 3009 3531 1737 2529 5530 5165 4715 6128 5037 9567 1737 5011 2929 559 2977 8345 1535 5761 7043 6665 6581 4003 5009 9641 7307 3679 6401 4157 3881 4217 2725 4066 1651 5026 3761 6028 1947 3921 821 2501 2855 6786 8709 8700 2941 7686 9367 8059 1277 8615 70 7886 7982 1977 6260 65 2751 3565 5809 3178 2083 9436 8817 1125 599 9627 2167 651 3890 3001 7841 3078 8307 6079 9975 6177 6506 2364 6987 7449 261 9651 7510 9785 94 5169 9601 551 
4505 7881 6103 3162 5641 2119 1976 9394 3149 1626 4599 156 1009 5556 6930 2220 1696 6610 5073 705 9331 9377 5079 2657 3468 9437 8331 4639 2068 7921 4685 6725 7805 2177 1673 8101 7401 449 7149 7633 753 8181 537 4711 1195 4477 1121 8961 3359 4111 3496 9029 7525 5677 5953 4243 7601 5721 1617 8073 9855 4973 3376 1189 3825 1041 8851 8305 451 4259 9313 9327 4204 4788 5511 6113 3479 1411 4189 6101 3436 7990 7041 5333 7969 2161 3957 6721 1542 7607 9705 8255 7271 4481 5841 7633 7299 7969 4001 1919 
8761 3368 4301 1175 6985 2613 9739 7987 9349 251 8421 8465 1329 9349 2027 7001 7665 2135 489 8758 1475 9649 3297 9871 449 8841 1795 7213 8661 5414 3799 275 6401 3339 6051 1001 9457 4143 581 772 7871 9601 5822 7311 7015 7711 5227 451 4621 3623 2517 5441 4205 3669 6041 7241 7451 9137 3633 9663 6113 6071 5846 5340 26 3243 9391 9691 9341 883 2121 8164 37 4097 2165 1897 5378 1636 8154 6603 8703 3281 8977 4637 67 6633 4015 5033 8390 2001 6411 5719 197 1624 1441 6411 8965 3035 9486 7144 
9105 3421 3193 7401 8050 5126 3749 1707 8833 3681 7972 4095 424 3569 3961 4799 2236 4037 6421 4275 9317 5831 1771 9905 7803 2441 2504 3579 3291 1151 3075 3281 3715 2131 2777 3553 6305 5753 8464 389 2227 8274 2857 9724 3609 7385 1579 2613 2519 9817 2371 1041 6421 811 907 5833 6031 1311 1130 4260 7709 1261 4105 8441 3134 4592 1249 551 7961 2677 3041 2129 6641 6316 4725 8624 4345 7986 1025 261 941 1613 6097 5047 9081 2301 8001 4525 3501 6641 5741 3751 6923 4137 959 4576 3777 5136 4153 3017 
9801 1826 6811 4677 6619 97 35 7769 6426 2235 365 9972 1753 3265 1612 5841 1751 2561 414 7159 8959 1110 4653 4753 3296 6489 4224 2673 4361 4313 7217 1941 8753 6274 4848 519 7633 8185 8094 5534 4604 3865 3899 276 5065 4876 1220 5201 6581 6361 9341 305 3773 9019 861 4969 4843 9539 8306 2342 5682 7081 6601 7426 7481 7028 6635 2476 4551 2161 9499 8211 4905 4451 6321 3171 3333 9243 5986 4401 3356 5016 5208 3715 3567 4409 6951 6758 2455 4597 4027 9035 8219 1726 5156 3121 3012 2653 3731 1631 
9311 5824 9295 8561 5467 2691 3251 1621 4637 5230 8793 4376 5303 8529 4781 3519 9121 4451 5081 1089 9363 1547 5429 2761 5791 8149 1061 8240 2537 9039 753 4444 1041 8525 5216 4681 6257 9470 1420 5128 2311 5377 6101 705 2896 7065 8225 6701 4311 9641 7025 5337 1011 8476 2641 3949 4121 1501 4687 7310 2778 4105 1263 7579 1274 5433 1445 2993 1979 8934 2179 1323 5725 2281 5541 1161 7001 1451 4673 5729 8341 3242 5653 7129 6585 8027 9344 2867 3125 6011 3097 2907 5837 269 1514 2046 1485 6177 2547 8031 
1236 9289 6987 3696 3303 8937 149 7734 1049 5461 9206 3699 8349 2106 5817 1443 5046 1661 2955 3437 6811 4417 3761 5797 3385 1681 4929 1664 1839 4641 124 6788 3117 1376 7539 879 4297 8001 1478 4173 3877 8593 2941 4581 1821 2653 1628 1475 2758 7313 4827 1755 7569 9937 827 8487 4761 1811 9251 2131 9521 1671 286 8685 5906 2869 8376 6325 3801 9709 2353 1873 2257 5674 6233 7201 7557 968 6263 7526 5225 193 7753 1081 8089 6761 5531 754 4421 1431 2911 9411 2208 2383 4919 9003 7359 9780 9177 8526 
5201 808 706 3026 2801 93 8889 9425 1709 6429 7655 3374 3163 3063 7793 6651 4536 5833 3310 4837 7828 4306 3472 3825 1031 2997 1369 1479 7773 4088 9145 4609 8271 8771 7773 1376 1730 8590 8289 5649 6145 8239 9641 8272 9081 1094 4301 20 2745 4609 183 6901 1344 641 7751 1849 1409 3201 8281 8459 6686 7225 8961 3056 6224 4318 2201 9841 6481 1729 5475 5951 8225 8164 7317 5751 5809 2501 5144 931 577 9885 4029 3233 5401 1155 6174 5929 6186 8615 3809 4394 6652 85 3508 9690 5640 1581 9996 1537 
6129 429 8717 1275 2561 4730 1975 1056 5153 4360 3390 553 966 4679 9213 6651 3831 5573 1521 4085 1501 6001 7757 71 3286 5319 7436 8113 9011 4867 6145 2863 3101 553 7247 3153 9829 4639 9009 8579 2687 8421 2857 7026 6310 5313 7786 533 4151 7427 9881 3041 9212 4433 9051 5866 7293 6899 9195 9503 4677 4409 8939 5671 9285 1289 8103 2757 1059 845 305 1594 5283 4865 6 1409 6917 6679 4851 8055 4499 5018 6483 5593 9830 3117 2975 7293 1674 8361 8466 8669 5226 4315 709 3881 3721 7521 4814 7725 
9901 4211 5553 6756 7249 6753 8401 4097 5452 4348 8141 4249 1911 5483 5197 571 5771 320 1904 2790 2289 7811 9712 2997 5639 4817 1286 496 8322 8664 8073 1795 9875 7323 3177 4291 6689 2377 8511 4591 5753 9598 4093 2841 4701 3261 6167 4441 7277 6924 9055 4761 1123 9081 1601 6121 7252 5279 413 6115 7989 5421 3573 8961 6349 3749 7097 943 1361 5021 1322 2209 5921 9779 7886 8380 8491 7121 4825 7968 273 6902 2543 3334 1899 5841 865 2869 4678 7893 2791 1210 6781 6719 5281 9687 2126 3126 355 1463 
3981 6150 6665 9981 4121 2974 3862 7161 2917 4542 2669 5629 445 8541 2537 1281 9521 8289 3591 5303 8341 6561 5743 6077 2632 6137 8810 1903 4413 5841 2245 2765 7783 373 5105 715 7527 943 7409 5454 7269 6110 5476 5120 8951 8977 9682 8183 4623 9145 140 4065 5649 9417 4713 5694 697 5061 9034 5697 6380 2512 3590 7954 2171 6331 341 6386 2524 4316 4308 4113 3361 353 5982 9849 2026 3116 905 6001 3921 711 7193 4901 7737 3882 8864 6145 5961 9382 5491 401 8645 9151 8761 1681 5647 4859 4799 11 
276 9098 826 3501 2301 6200 3251 1406 3481 1213 7185 874 8893 927 9947 7201 2482 1569 8469 3240 560 4225 3276 4351 4145 4235 6251 236 6731 3059 2113 3970 9461 3055 1265 8009 8146 2465 9626 9628 6049 2737 5283 1611 199 7276 2743 439 6605 2756 3657 2921 8807 9321 7569 9157 7335 2641 8986 7209 8561 1409 481 2111 3134 169 6903 9975 2567 4325 6386 6301 3049 717 3731 1329 1861 7626 3256 7025 8939 270 4287 3653 7440 8015 3916 8141 6343 8654 1530 3296 2980 3485 4109 6589 6611 1861 1641 5057 
876 7376 7659 4073 6225 3001 8630 7209 4937 4685 2119 2581 3331 8001 7073 5631 2927 251 5000 7601 2221 8321 5108 5811 6911 5219 5291 265 2633 3753 4771 2463 6213 8293 8385 137 7861 1187 6151 5373 2796 3092 6628 7654 5975 8789 2281 5881 965 791 6818 5669 8817 5621 8903 6617 5941 23 9244 7769 3762 4420 6918 873 1433 2268 977 5275 7436 9601 4037 7063 7611 6350 8061 8969 4817 8673 2666 4780 3465 5201 8831 5567 8405 6937 3593 193 1901 2229 9956 341 1212 4713 1381 8001 5037 1125 1201 4449 
6631 6591 419 3860 3606 3601 4116 1841 8129 3645 7901 4252 3397 9707 2305 6223 5747 6481 5381 6221 4085 7681 518 4292 4411 4017 5456 3021 5825 6416 968 4663 5129 3451 9449 3786 6151 6337 5563 1181 2253 1186 5318 1391 6126 4876 3197 1 4997 410 46 4651 9969 2319 2685 1357 7201 941 327 8566 5341 3937 4415 2021 6016 1173 815 8049 7049 1241 1836 9443 4237 6001 5726 4151 433 7068 8749 1857 9195 5626 563 8961 430 4532 9062 857 2967 6481 9611 7819 871 9792 6079 7993 2566 6698 5960 2225 
2101 1307 1105 4447 2884 8800 8891 9243 4275 5093 8287 4669 7159 2637 9241 6805 9881 4617 5467 2300 369 3025 3824 9860 181 5565 6489 3385 2145 8931 3590 1468 2253 5745 1376 3773 9801 3077 561 8434 2145 8269 4371 751 8101 8624 8667 9262 1267 6994 1989 4647 3497 2979 217 8981 2711 1621 449 7651 3343 214 1569 2901 6071 2538 4877 3928 3945 7461 9313 3139 1329 1810 3339 7185 2067 9095 989 6302 391 6143 1491 7065 8461 8703 9231 9361 9013 671 4481 3388 3046 7855 6913 4083 4041 5515 7148 2481 
1461 8229 9355 9517 8205 1561 4031 4795 6651 7237 3044 6913 2401 993 8145 185 9521 6841 7819 4458 187 5253 3921 451 6793 841 5517 448 6213 9493 4747 2659 2670 1001 7633 8713 4973 901 5421 7199 9213 9072 8497 5737 4481 3023 4641 9191 2346 5232 1488 8945 5521 721 1833 684 7633 9369 3529 6732 9617 8976 6412 7812 4825 2321 5601 1545 142 7798 2061 7925 9541 7975 3237 1784 9601 1557 9269 1377 2041 2191 5073 6065 3819 9198 9201 1231 2787 4730 321 4586 3989 7340 8421 2281 4420 9346 8901 711 
2501 8445 8661 2369 5220 6396 9803 9728 2555 1459 1813 5677 201 9013 1580 6182 6551 7201 6129 4246 9713 1402 7706 7299 2106 1581 3124 412 9041 3497 521 3077 8533 3135 1321 9547 2041 1809 9176 9605 5941 656 341 801 521 4593 9724 2590 1261 4397 6371 6000 9339 689 3353 5731 673 1741 6323 3241 4251 6299 3097 8495 1889 5569 7791 7029 5655 173 4163 9935 4321 1825 9021 8237 6983 5661 1080 8173 4647 2986 7201 9535 7246 7801 9305 3495 76 1090 3208 6535 5431 4785 3640 7304 1351 8291 6230 5001 
2027 5371 6761 8549 686 5522 759 4187 3386 3933 214 5505 3541 458 2241 2583 7879 1177 7376 1973 2271 3489 9323 3958 7423 5117 92 2481 2531 3052 2417 5521 2080 5041 8309 513 6473 5945 6885 2865 2961 9150 7496 1943 5179 3868 4908 8889 8661 657 8276 199 1615 459 4996 1525 5697 6663 706 2361 1876 8457 8733 1353 2333 3623 5721 2193 3201 2985 1600 4792 6621 1327 4697 7109 4281 7171 776 9797 5456 6308 5953 7621 5135 7201 1441 1884 4921 2365 1241 8835 8341 8337 2595 4079 5365 470 3659 7947 
9151 5391 1208 1329 1137 17 7563 5901 8196 1269 1773 2881 9669 9176 2986 9665 1801 1021 8276 370 9101 6597 7543 7359 8792 6341 3892 1555 6207 1976 7599 8081 6409 6081 2067 7401 6715 9898 9383 8641 3297 9697 8281 5281 9240 6705 5927 3 132 3265 2103 4525 714 3641 4529 6691 5411 3006 441 9185 7164 7373 7876 747 4323 1161 6119 9922 7681 793 1373 4537 4307 5505 7679 6241 4076 7065 7501 8061 7035 2824 28 241 3501 4393 8428 2307 1389 5851 1446 1421 9183 7565 2293 241 3968 7476 3614 2555 
81 2426 1401 1415 6196 5057 5605 7217 2585 3376 1366 7261 3341 4161 4589 7051 7913 8045 1598 2876 3500 7728 2697 221 8231 4633 3409 5841 8721 7092 9250 5505 3371 5831 5649 4371 1756 3491 9121 7823 5653 1491 419 9941 2125 5547 8976 1359 6236 5132 1631 2129 3441 5489 9543 6379 7481 1221 2113 2351 9568 6602 7091 921 7204 6124 5761 6293 254 1785 7306 6117 2033 3045 1062 4031 256 9073 3169 8121 2673 563 8690 4331 6061 91 2395 6721 4664 673 1481 5387 9747 8209 2385 6947 7017 6449 8785 7313 
3487 9645 6926 2960 9841 9167 6038 3781 9913 2549 3196 5815 9731 719 8017 4033 6537 2853 1505 6671 7607 5537 9814 2557 5611 485 8425 1807 6821 227 2257 5341 7049 2121 4686 8337 1665 4037 1315 9366 6293 6256 4015 6441 849 4563 9153 4041 4251 7869 1978 5567 6701 615 9822 5051 3405 7388 4681 3261 849 3293 4283 9093 8412 1275 6217 1696 7747 7642 875 9653 8005 8079 8571 4049 3331 3296 7144 5701 2481 3169 7693 7257 9377 5113 4949 513 6541 3863 676 7962 5081 5697 201 656 2653 6139 8341 3277 
7289 5501 433 2384 3388 805 161 5751 6705 1251 1481 6990 3605 3396 7361 7857 9780 9426 3353 9506 8649 1873 7221 9745 4613 3532 4801 7241 881 9983 6020 422 2631 2993 8392 6911 5960 5105 164 8225 4603 7876 5641 7153 2281 5112 5152 5783 525 2311 6721 9801 3054 5589 3653 2826 4686 7751 5351 2896 816 2986 6991 3020 2817 637 1324 6107 7 9138 1039 1893 2106 6391 2405 2925 1839 4434 1190 3061 647 8001 2048 9399 3241 1355 3457 6853 2401 6937 9177 6065 3908 6691 6698 2329 3414 3961 7486 9975 
8946 4677 1487 231 3617 1092 4549 2315 2746 403 6097 5829 2319 1656 8377 761 6085 7087 7065 9811 3873 3577 2343 8491 2771 7133 5384 2781 2302 5857 2323 8663 1705 6427 5727 5953 5052 7377 7053 1689 3394 1341 6715 6529 7136 6169 6186 5329 6419 3801 535 7171 9834 4638 7217 4741 5217 9847 9761 2145 7777 3811 5165 9236 8801 453 9396 8366 7478 3413 4241 2410 573 451 2025 9085 1497 5061 393 8201 4425 7667 2748 929 727 7665 6885 2008 2561 8070 487 8829 1801 2475 241 357 3190 6399 5909 2041 
3027 4657 9567 3273 4396 2492 5575 7135 8313 7428 3401 5456 7339 701 6036 823 2593 2403 5310 3825 7591 9414 4919 4437 1268 7705 5953 5865 1909 2206 199 5981 8315 7768 9041 8425 1025 7254 9089 9079 6795 8047 2171 2425 2937 2493 6585 1208 7001 3877 4745 9147 1449 5541 2191 3955 9076 9464 2941 1137 9633 9646 4531 7186 5113 2888 3208 8801 2187 7685 7916 4369 9916 9656 69 5941 9751 441 7374 6001 5379 5473 5393 8149 8533 3376 9602 2165 565 2989 9546 5808 737 7588 604 8698 6669 2243 3281 6972 
1144 290 965 5321 3721 7753 4361 1624 1055 3527 6815 5847 9593 1369 4354 6361 6649 8923 7681 49 7091 1247 8299 8012 8130 6573 7801 3585 4225 8818 2281 4705 3001 6713 3053 8685 721 9276 3151 1453 8801 2555 1367 3376 1493 2857 6002 3545 7721 9361 1556 9405 7409 956 9049 1433 897 1721 8099 6811 8053 6044 741 9997 2285 1293 2676 4039 4225 4011 227 9829 1446 7305 9570 8929 4681 6880 8148 8559 6201 2637 271 3231 4485 1424 8308 2406 69 4620 6213 4491 4622 329 9301 3539 2893 1204 5445 4785 
7192 8255 4619 5221 2801 9523 8871 9543 5324 2351 6561 1050 7246 8033 9599 8908 5883 8982 2188 2093 3846 9823 6811 8775 2369 4325 1099 7667 9554 6561 7645 3539 3312 2051 1361 1430 7245 8489 4121 1455 2813 401 9057 4925 1422 3759 7141 1346 2011 7785 9249 2425 1783 2229 8115 1609 9961 5989 3026 276 1001 1334 233 8687 7593 4025 1797 5785 6007 5541 2421 5101 1691 6118 6151 3340 8807 7021 766 3539 8345 4067 7538 2921 4701 2993 3043 8504 8577 7967 3551 1035 6507 8116 6737 5565 4798 4896 529 993 
6751 6843 6296 2733 5486 9079 8409 270 6376 3220 6147 467 8733 1797 893 2925 5401 3717 2722 415 6167 8796 6934 4979 3622 5163 487 2993 5332 5405 3901 7821 2391 7295 5345 2056 2070 5551 2145 8801 1906 2741 7841 1246 9613 341 9425 1425 2515 5105 4937 9712 1991 667 1198 3278 5465 4297 5089 2163 8513 7709 6057 1361 7700 9297 51 5101 613 9828 378 6801 2263 5188 4556 1984 6015 4991 9430 6601 8077 3451 364 4251 1601 7714 5691 9499 161 3432 4721 9637 3761 4295 3826 5493 5561 5355 6039 1975 
5832 1496 1521 7613 8177 4219 2531 1771 1686 1139 9155 9931 7551 3204 4295 6449 3541 279 8761 9813 6033 3661 9542 2401 9037 2889 9426 1983 1236 1595 5805 1925 2681 3990 2805 8426 7681 2543 5737 8619 134 8939 2958 5881 4401 8585 4229 150 3417 3083 1813 4666 741 4861 8825 6561 6208 7415 9176 4110 4279 1511 2721 319 3903 725 2861 5267 9854 7939 379 8737 1556 2871 35 5326 2959 9219 6757 7473 7221 869 1181 188 6601 5845 7980 481 8212 9107 4949 2076 9145 2037 6107 7700 4661 6094 4331 3391 
8977 301 3377 9041 2877 1566 4537 5433 7256 5381 7761 9328 7822 829 5697 8031 4631 9985 5301 463 9929 1977 3093 4361 2589 2765 2867 6196 2501 2581 2641 8419 4954 401 3531 9435 9743 6341 8275 2946 2078 6846 5087 818 1134 7051 7791 7163 7334 7599 3309 7563 6902 8641 4294 4485 177 6737 4049 2641 5940 2339 6915 5438 8151 1589 7163 5661 2757 1394 401 8121 2217 2911 4706 1809 7 7687 9909 577 8993 6445 1945 1217 1581 473 17 6781 9057 8267 766 8890 560 9746 2361 6535 50 4803 3297 6241 
399 3909 9184 2554 3441 3081 1985 8125 2125 3226 4135 6761 6117 7404 5774 9813 3169 7211 2457 5970 6566 2770 5649 9917 1649 7611 6291 1889 97 721 7178 4969 4756 5571 5544 8279 3523 4692 3656 2785 1455 3497 7969 9273 7091 7618 8576 6061 9457 4459 2953 6472 4121 594 8689 9481 1534 9751 4945 7 5926 6194 99 6611 3959 7001 4566 2399 5985 3257 7771 4001 8573 1915 7324 364 7911 8671 2953 5091 5921 9167 1425 8597 8015 8192 1426 1238 5251 6677 9397 61 9499 4858 2691 2481 5649 3958 8765 7248 
5589 8288 4561 151 951 5382 7988 5229 3801 5449 7969 2625 6261 9414 1921 9681 1231 7130 3792 885 7087 9717 8001 6969 5831 7876 2433 2176 8153 2193 1737 7246 9524 1584 5589 2961 9111 8606 9178 1810 9131 9236 285 9751 3200 4101 7817 8029 7193 7889 8001 441 1794 3795 3576 799 1215 5729 9379 8842 8738 3351 749 3845 5681 5854 4089 1717 9588 4236 8041 4271 4875 9119 3251 1551 8393 6389 5376 4867 1315 9886 891 1415 7256 6597 8091 7366 5151 2917 3909 45 5273 6032 4433 1725 8771 8399 427 2601 
6176 7133 7185 5190 7057 6289 4511 4257 4534 8569 5131 9322 1321 281 2708 4986 5371 3121 3626 1081 7893 7494 3072 2609 2039 8313 8561 9981 8289 2657 1770 2113 2962 8017 941 7941 1701 2305 7243 305 4217 5615 3486 7549 7827 5414 1653 4969 1317 2241 6459 7089 8979 2393 5897 46 3533 794 4071 8523 7634 4651 225 7737 6381 5138 2135 6881 8358 8779 2417 6031 2265 4451 2644 8608 4481 4586 9161 3530 4491 6685 5579 1425 6025 8245 747 908 4025 1972 3445 7045 1501 8305 7740 6027 7281 3561 5094 4011 
200 5269 7366 1621 4241 2872 889 63 1697 4266 3852 7971 4487 8451 1953 4853 2313 9587 6611 4341 9051 4713 4161 583 4720 6599 111 8837 1816 1039 2021 3291 9705 8034 5607 5133 893 1061 8521 6156 1526 4853 8257 1041 5865 963 9201 6673 129 6313 2409 5249 3571 9681 2176 4255 4005 9467 7445 1061 7392 3110 2226 4397 4841 7267 5041 2657 1177 4089 6891 5833 857 1567 3333 2293 9471 4681 571 6677 283 457 1103 2729 7768 8135 548 2681 5489 6561 5541 4238 3393 7494 381 9213 7681 6993 5721 8101 
2308 4399 1760 6486 401 8507 8961 4561 5497 8865 5125 7521 1452 201 9333 1661 5937 7576 5705 5016 1321 9205 5257 1809 5281 9256 841 7281 8957 950 1410 1327 7475 9051 857 4873 5951 5094 8877 9713 1130 9316 6547 8107 9721 1493 3361 5481 3885 7695 4143 4856 8507 7773 2679 3761 7805 6311 8700 4656 4801 2863 9890 3951 8526 1933 9021 4607 2861 4251 5251 4340 3065 4872 495 8659 9114 3577 4721 3839 3795 9405 7506 5282 7789 2717 138 8170 9041 1565 4297 4510 3451 3897 631 417 5653 3217 6215 2793 
7483 9807 6102 5741 5529 3295 6610 4190 5999 2347 3411 6693 9106 9915 4261 857 5733 1591 5073 9626 6170 2058 8735 5729 7773 5217 1448 3569 7481 941 8151 1065 944 8271 1771 5245 6021 3697 5701 3057 6121 3105 781 6297 8504 785 1873 2401 8007 1681 6520 3243 4599 6705 5909 2277 365 6571 7881 4285 4426 3665 7819 5471 2409 7346 4081 5452 4421 1961 9393 3512 9609 411 7341 6225 1913 5197 3921 8144 3355 6202 7267 5713 1871 6155 5815 2 178 9177 6360 9295 4737 7081 1511 5126 2256 4749 6170 9413 
8754 7989 2411 2051 1941 3971 4801 4923 7091 917 8185 7121 7516 7233 1777 7501 1861 4830 2941 5869 8266 9181 1840 6161 7661 901 1041 4470 9051 6763 657 6125 2941 5513 4590 1821 3216 5243 1048 4172 4657 9779 1895 2321 2611 3629 7909 709 6222 983 2371 6243 8381 4433 274 1323 6208 6807 1359 421 6335 2336 8754 465 5357 9056 14 5818 9144 4582 6496 4810 3479 1105 7076 5820 513 598 3489 1046 3599 561 2207 3401 6841 1817 2375 5231 2110 6785 1286 4291 5693 9751 9689 3531 6953 7561 7941 1601 
5305 4337 9638 7711 1554 8257 4653 4723 9873 4325 2906 1044 5717 7275 9169 6295 1580 1041 9649 9445 6535 8961 5489 3060 4109 5670 8307 3969 6099 5743 4712 5685 7931 2401 7001 8087 3017 4001 4083 7146 5440 481 4098 5069 3009 1557 8336 2953 1413 2237 617 2369 5537 5463 9308 6659 4633 7363 965 3684 4067 5663 5522 9526 8244 7256 8613 1750 8949 8707 4584 1321 9684 9161 2657 3964 3743 7897 9125 6209 1651 6211 7947 9467 89 8191 8386 2823 3270 5409 9385 8417 7845 2410 8077 3374 6115 5645 1201 688 
6833 3525 3359 3977 7817 2333 2476 3605 2928 8951 5001 945 7779 9875 1855 5941 9746 4097 4785 4732 4281 8489 3936 8169 5709 1393 5329 5276 4357 4145 733 2007 8673 1620 8769 2001 8922 1953 4534 3075 9921 8295 643 8389 6189 3829 4413 2681 7631 6983 5789 9213 6913 1617 1325 1111 1148 5505 1657 9853 4457 2781 3349 6543 9193 7524 9381 8887 9611 26 1461 2798 8486 2201 985 7341 4013 9177 3551 2881 3601 2806 4755 8031 667 7559 3591 3157 6977 8069 2697 4377 8541 3001 8878 5657 5445 7006 7717 1201 
5569 8219 2501 5557 8701 4071 6273 1929 8706 8256 6601 7145 9931 3653 8455 609 8769 676 6045 1368 5705 9671 4102 8979 6895 4017 8286 721 311 557 8581 4519 7375 7336 6001 2460 4750 9051 6826 9653 7601 21 5741 3199 902 213 1761 5010 2987 3951 5631 8184 8061 6351 1827 4067 7771 2501 9403 2159 7165 3313 5521 8557 5861 8081 8746 7971 749 225 4905 5233 1371 8583 5553 1955 6061 5849 5381 1298 7105 3126 1005 5537 8401 2561 988 565 7833 6528 5237 2201 1226 708 5371 2809 9483 8152 7042 8877 
7360 9803 2870 2473 7923 7589 8697 1601 1789 4497 8337 6921 8863 5031 1101 3066 7551 5641 8581 4431 6689 969 4247 6321 9059 805 4947 1905 1967 1993 6401 9585 3049 6513 8966 8217 3361 5853 1561 4557 9315 2511 5991 7261 7819 8961 8156 5159 2510 4397 129 8693 5850 7840 8451 993 2516 2001 8569 1819 6706 1923 7992 7647 849 5237 6907 5136 9287 5009 9663 3773 730 876 6696 2041 4865 9913 8985 3097 6297 7559 4876 3061 4069 2547 9338 3191 6371 6815 2289 7137 393 2706 310 7126 1779 5697 5401 273 
8977 9626 2974 4571 5049 1573 8019 5109 3550 6509 7145 9198 2633 3257 395 9231 2148 7240 1401 781 104 5829 6901 4545 2626 1875 1361 6781 1437 4115 8505 4585 6287 7051 6809 3489 7874 3676 3514 1 1521 6076 9191 8335 6186 5438 9557 5835 3937 4445 3081 3296 4137 7749 2956 5857 4022 5523 741 5027 4993 7505 2951 8749 181 2406 9889 1791 2313 8272 5641 23 2781 3712 3202 7494 355 3701 5541 3723 9249 5492 2401 866 545 5806 3061 2846 174 7761 9321 5825 6771 2813 3393 6111 3060 5751 7896 3295 
5326 8917 2807 2181 1751 1201 5957 3977 7419 249 7964 8673 6051 6081 5381 8793 8626 7093 2831 751 9928 4681 2026 1961 1481 2857 3685 6369 551 9081 80 4601 1595 7853 9001 4541 611 2366 4561 3522 7529 6346 3871 3436 5021 2495 6604 6725 9261 543 6146 1029 6811 5001 1811 5731 9135 1593 3445 7606 2501 5113 8513 6097 3582 9501 8699 4178 862 6304 7791 187 6601 5967 9536 5260 9809 6319 4491 3350 7739 2397 9865 641 4417 3776 8769 3801 477 7895 2141 6339 924 3689 4334 711 8309 5919 2161 4097 
3540 2477 3737 6651 7121 1 8087 4300 7183 4253 4849 9804 1001 8290 7023 6825 651 9853 5833 8697 4691 6845 6281 3417 1941 4701 5553 2981 5154 9186 6927 4081 3721 2833 1644 1161 4049 2905 9732 2595 1 1315 8816 8065 4216 5821 7009 7009 369 9431 902 4555 5156 9321 6312 9445 6732 5936 9917 6453 8571 3001 9197 4457 4372 1989 2753 4903 5257 2840 8766 8080 6443 2018 6765 4437 241 9318 3891 9873 1713 271 91 9317 133 6708 6956 20 519 6815 7967 4209 2066 8795 239 6715 1632 1476 5938 303 
5112 8001 9876 1023 4481 5260 5217 1361 9031 4937 8571 9496 2513 833 789 3926 5245 641 3146 9802 2663 2999 1551 2189 2863 3150 6851 5093 5741 5013 2393 809 4337 5201 2561 9268 5459 9845 8565 7453 6645 1281 7216 9889 5245 9044 5661 8369 6332 9638 2233 1455 3753 113 6498 351 8246 7361 9601 6076 4493 1561 2126 3561 6445 1005 7620 8351 1101 1701 9993 1645 8625 7079 8141 3201 5501 5579 7098 3359 7076 9153 7555 4129 7665 1941 4751 2807 6737 4677 2646 4303 6273 5001 1151 3304 2694 4775 2081 6821 
23 2254 283 6331 1562 4730 6413 6541 8657 1477 401 8426 3621 5073 6985 9125 2302 1437 1781 113 9758 2537 5585 9559 7337 7640 2299 1921 8110 8681 1731 9501 1677 305 3561 3957 5225 4610 4656 2431 7297 8993 5553 1058 9731 1383 7473 2128 6230 8465 8756 8873 8383 5996 1459 9043 1102 2491 544 3131 8229 8828 5863 3876 8741 4283 7769 5809 6021 5409 5297 6752 4313 7858 8327 2701 1314 7265 686 5019 4428 9215 270 3181 1674 7151 4506 891 2153 3271 681 992 1564 1948 2907 577 2501 2755 9121 5333 
2281 6113 6201 5425 2061 9137 7126 581 3101 7079 4451 6961 481 2787 1269 8327 2149 1327 7130 161 8667 8931 8961 7201 9881 5681 8811 9361 1001 1233 5049 9015 2981 5425 7761 2102 8635 8277 6301 5207 2312 7632 2002 8913 9083 2661 8071 2945 6306 110 1776 1937 5626 236 9841 187 8373 9919 6551 4426 3201 4501 4389 476 5935 6293 1585 8559 5896 4005 1023 4971 2030 1289 6737 9693 8585 8420 1233 7315 7821 3783 5263 1325 4929 5687 3671 1973 5137 5646 2083 2301 9113 7169 5013 1666 7571 6556 5191 841 
7295 4097 4991 3318 9985 1318 8656 7432 2755 9397 2263 8703 9486 1105 3029 871 7283 8201 9037 8753 9035 3875 661 9936 4551 501 2589 1803 9786 4035 7707 8435 2262 3406 266 9096 501 8599 6216 2100 9201 1703 9353 1149 7937 4297 9598 3025 7905 5099 3383 2861 860 1915 6463 1617 1153 3001 4051 9659 961 4811 7628 1801 8031 8718 5111 51 8591 8729 4325 8425 3801 3576 5700 833 2446 315 4814 899 4956 2941 801 4325 5636 3730 9485 3077 3065 7159 4635 9966 6836 9251 441 4299 8749 3651 5241 8496 
2098 9031 2621 4574 7617 8292 2673 4675 7074 3226 5011 5511 2397 945 2977 331 9997 3815 9693 5461 6044 1841 810 6880 686 9976 4785 2995 7857 9505 8669 7111 331 8363 3013 8337 8233 2663 1517 3654 4267 488 4465 4441 2177 8111 2289 4355 6182 7801 2547 6713 888 8403 6321 6931 5303 201 7441 7062 396 4741 7126 9053 4169 1259 4289 6122 5221 9561 2928 8337 2696 219 7815 7925 6926 489 936 7665 5251 101 6745 7866 2814 9697 9634 6787 8051 2081 6499 7327 8941 4200 183 2887 7237 9619 605 6362 
1674 8170 5241 2257 3522 5176 7409 8691 8461 7681 7274 5091 3405 6939 3301 8137 6085 3599 2291 7729 4913 4733 3637 846 4357 5287 1247 4885 2177 1121 6621 2448 7752 4393 5327 1537 5267 584 8732 8224 801 1393 927 8900 338 5413 13 1825 2329 5886 6710 3105 7481 853 970 4815 7205 4843 5817 6912 8321 4401 4095 3637 319 8395 5681 1026 8601 7335 7368 4895 2671 1401 6207 500 540 295 2326 3389 9624 345 1681 4403 3555 7245 1311 3346 7529 4945 2191 2293 6361 6611 7401 2721 3556 1558 751 4651 
9239 397 7721 6861 2993 901 2801 9641 8955 3121 1521 6294 8957 3461 3611 4101 5794 2589 8730 8275 9379 6881 7205 6321 8929 2970 4696 4491 1709 5375 7011 2145 126 8141 89 4410 4238 6633 6881 386 4929 989 1501 2049 1609 1984 4476 7361 9113 4227 8113 882 4167 4201 4113 6541 5767 9261 6561 5635 1207 8431 5551 6917 9051 5491 8976 5346 5616 9965 9516 377 863 2905 5890 5875 8472 4194 1969 1641 2053 5293 7381 9810 8441 2713 6203 6693 6296 7036 6505 145 1813 781 5249 9054 707 6301 2813 388 
9001 4407 9145 6593 8037 9021 7962 9389 9552 5153 1525 2427 1189 359 9161 125 9441 2697 2887 6766 4369 6102 1129 7648 8589 3639 5078 5187 5371 2441 8621 5321 4000 6849 4329 6366 6009 7446 8392 7963 8534 5025 8876 3529 5163 5441 5385 5244 704 5329 7097 6155 7713 1 317 8719 2977 2376 7237 7409 114 8241 2319 1771 8328 9621 5341 6433 361 8396 4043 1495 8513 1409 69 133 7697 5257 1809 3902 5161 5865 9791 3101 1239 6593 4031 945 6306 1625 8616 2471 385 5598 8529 939 4803 8262 5793 4942 
961 9945 2165 9793 6329 4523 9241 4858 4488 8091 7828 233 4603 8303 8731 1029 942 2737 3954 8761 257 6851 1421 5839 3881 963 2081 9681 7501 1233 299 979 6882 3072 6489 7251 3369 1158 6271 613 9171 8841 5981 283 3651 142 993 721 363 9031 4379 2230 4267 8905 3873 2673 8885 7989 2491 4154 7261 8000 7270 655 4201 5344 393 6249 2669 8276 4385 6182 9963 1216 9455 5495 2796 517 7467 2909 3096 6098 9319 9621 1001 6534 3937 8337 9909 9833 9376 1537 5821 9617 4369 5961 1345 6306 7603 6961 
4891 7197 1618 1230 8104 945 9605 3409 7976 2233 3641 1 7661 9741 6982 7551 4457 3211 8606 6447 4317 8276 277 28 5406 8129 273 9285 8001 821 3922 7025 1249 4755 4685 4492 7654 3489 6181 2951 9683 4192 8257 2895 1501 9480 3360 5992 2033 1771 8248 8593 2811 9897 6029 9821 457 9853 7451 4999 7803 695 8385 621 467 3291 5981 6845 6861 1608 2241 4708 1146 8765 2185 6201 3089 8447 4017 9209 4714 5985 1761 4173 8541 6902 2449 2608 9741 921 5876 7861 2170 1373 1836 8297 7553 6572 9265 1609 
1325 5896 4645 913 4965 3684 7475 419 7029 8389 6957 5941 7681 1701 5145 2177 1633 4683 4265 2775 4970 2241 2986 641 6929 9495 8407 5939 1251 9527 876 6173 926 4821 9633 8081 3481 2712 1375 2667 101 5857 4889 8769 9729 2837 1857 5413 3415 8595 2173 2670 3145 9334 4701 2201 45 5096 5161 6401 3126 4576 201 4189 9521 5369 1473 3556 537 9926 597 4921 7615 8329 4561 711 4160 679 8883 1767 569 1479 126 7401 6971 6833 9905 6953 6937 297 5921 3437 1001 2496 6038 2225 9261 3961 3931 2468 
3409 499 3481 7349 5767 8747 4131 4316 9199 8653 1353 3135 8651 4259 6021 3641 1801 8451 9637 884 6763 1161 3381 8673 3936 9121 7417 7125 5185 5401 4776 2994 5309 4291 705 130 2834 7042 7797 3878 885 4608 9527 6017 9889 2290 148 1551 7092 2265 9592 5101 4061 3181 1079 51 5786 3579 3177 4997 465 1131 5777 6763 4812 3551 337 1570 987 6163 2651 6505 7028 9808 3443 4145 8231 9946 8329 2419 263 3791 8333 9985 5945 7322 4469 2081 7293 5241 1725 953 1 6130 81 1193 4298 6465 1613 1336 
465 3595 6801 5339 7983 4818 1502 9601 2371 2257 6081 9249 5441 5501 6631 6991 3751 4106 9457 9380 891 4979 5203 7561 9198 4637 673 4780 2471 7083 4225 7569 3504 5291 1644 7827 8100 6911 4349 7535 4663 4284 2421 9526 6086 7653 7501 5765 4260 5201 1597 9673 149 2331 7849 4691 3961 3911 3241 6325 4561 386 6104 7545 3781 9801 3028 1903 7211 1531 1741 1521 2521 6653 8050 5318 1081 1121 5281 6945 6961 6557 3265 321 926 561 1583 463 5851 7569 1681 7831 2926 1377 399 4249 449 2681 5491 3137 
7907 1075 2361 9291 3205 645 1733 7592 7501 2699 6803 1473 301 4795 9476 4273 1953 721 6071 874 4404 1254 6330 4464 3142 7281 926 6910 5397 4077 7817 7601 1967 4936 1274 8767 7849 6972 2897 7429 4711 9361 2416 607 9521 5308 7201 89 2274 997 9576 5463 3841 5635 1359 8189 1972 9889 4401 9012 9201 911 9901 8281 7457 1510 4786 5093 4169 8874 8191 8072 4855 4481 750 4509 8185 8721 7490 8269 8675 9198 2126 6814 7244 626 8346 7601 3589 651 9721 4193 6393 8493 2901 3251 9422 7943 6811 7441 
8361 447 4001 8541 35 3901 4187 8615 6385 9731 1913 1566 3210 9593 9997 326 8555 211 1429 6071 7501 4159 473 972 817 9779 339 6917 4726 4746 2092 9451 9913 951 7321 865 3780 9436 2086 41 9214 1021 1865 3254 9089 7817 666 6816 4363 8995 6531 6951 9873 7943 5193 3505 4146 3565 6 8171 8835 851 9713 8289 5675 6511 9301 9616 6393 27 6253 6165 2521 4509 5151 9248 9678 7890 2642 4511 1205 1035 7537 6501 8907 5914 1433 4623 111 4200 9257 6525 2801 1329 4764 793 1769 3021 8729 7591 
1396 9770 6813 7539 3761 1225 2447 8785 2591 1305 5201 9511 8869 7221 4881 9425 3285 9469 2501 4457 4479 7151 5383 4833 8101 9136 8088 3201 7281 9669 2121 4289 7216 6125 1794 8521 226 1702 7501 9197 9601 6481 3001 4027 329 8869 7545 101 4107 581 3599 4299 5526 6641 557 2017 543 1057 2554 2057 5595 766 7041 7801 1985 7721 6617 8632 5087 4537 3755 266 8111 7129 5257 6225 9937 1935 1008 5921 3923 8470 141 1644 109 9251 3416 5535 9013 8350 671 9351 4204 3357 3671 2167 9197 1177 7641 7304 
9565 4951 9361 4801 7441 1781 5461 9351 7553 1012 5069 2369 7155 8785 2121 7695 5489 1636 6141 7051 2422 4620 4009 9987 7279 5348 2221 9266 8513 9541 8177 8873 441 5554 1801 7313 4001 8617 420 7473 2545 4945 6409 855 8321 1241 2115 7901 1199 1671 3681 5607 5791 7409 3541 1761 3841 5631 1815 4989 3281 9521 2071 9746 8215 2329 6130 1901 8573 3707 5461 7649 7511 5226 9833 3261 5165 2537 3505 7409 7863 1536 4819 2766 2737 1625 2305 8925 2307 2161 9825 7041 5686 3880 2325 4275 1737 1599 3375 6395 
8025 7385 557 161 7551 8012 8097 6401 5912 9431 2135 6849 7439 2695 7957 4044 7233 1004 6047 4001 5676 7721 6026 3555 5465 4547 5709 8055 1701 4161 1631 1151 8391 7821 4219 2447 5766 7301 4428 6275 2129 5281 5681 2910 9641 2864 211 3625 3941 5901 3727 6825 9850 1726 7631 9784 5303 9018 327 5398 4441 8992 481 3361 801 4295 2019 7557 2454 4911 5649 7201 1361 1666 3351 8369 5318 253 3501 8831 2231 789 771 8081 2105 193 7772 8497 7855 6345 1371 2091 764 6549 3494 1533 5925 6771 7909 241 
8145 6981 7721 8251 7396 987 6121 2671 9299 3751 5551 933 3568 2597 1739 2378 4417 7839 3941 9801 1481 6353 7624 6270 5141 6609 1233 5793 756 7993 6261 5026 3975 880 7123 2811 477 9116 3023 5961 9865 2273 5615 9426 5197 811 8797 8543 3332 7389 5137 7703 2595 7705 7916 7649 1335 2703 7793 4011 177 8721 7521 2561 2828 137 5010 993 1366 3581 5041 273 9969 8956 2601 3445 1916 251 4909 6196 4161 4411 3670 8777 7705 1169 1806 8197 2206 5911 4340 7933 2042 9197 1091 7182 7953 4481 8748 5235 
5701 8668 3321 6399 1101 2096 5488 3447 8791 7979 5741 2401 7481 7426 1433 346 3196 185 6797 9615 1326 3067 1026 5936 3321 7433 5271 4150 6781 4461 841 7640 7753 5737 897 2753 4265 8733 339 949 1019 8276 81 3573 5136 8826 9585 7889 1561 9932 2126 9385 8661 1428 7233 7787 8537 778 6045 6972 7965 2401 5593 2079 9757 2258 4701 3053 8941 7754 601 1937 7604 4818 4559 1649 3620 4861 6290 9891 5201 1216 4386 9997 4136 9448 2045 4026 545 8257 8621 5161 8017 7995 5897 3681 6875 8595 7897 9481 
4063 8168 1271 2327 2461 8489 3790 7097 114 2996 7466 2263 7366 8386 8987 6091 8041 5633 1457 8476 7221 2397 7835 6973 401 6917 8798 5902 869 7933 7713 7289 225 7425 3377 4731 2701 865 5361 6481 1169 1015 251 1165 3621 3161 7771 2235 6787 4641 6423 7121 1108 8137 8816 8689 3961 5561 6285 5140 9777 3051 5465 677 9281 4791 5797 1730 2761 540 5997 4666 6329 9001 8417 2449 5649 225 7889 3569 6221 446 2222 3608 3920 7757 4772 7885 7162 977 2687 1841 8401 5145 9401 7833 5710 3557 5882 7993 
6651 4469 8784 3783 7836 2296 1556 144 9455 3080 1705 2801 9241 7121 8569 2837 6897 6942 3415 4341 1075 5011 7892 4161 2809 6597 8841 8947 1206 7053 4869 8929 2753 8133 4580 1216 3925 7426 6975 1053 9920 9471 2371 6200 3780 8803 9856 7591 426 5841 2953 4533 4467 2001 7809 1041 6801 4979 6487 8626 1521 3108 7593 3377 5127 565 3033 5697 7897 4788 270 3137 4351 4561 8861 8961 2736 7067 3083 595 2464 2428 353 8501 9805 5249 8945 4033 1714 5208 8369 90 7969 7701 6894 6124 7051 403 5662 3361 
3220 1241 2460 3917 6523 5657 8257 8751 3129 7449 7981 2184 8931 181 2311 8049 521 5021 7716 7676 1251 1457 2715 1972 3841 1802 5736 981 5143 1119 9977 1201 4828 6649 49 9473 3545 5357 1757 4233 8326 3801 8451 7443 4011 915 2217 2669 1089 1664 1558 1777 6991 5651 3921 9221 1039 9653 9193 4763 8930 2770 6411 2721 2082 5549 6133 4357 8769 8343 6089 8561 4787 4053 7273 5531 5429 9400 6666 9551 2726 4860 8051 1342 3789 9621 7955 8051 8461 9521 8865 9719 3442 7401 2291 6161 7565 3761 7805 517 
3016 1 5461 8991 979 153 7939 546 55 9123 7598 5947 1116 7566 1201 4425 4663 8965 2361 4639 3541 8903 5555 1327 5841 8729 5349 1714 8921 5061 9624 7073 6290 1055 8148 853 178 2533 6951 4991 5551 9828 230 3522 8177 841 1449 1555 6501 4359 9627 429 9400 581 3521 1476 4628 6782 2234 6351 4004 9766 1559 6669 125 1111 8624 26 2088 241 8528 2092 5337 1479 5379 9475 6835 4201 8079 401 3565 9573 3431 8008 1596 2681 6601 9944 4727 3963 5081 7828 5121 7980 4697 9065 5015 4421 3453 3751 
4331 7673 3349 2307 7385 4507 7355 838 8575 9964 1261 9971 8752 1969 9149 2935 9178 9331 1461 2407 8855 7425 6809 8113 4117 7309 5909 4321 3845 1609 6926 1057 741 8401 2591 3825 9911 382 2664 4606 8551 5035 3261 530 3219 1681 9793 9344 7771 4786 129 3686 8044 9697 6160 4661 4528 1825 9719 6497 4341 2795 8251 6776 1139 5157 1453 7137 9858 440 3741 6320 832 5105 671 2229 2233 1402 4817 803 3241 2185 3833 6191 5217 6673 2790 3681 7348 9601 1285 6849 4521 221 5401 1391 4363 5151 1256 4881 
555 4307 1250 891 5643 7881 9444 2398 2290 4301 7111 6684 132 8521 9896 4330 4988 2277 9601 7521 6010 7979 6411 7091 801 65 8081 6221 5291 8494 8731 1954 7868 3325 5156 8171 8591 2753 291 4781 5828 9953 8029 6419 2076 9990 1628 4274 8345 6513 3027 7393 2401 6993 5331 2601 4835 5061 6841 5477 6779 8923 5016 3626 3029 7733 8307 6223 7561 271 5021 3014 2745 6277 2921 1241 1335 5606 4161 2492 8527 3753 1025 9826 2657 2241 4551 8428 7159 4741 7345 9012 6777 8679 8321 3293 4417 4693 2461 5601 
