2
10 10
77 81 88 92 61 36 61 1 1 73 
91 1 5 2 1 45 62 14 41 12 
37 21 48 41 89 53 45 82 6 71 
6 25 29 53 66 21 57 83 97 73 
1 54 3 63 31 53 99 91 5 36 
26 19 21 91 77 87 97 10 51 70 
41 1 42 1 71 3 73 26 31 69 
68 59 79 69 61 5 1 51 63 69 
53 13 55 61 13 17 23 41 90 57 
21 63 31 1 45 57 46 3 45 100 
10 10
91 3 68 1 9 49 59 75 45 51 
73 81 2 65 49 36 98 41 90 67 
98 76 76 67 71 78 73 5 53 33 
49 1 92 26 34 93 61 83 65 89 
86 90 71 41 36 53 52 58 41 63 
95 3 96 26 60 21 13 26 7 52 
57 20 31 5 11 1 77 76 13 83 
56 91 21 1 7 36 21 25 61 87 
39 93 97 1 5 39 81 49 55 8 
96 87 1 45 34 85 44 51 65 9 
