300
71631523
284534698
116354174
763142301
389771635
79293200
403964666
754817747
892810718
90134114
234497346
307409259
632883955
418952576
65268833
516680203
675203690
672178833
546601836
126238832
371048677
462645139
980663958
51564552
833710442
56031872
610469417
50484893
273683223
519729479
689211541
502296877
213447820
459805139
738508835
127669129
416311067
123247306
102389393
455521554
273968005
127093199
591243505
621383715
905870109
515950422
128977457
598865143
210022404
76855889
674763968
511091487
51252182
581955852
15553289
126572611
152703253
439907328
756183406
116819753
555427551
581814560
648595462
889045778
39821700
608959961
713950011
676410066
292777831
217998692
862854457
885661820
562611133
17871367
646286822
527551940
268945951
512121333
780660295
283046452
250906683
754630578
520825286
283410081
552001997
708046255
426877028
290837650
573273725
888372543
316117303
874419891
48107743
670370713
200100248
947172917
203194644
853201435
531770744
261318202
211335934
507192692
361457607
426999246
904900164
988695824
865402050
202260995
404533341
86952738
955591847
44911802
510949712
706785228
651624513
570821799
637763423
932110976
98704547
48183945
589910881
519505926
861561646
427597700
621299137
873749767
838602586
346870658
905286045
42415729
514189108
769198426
66041701
957891120
572433217
609140196
257272047
102628719
476069612
836715555
22791028
997289335
520224893
594208587
241410700
273681188
844223498
511120267
99860836
323736711
286531602
394275228
171628326
956457583
721357197
224911131
29031976
686136287
17521922
95142993
48435067
732227548
192385290
52642561
4100746
616622070
3691988
704686330
510894483
182258066
371082983
478420487
436275843
32770232
527946704
516003695
209700071
400872672
509638692
157364009
652956674
712214240
342396354
464797152
995816006
97825241
656614137
497391819
982582910
545361541
239141658
9137882
20665132
760074545
59814508
618369938
522184008
690602463
391148752
146829549
650756326
384415299
50180524
7718490
977045358
531259163
432420928
676278132
721735855
15083762
619281107
152374466
462826154
174607812
85720827
740800454
60773040
647727315
397294931
785300827
105812405
132678680
126765377
684393408
86205047
437818058
422862134
682918500
683530989
43017805
748943255
384671347
929940072
309948945
852947197
86370215
424029479
110376860
213786804
133470060
941380142
390081351
106461362
25896409
230788903
857946270
489172406
111464154
125324590
933789704
308008849
451470242
511752463
571937857
501915990
995603075
335745169
600512307
952926280
475336732
424957375
150178420
607223189
976961371
165735241
117723073
553740474
917572214
516141296
274082118
17640469
967600426
385587532
303761395
635037899
673986061
333036445
708759315
563547155
662726528
10051024
743868467
896809622
126210084
99354851
11375618
774320055
504319751
679093058
698770646
499237146
482073614
452049539
245795055
116298041
121859535
882381904
412912570
133922619
931569265
