1000
1 2 2 3 4 3 1 7 6 9 10 2 13 4 2 10 3 15 2 14 11 6 8 20 16 22 10 2 12 29 15 10 26 13 17 2 23 20 27 12 12 42 5 30 14 22 22 14 29 46 32 48 23 22 6 56 26 18 45 29 3 50 8 6 11 10 5 21 7 52 32 1 9 71 33 16 53 6 68 52 24 9 67 77 21 2 29 64 30 7 8 18 59 83 49 88 3 15 16 42 12 46 86 62 88 16 62 58 19 27 80 68 66 26 18 49 65 82 40 92 31 118 12 33 9 115 48 73 77 100 1 39 59 80 24 59 80 28 49 11 111 51 82 39 60 146 103 89 86 116 132 92 115 29 67 89 118 54 89 128 151 18 36 92 154 25 125 97 164 115 150 96 125 64 108 148 170 5 139 176 119 173 15 161 177 180 132 14 118 70 26 37 159 148 194 43 131 151 181 87 15 33 6 71 184 91 63 131 33 129 40 194 200 177 2 171 47 76 189 136 123 192 167 193 207 55 206 190 114 176 95 45 10 166 181 135 174 128 87 125 118 171 42 212 84 136 234 40 81 67 132 128 48 206 246 218 9 161 250 184 119 227 137 164 152 55 113 76 175 143 10 137 134 127 190 153 236 127 83 2 152 15 24 109 52 18 35 219 42 128 114 138 266 182 156 227 49 203 63 199 282 224 31 80 145 145 252 137 276 88 238 120 308 42 115 195 222 229 119 297 180 185 309 203 105 157 53 242 1 246 314 218 300 254 59 24 244 284 292 100 230 336 175 323 223 329 80 182 298 108 259 78 315 69 1 19 83 345 293 74 57 142 344 204 72 160 276 91 231 19 326 279 346 331 36 66 281 245 327 163 153 341 44 81 214 363 164 90 329 316 37 74 252 80 53 258 119 334 231 80 1 228 225 353 263 107 186 101 150 240 221 238 68 162 58 155 402 311 98 357 365 154 112 146 333 314 362 154 44 372 103 144 202 161 185 119 256 55 30 44 100 414 7 89 57 213 219 82 228 223 101 255 395 258 307 387 419 384 52 335 202 430 305 2 44 460 332 236 368 291 110 136 366 433 74 342 459 318 450 160 410 127 429 89 39 282 370 396 289 315 280 50 185 273 442 478 444 345 206 268 243 475 183 376 499 328 449 156 42 26 296 301 374 13 454 345 332 127 39 101 376 5 204 70 495 283 505 333 90 52 349 339 193 62 424 92 143 17 479 300 240 90 42 319 159 19 66 401 119 426 300 542 202 282 478 111 376 516 531 422 371 469 484 42 169 23 317 477 177 74 261 184 155 344 451 288 191 355 560 129 157 578 111 296 448 327 51 113 246 373 448 65 129 241 492 592 580 550 491 98 298 396 459 386 243 552 604 472 9 444 491 143 525 93 362 314 213 438 5 281 204 459 72 182 161 333 530 105 330 387 157 99 421 344 274 618 424 358 177 493 221 387 123 185 520 630 590 197 583 231 486 570 310 146 225 350 75 78 213 634 155 474 334 249 233 616 48 503 492 527 536 41 511 280 484 239 472 306 572 200 60 257 26 180 245 516 369 16 149 46 194 202 253 285 327 507 524 526 283 277 495 432 480 276 513 341 681 639 548 411 518 395 615 55 150 180 484 38 597 245 237 14 427 397 146 285 252 249 570 647 337 460 272 495 404 436 721 293 604 471 107 139 647 30 590 85 107 121 401 284 338 739 627 662 9 535 744 655 759 619 30 739 661 449 601 684 647 19 563 26 514 134 630 167 466 346 32 605 401 435 34 712 599 292 388 158 730 57 739 219 447 570 657 706 506 503 223 445 436 600 656 392 732 65 446 251 314 270 354 280 497 251 232 328 238 272 404 673 294 63 625 289 437 198 497 182 474 694 607 242 249 556 770 328 25 223 92 91 304 794 174 420 40 352 456 821 56 109 595 441 162 475 316 803 239 701 183 66 16 642 679 568 809 278 163 294 299 144 135 174 125 687 645 711 838 294 450 680 573 517 749 614 388 203 469 860 619 529 344 391 455 300 710 816 36 30 318 432 70 65 185 91 123 860 424 231 756 110 111 425 542 16 324 180 85 366 717 243 403 705 280 199 401 187 767 272 506 76 537 583 760 320 64 839 482 49 212 155 250 847 96 334 7 36 331 578 850 132 404 812 745 853 314 400 711 756 769 556 549 809 870 171 678 7 952 187 837 743 260 797 415 601 160 715 337 859 849 67 880 698 871 573 977 902 423 976 378 902 128 45 66 476 703 777 439 614 796 624 664 
1000
739 23779
515 619086
593 307224
922 752532
602 989504
867 277745
527 892397
675 404943
404 79047
262 866692
483 530888
897 421074
559 284369
504 753010
641 518839
224 683163
174 136887
375 640036
662 267036
430 21619
927 283855
950 725699
240 430466
672 984035
615 933690
475 856696
204 644370
130 636912
635 501696
148 108906
373 875350
794 982197
856 182551
829 814535
434 739384
941 857193
938 690430
987 974580
648 627386
544 638232
744 995223
411 613787
939 830673
286 431504
349 579195
458 225824
928 826360
743 874967
455 623938
533 157050
92 984735
158 554742
172 910532
730 375429
101 367188
625 450345
655 719584
916 952620
832 761152
261 384032
198 469160
610 574680
81 121500
294 695280
798 167928
224 376700
45 376295
402 587930
779 147497
315 326389
33 584980
797 517627
364 609876
224 476783
947 478050
565 862697
756 978449
164 771860
456 168390
287 143920
322 535866
93 102670
243 240051
375 510420
297 844455
958 371140
796 422967
91 955622
967 478494
646 259104
197 460086
328 766503
521 26613
297 62850
61 200306
946 780071
852 176455
644 11310
328 625505
863 279529
877 622785
28 6130
52 783484
460 603385
249 185080
414 419584
645 556863
61 885664
301 645908
567 64065
57 272288
648 210128
293 360156
765 731806
252 858651
105 707090
56 474806
276 676736
155 165222
167 576495
305 87219
841 481872
203 665147
124 377357
590 337830
385 20976
450 261139
80 186027
468 761154
729 198685
885 345448
886 234069
216 829254
70 653995
72 630430
860 164820
151 884628
157 82383
168 409130
798 384370
734 392836
76 808171
635 545609
618 666678
818 875310
959 942828
949 280840
676 155886
431 387440
394 997940
83 226975
875 549469
652 225888
676 2940
451 718348
210 645775
924 730453
817 347422
617 711554
254 51401
165 602208
959 771645
82 103548
29 204432
317 512544
617 266658
692 242480
324 536716
823 970583
630 879962
348 184224
872 144483
272 899362
401 611595
789 846776
293 590120
183 470511
385 408694
7 524930
649 191589
176 455130
722 618471
948 433833
776 209380
760 349242
329 528038
307 478122
144 488484
739 110055
771 715140
928 86269
494 518346
927 187136
742 628594
57 532829
86 816452
162 643856
845 935181
50 703426
878 730210
247 188680
7 743454
856 675012
307 660720
436 943980
952 147315
657 776000
465 926068
606 215193
453 769598
258 31241
814 83505
42 263727
971 567770
350 226175
198 374664
380 203004
743 889997
908 511893
487 367464
555 513315
422 571686
753 276422
662 81573
506 487042
22 799000
176 233483
384 724671
736 936099
466 914442
281 355294
849 789141
176 251814
1 87655
758 547308
198 751514
208 915864
439 121047
606 900751
926 783902
837 305908
105 505858
838 592665
500 908265
780 202416
316 260626
425 331292
165 540040
498 241905
862 892848
855 743628
800 359298
588 620375
714 524486
226 882267
16 526746
654 473055
975 599291
809 289351
482 878630
559 167706
888 520890
752 798343
796 531940
362 614768
20 843689
725 659460
571 977121
573 626311
271 431157
4 177696
772 949285
398 681018
519 450307
115 583998
267 611449
608 566049
935 529856
310 480528
541 491175
865 793554
93 529362
282 224385
641 442350
126 176946
823 795618
948 471230
650 188723
123 698254
777 251608
91 591631
174 256662
847 244290
56 202085
65 698301
281 936960
789 55968
777 393576
357 288001
753 865024
820 820950
393 267024
219 850644
27 433350
271 893529
405 341436
457 830895
907 593380
812 2046
2 855786
835 208524
583 853858
232 472612
150 119911
326 296224
803 758794
384 445110
925 283516
824 676333
357 78565
897 326359
140 396152
853 740516
18 128061
888 235285
144 921934
587 73471
95 371802
210 546572
910 410268
254 615033
304 491846
163 889047
747 494241
387 810698
250 570889
442 107272
405 528510
1000 999080
980 90605
610 354375
463 911377
905 373718
617 315450
585 57498
440 304714
819 141250
615 61497
116 363240
732 144704
684 388714
698 789300
960 103117
472 222226
1 303494
344 20240
130 562645
97 546035
221 105999
565 105729
375 315870
900 857689
319 466239
16 835939
355 641784
742 851324
340 949069
771 856612
661 842521
229 8180
344 881460
814 696141
752 270462
261 627765
120 350892
972 468960
675 35784
907 432994
666 68718
867 619782
73 709776
420 826770
666 917684
463 557473
832 516017
717 628264
901 913525
710 268168
93 939330
91 296520
569 105132
485 891650
269 335005
155 117845
922 474577
216 232095
381 17562
323 687502
750 349596
381 625378
914 103117
822 129708
393 885578
201 388305
224 45144
571 354198
384 965711
672 132864
254 120349
726 985079
233 646119
888 219307
239 873951
396 937131
136 121608
750 652327
497 761601
51 803581
923 719985
142 915576
529 918359
302 780854
998 703892
182 355365
644 542340
852 605512
662 465712
698 949620
759 53020
432 966684
217 321530
408 921012
487 569274
825 631575
979 837100
701 469172
545 67634
571 829172
529 883902
45 801840
305 282334
611 51976
121 539181
238 744048
134 441552
374 472444
231 891688
349 474249
939 618366
418 388366
665 450232
966 264580
190 663523
442 188304
643 760653
447 184226
252 716321
701 735416
675 781661
21 839724
707 137340
247 329064
341 788832
644 303784
829 212110
716 379406
238 78044
642 15344
466 181935
436 692880
691 865592
652 36156
582 558410
201 404950
234 606331
942 332248
974 576388
761 523790
320 279006
54 419667
678 541024
994 797404
33 577361
512 293472
292 953301
919 708268
874 842896
842 36796
78 602662
111 471520
328 313620
513 106174
743 81837
710 480370
25 93531
649 268416
461 584655
905 46136
306 790553
48 328905
205 486298
877 843680
239 125703
51 654238
836 403296
976 167843
405 415008
94 449754
278 315097
269 378770
1 658332
191 405299
466 758912
723 769184
393 443380
803 628083
356 209655
677 271875
290 325408
926 567664
872 397913
258 679440
991 661785
966 116525
620 308413
998 802616
871 577631
751 600558
365 850685
334 788388
783 960156
247 195520
512 341105
304 470973
307 973470
35 118056
50 722611
575 239018
536 532685
487 976632
264 46876
306 288336
412 920864
553 216816
519 17732
781 911151
347 906724
934 763102
364 727430
124 261142
26 582970
258 468161
387 364140
623 32119
799 393648
939 140089
323 111926
288 226935
14 808624
974 860474
63 788696
181 828234
805 59960
799 368082
909 135542
659 764047
264 459971
164 602508
978 585765
712 324209
228 657862
682 829616
219 615756
584 56535
687 408635
469 283403
589 30384
344 88884
261 18459
931 451416
69 186816
741 283495
220 183082
168 425658
607 730693
844 235291
352 174928
994 704354
834 172572
754 168123
54 485006
646 866595
769 820638
388 514926
972 108252
264 406851
379 389916
120 137694
710 767348
766 20427
371 189324
562 63604
618 874381
237 761610
359 185512
743 290774
427 205474
497 296385
196 542612
356 590064
41 411560
120 351614
223 366249
934 659316
470 16865
679 774984
285 177727
866 929148
786 56702
690 594985
906 203248
109 557303
895 592306
95 146408
5 241364
133 619726
188 254413
434 872081
905 817155
398 941162
781 946671
401 739370
981 53529
68 130164
304 975130
713 558270
436 985458
262 696787
1 653392
663 910340
556 783712
993 505717
517 686274
295 183800
810 945917
880 188734
146 684580
118 559988
171 483672
633 786641
468 188344
587 663180
60 724272
762 809265
369 345457
345 485579
753 731062
590 684524
285 324104
637 324020
241 453905
132 396528
613 147312
862 803236
23 116762
640 164052
191 400450
671 488908
202 470310
551 656576
543 643602
61 42055
189 241176
199 250591
595 475559
782 508243
582 187904
523 61063
383 753656
279 340924
18 328761
321 222582
768 395514
477 112716
510 514077
423 822372
380 570102
956 186186
767 35397
705 415046
167 950294
433 999166
137 431177
36 725940
38 711318
939 448500
19 350148
989 612906
111 168624
669 371967
408 193165
553 326718
423 518105
253 928020
79 627965
150 563220
873 637840
143 786889
291 321519
39 14790
548 857088
257 837920
42 265978
107 360710
285 278420
455 52960
9 445491
502 753209
528 800904
24 292068
797 932865
420 517022
202 249576
615 716007
579 593007
285 729469
729 722491
497 784623
952 15771
523 440545
969 429033
500 993098
40 866909
444 896562
239 135350
261 321153
978 140616
22 51040
489 224208
168 936476
921 576075
140 75468
11 886083
75 418572
763 200935
933 455968
691 728245
547 44193
78 813375
941 823949
949 252776
573 330721
61 554470
145 663410
990 47634
741 776552
86 553985
822 145584
748 330221
792 822656
341 342943
185 221653
363 589235
492 945328
81 429912
400 297240
896 95516
414 72649
870 299404
527 96019
809 867617
419 709899
224 922707
466 530700
139 149883
295 94019
934 170303
744 406710
817 87012
312 548344
931 297906
917 641915
243 718612
163 153336
77 195058
822 461632
667 719235
140 741062
641 125370
57 389114
768 843755
152 90094
404 528208
921 727494
430 667528
438 690616
819 144260
133 201744
763 257038
273 935404
507 882810
73 953026
435 201081
455 376472
952 816129
729 795271
67 506881
244 166272
537 661576
948 562180
33 180383
846 449390
321 743060
607 429282
313 798597
121 963691
599 116738
397 650194
601 573634
604 137025
230 761900
700 358388
621 154297
138 405369
660 575470
906 274548
538 813290
664 305562
702 981085
51 959290
438 994702
396 18864
409 280017
836 745902
269 792030
603 947266
89 67628
106 476608
397 815508
714 711960
557 613118
490 919057
242 608550
405 209272
769 730722
721 84430
993 93011
241 838396
609 225072
44 611100
928 309390
693 459162
603 434695
929 726378
211 312914
540 70560
93 746809
316 568533
56 852185
963 125004
250 169698
330 566555
291 101402
345 559500
792 560475
528 631194
913 498897
657 822665
387 808188
771 280438
264 192372
32 934860
514 254240
312 859355
276 295485
84 679213
489 846685
436 505714
186 300326
82 79530
860 40335
941 242726
480 428390
967 816845
514 405837
151 907871
138 759928
455 96742
686 173233
94 798790
350 417173
896 610935
214 714004
681 405572
224 17460
678 84812
408 855180
557 831041
734 729232
175 948205
599 590840
437 846951
35 786848
224 718947
392 847015
591 314209
39 325023
677 353912
2 29318
161 173460
260 115122
972 730933
337 308249
30 508968
161 112779
986 479393
713 613697
845 899532
539 771820
907 44165
961 956950
418 863723
789 657630
789 872689
580 294130
282 440228
70 52120
189 962405
241 233583
635 952869
867 275932
951 884141
475 128547
744 881880
80 133594
385 751572
176 362602
503 665631
898 973647
743 826400
525 282523
606 404144
815 10547
703 94684
558 192591
257 275502
339 413631
310 265233
418 578529
653 985084
12 239788
224 214919
669 261736
463 952653
510 300915
435 437766
331 430398
308 245186
734 31054
204 170587
578 150396
170 927814
682 771945
79 223499
232 876000
404 58179
766 832860
306 691297
152 772112
993 877540
687 456267
842 107749
344 61021
948 419850
219 844973
67 181857
741 20967
28 989806
382 480282
731 636312
916 13292
285 161194
694 280440
198 845474
257 316904
941 447595
111 78294
627 833659
755 610290
935 333532
814 136399
516 978670
869 543990
106 428836
545 42965
585 460998
390 95358
361 983274
228 259441
549 32832
