1000 999 410
2 1
3 1
4 2
5 4
6 4
7 6
8 4
9 7
10 9
11 9
12 7
13 8
14 6
15 8
16 2
17 3
18 17
19 5
20 18
21 19
22 7
23 12
24 19
25 6
26 13
27 25
28 6
29 16
30 10
31 2
32 4
33 30
34 33
35 13
36 8
37 9
38 1
39 13
40 30
41 40
42 15
43 22
44 12
45 22
46 24
47 4
48 5
49 2
50 38
51 3
52 38
53 45
54 41
55 8
56 26
57 10
58 48
59 15
60 34
61 56
62 32
63 44
64 12
65 29
66 49
67 1
68 65
69 33
70 27
71 49
72 27
73 17
74 57
75 28
76 66
77 21
78 27
79 60
80 63
81 28
82 51
83 67
84 44
85 59
86 85
87 24
88 3
89 59
90 22
91 67
92 79
93 50
94 8
95 63
96 6
97 44
98 32
99 96
100 99
101 38
102 43
103 67
104 38
105 76
106 44
107 16
108 62
109 43
110 30
111 6
112 81
113 105
114 70
115 18
116 27
117 44
118 1
119 16
120 110
121 105
122 65
123 67
124 49
125 70
126 54
127 42
128 10
129 114
130 111
131 86
132 25
133 19
134 67
135 32
136 46
137 87
138 45
139 83
140 15
141 123
142 111
143 68
144 4
145 129
146 1
147 115
148 71
149 106
150 45
151 148
152 4
153 76
154 69
155 82
156 127
157 16
158 112
159 1
160 45
161 22
162 26
163 62
164 1
165 27
166 111
167 157
168 95
169 68
170 92
171 26
172 81
173 157
174 132
175 163
176 104
177 141
178 57
179 19
180 28
181 60
182 171
183 21
184 94
185 156
186 102
187 62
188 170
189 180
190 68
191 1
192 150
193 130
194 58
195 4
196 138
197 144
198 158
199 50
200 151
201 98
202 155
203 60
204 201
205 90
206 170
207 142
208 47
209 147
210 172
211 192
212 125
213 90
214 101
215 90
216 144
217 81
218 93
219 138
220 92
221 130
222 182
223 162
224 71
225 93
226 68
227 62
228 204
229 97
230 50
231 207
232 52
233 32
234 216
235 94
236 207
237 100
238 11
239 37
240 197
241 172
242 28
243 204
244 212
245 204
246 26
247 60
248 135
249 84
250 99
251 194
252 145
253 147
254 160
255 53
256 37
257 78
258 196
259 233
260 124
261 142
262 144
263 131
264 94
265 248
266 20
267 135
268 86
269 128
270 122
271 270
272 269
273 272
274 98
275 151
276 99
277 214
278 166
279 172
280 164
281 195
282 86
283 55
284 138
285 193
286 135
287 65
288 20
289 191
290 227
291 58
292 263
293 99
294 62
295 112
296 22
297 193
298 198
299 2
300 198
301 142
302 199
303 294
304 84
305 72
306 271
307 216
308 194
309 308
310 244
311 32
312 128
313 199
314 127
315 144
316 307
317 277
318 159
319 257
320 316
321 23
322 20
323 193
324 243
325 189
326 291
327 231
328 250
329 227
330 2
331 37
332 66
333 231
334 71
335 169
336 300
337 266
338 251
339 281
340 106
341 326
342 37
343 132
344 313
345 97
346 167
347 312
348 93
349 252
350 69
351 50
352 18
353 318
354 222
355 307
356 241
357 230
358 252
359 237
360 356
361 158
362 173
363 171
364 217
365 341
366 19
367 362
368 157
369 256
370 193
371 170
372 228
373 24
374 244
375 81
376 200
377 103
378 27
379 352
380 88
381 380
382 289
383 42
384 227
385 156
386 89
387 254
388 161
389 219
390 288
391 255
392 36
393 74
394 168
395 135
396 281
397 70
398 338
399 270
400 288
401 257
402 201
403 129
404 39
405 35
406 152
407 365
408 209
409 171
410 86
411 20
412 283
413 263
414 187
415 252
416 403
417 217
418 125
419 138
420 111
421 88
422 408
423 352
424 380
425 135
426 96
427 70
428 366
429 384
430 420
431 400
432 56
433 340
434 290
435 415
436 322
437 105
438 347
439 255
440 129
441 44
442 32
443 319
444 429
445 432
446 144
447 204
448 427
449 30
450 85
451 2
452 132
453 118
454 120
455 98
456 5
457 85
458 457
459 269
460 228
461 449
462 80
463 67
464 218
465 243
466 317
467 106
468 339
469 39
470 153
471 470
472 254
473 281
474 132
475 376
476 50
477 298
478 128
479 323
480 256
481 465
482 253
483 119
484 9
485 407
486 95
487 108
488 115
489 221
490 421
491 140
492 458
493 108
494 201
495 382
496 137
497 37
498 354
499 289
500 277
501 374
502 92
503 453
504 114
505 468
506 189
507 18
508 74
509 99
510 440
511 479
512 416
513 475
514 201
515 100
516 226
517 21
518 383
519 450
520 29
521 197
522 472
523 24
524 348
525 129
526 343
527 344
528 451
529 402
530 287
531 466
532 105
533 64
534 294
535 165
536 407
537 292
538 156
539 132
540 82
541 498
542 265
543 95
544 323
545 37
546 306
547 348
548 354
549 438
550 361
551 204
552 165
553 278
554 477
555 475
556 213
557 275
558 546
559 495
560 18
561 273
562 402
563 148
564 446
565 383
566 258
567 65
568 162
569 561
570 123
571 545
572 369
573 175
574 390
575 176
576 319
577 405
578 65
579 229
580 391
581 280
582 331
583 559
584 340
585 289
586 382
587 458
588 219
589 436
590 514
591 382
592 367
593 380
594 508
595 312
596 349
597 74
598 535
599 256
600 201
601 475
602 349
603 508
604 87
605 566
606 390
607 313
608 325
609 437
610 96
611 483
612 420
613 222
614 123
615 38
616 256
617 20
618 557
619 93
620 3
621 203
622 512
623 496
624 210
625 474
626 14
627 409
628 440
629 488
630 472
631 196
632 358
633 130
634 79
635 124
636 433
637 431
638 538
639 363
640 84
641 267
642 329
643 249
644 82
645 251
646 459
647 442
648 258
649 33
650 175
651 345
652 574
653 548
654 500
655 578
656 257
657 468
658 76
659 32
660 307
661 147
662 58
663 496
664 556
665 318
666 373
667 154
668 523
669 566
670 515
671 360
672 31
673 65
674 19
675 477
676 553
677 489
678 662
679 122
680 360
681 175
682 358
683 213
684 365
685 263
686 283
687 59
688 245
689 448
690 17
691 624
692 335
693 162
694 600
695 65
696 504
697 423
698 354
699 354
700 133
701 27
702 425
703 183
704 491
705 125
706 30
707 534
708 211
709 143
710 482
711 230
712 455
713 509
714 14
715 56
716 479
717 565
718 265
719 280
720 264
721 519
722 125
723 512
724 717
725 565
726 378
727 118
728 57
729 198
730 222
731 371
732 405
733 654
734 695
735 675
736 171
737 361
738 81
739 705
740 123
741 685
742 206
743 174
744 608
745 69
746 437
747 267
748 492
749 304
750 649
751 116
752 278
753 193
754 91
755 754
756 30
757 516
758 680
759 466
760 366
761 17
762 337
763 130
764 553
765 655
766 3
767 41
768 761
769 300
770 279
771 689
772 292
773 543
774 224
775 477
776 299
777 70
778 377
779 316
780 429
781 217
782 520
783 520
784 641
785 743
786 570
787 229
788 705
789 159
790 618
791 430
792 54
793 385
794 718
795 776
796 563
797 794
798 231
799 16
800 336
801 686
802 301
803 233
804 540
805 29
806 122
807 593
808 650
809 528
810 601
811 4
812 133
813 292
814 747
815 723
816 782
817 543
818 250
819 474
820 523
821 430
822 763
823 263
824 5
825 559
826 402
827 362
828 34
829 788
830 98
831 381
832 70
833 279
834 564
835 9
836 52
837 635
838 27
839 5
840 23
841 715
842 124
843 657
844 10
845 246
846 500
847 545
848 186
849 114
850 715
851 272
852 482
853 409
854 845
855 399
856 687
857 345
858 339
859 447
860 338
861 623
862 808
863 677
864 375
865 751
866 468
867 614
868 825
869 813
870 444
871 576
872 28
873 215
874 739
875 110
876 824
877 233
878 555
879 601
880 244
881 169
882 685
883 278
884 865
885 621
886 506
887 569
888 213
889 849
890 509
891 190
892 753
893 717
894 628
895 407
896 823
897 830
898 170
899 150
900 729
901 408
902 53
903 145
904 219
905 388
906 800
907 415
908 670
909 303
910 346
911 734
912 575
913 507
914 287
915 143
916 774
917 428
918 532
919 447
920 901
921 733
922 878
923 157
924 785
925 600
926 512
927 426
928 585
929 268
930 240
931 142
932 287
933 526
934 773
935 475
936 179
937 50
938 474
939 725
940 223
941 26
942 228
943 471
944 62
945 63
946 619
947 676
948 711
949 919
950 612
951 379
952 177
953 775
954 714
955 123
956 512
957 514
958 522
959 856
960 20
961 353
962 769
963 140
964 837
965 32
966 595
967 478
968 597
969 113
970 716
971 165
972 606
973 876
974 310
975 787
976 966
977 351
978 866
979 386
980 404
981 375
982 502
983 648
984 282
985 534
986 784
987 894
988 820
989 450
990 437
991 980
992 653
993 709
994 585
995 873
996 51
997 287
998 588
999 81
1000 861
