1000 999 404
2 1
3 2
4 2
5 2
6 5
7 1
8 2
9 1
10 1
11 3
12 3
13 8
14 2
15 9
16 7
17 2
18 17
19 5
20 8
21 17
22 15
23 3
24 21
25 2
26 4
27 17
28 16
29 15
30 5
31 10
32 17
33 16
34 16
35 6
36 25
37 31
38 26
39 4
40 39
41 33
42 28
43 26
44 24
45 18
46 21
47 7
48 4
49 42
50 40
51 9
52 38
53 17
54 1
55 47
56 51
57 56
58 5
59 56
60 2
61 45
62 48
63 5
64 44
65 9
66 63
67 33
68 8
69 56
70 53
71 55
72 64
73 32
74 34
75 61
76 30
77 69
78 33
79 5
80 42
81 69
82 10
83 59
84 4
85 84
86 43
87 25
88 52
89 34
90 66
91 8
92 49
93 52
94 34
95 61
96 25
97 87
98 70
99 80
100 38
101 3
102 58
103 41
104 61
105 47
106 88
107 35
108 41
109 69
110 7
111 51
112 40
113 25
114 91
115 63
116 80
117 89
118 75
119 31
120 119
121 48
122 91
123 95
124 31
125 123
126 120
127 8
128 23
129 99
130 122
131 88
132 28
133 4
134 23
135 89
136 39
137 94
138 31
139 124
140 116
141 102
142 72
143 120
144 135
145 143
146 36
147 31
148 64
149 85
150 147
151 24
152 16
153 113
154 50
155 85
156 17
157 135
158 91
159 127
160 47
161 53
162 53
163 19
164 68
165 141
166 62
167 108
168 66
169 132
170 114
171 2
172 104
173 156
174 77
175 105
176 51
177 110
178 80
179 138
180 160
181 72
182 81
183 67
184 114
185 71
186 4
187 27
188 176
189 44
190 97
191 151
192 88
193 85
194 88
195 35
196 86
197 169
198 124
199 148
200 72
201 27
202 21
203 71
204 40
205 58
206 176
207 194
208 106
209 48
210 169
211 82
212 124
213 110
214 5
215 10
216 142
217 72
218 44
219 162
220 36
221 186
222 163
223 62
224 213
225 202
226 191
227 10
228 170
229 79
230 77
231 7
232 45
233 145
234 104
235 113
236 65
237 185
238 30
239 236
240 122
241 139
242 31
243 181
244 95
245 19
246 39
247 42
248 147
249 109
250 16
251 147
252 14
253 201
254 222
255 175
256 110
257 157
258 137
259 90
260 56
261 40
262 143
263 62
264 133
265 135
266 178
267 228
268 34
269 121
270 185
271 75
272 97
273 201
274 35
275 155
276 38
277 238
278 257
279 8
280 151
281 182
282 37
283 228
284 3
285 136
286 230
287 181
288 77
289 182
290 141
291 243
292 80
293 220
294 270
295 290
296 120
297 77
298 115
299 224
300 70
301 170
302 236
303 164
304 211
305 192
306 206
307 75
308 138
309 17
310 116
311 16
312 4
313 75
314 56
315 129
316 93
317 92
318 68
319 230
320 40
321 253
322 36
323 177
324 191
325 194
326 238
327 298
328 247
329 210
330 204
331 69
332 291
333 212
334 200
335 106
336 302
337 88
338 58
339 26
340 11
341 14
342 65
343 183
344 12
345 291
346 108
347 245
348 254
349 250
350 3
351 229
352 199
353 314
354 164
355 84
356 42
357 172
358 170
359 288
360 305
361 216
362 254
363 259
364 356
365 266
366 69
367 141
368 123
369 59
370 331
371 46
372 350
373 22
374 266
375 183
376 82
377 184
378 322
379 9
380 355
381 307
382 366
383 195
384 73
385 181
386 134
387 358
388 231
389 308
390 46
391 114
392 241
393 317
394 195
395 318
396 191
397 26
398 148
399 294
400 204
401 112
402 17
403 389
404 138
405 57
406 121
407 323
408 246
409 136
410 336
411 168
412 356
413 250
414 142
415 200
416 73
417 21
418 171
419 183
420 144
421 295
422 350
423 70
424 86
425 346
426 246
427 280
428 230
429 382
430 221
431 342
432 169
433 14
434 256
435 159
436 432
437 414
438 342
439 292
440 255
441 156
442 220
443 362
444 253
445 210
446 65
447 229
448 30
449 259
450 407
451 219
452 231
453 373
454 225
455 440
456 352
457 327
458 337
459 75
460 441
461 79
462 376
463 197
464 169
465 190
466 182
467 352
468 122
469 246
470 265
471 312
472 51
473 140
474 235
475 411
476 334
477 70
478 380
479 287
480 238
481 199
482 89
483 256
484 50
485 6
486 103
487 112
488 333
489 379
490 258
491 474
492 72
493 28
494 354
495 1
496 99
497 40
498 314
499 476
500 266
501 22
502 71
503 26
504 103
505 279
506 277
507 177
508 169
509 59
510 216
511 378
512 171
513 41
514 200
515 67
516 505
517 6
518 516
519 374
520 262
521 440
522 51
523 378
524 13
525 55
526 213
527 107
528 77
529 52
530 462
531 317
532 401
533 148
534 533
535 115
536 23
537 71
538 447
539 468
540 465
541 509
542 533
543 480
544 475
545 433
546 186
547 233
548 203
549 168
550 231
551 48
552 188
553 500
554 91
555 504
556 265
557 270
558 80
559 16
560 441
561 137
562 546
563 157
564 514
565 536
566 81
567 217
568 346
569 42
570 509
571 114
572 480
573 532
574 184
575 10
576 336
577 358
578 178
579 108
580 502
581 205
582 52
583 32
584 293
585 80
586 52
587 22
588 469
589 522
590 430
591 55
592 303
593 448
594 145
595 496
596 86
597 228
598 216
599 49
600 414
601 169
602 185
603 253
604 460
605 75
606 392
607 321
608 545
609 497
610 65
611 405
612 555
613 449
614 489
615 143
616 542
617 484
618 514
619 200
620 167
621 359
622 526
623 463
624 213
625 145
626 381
627 472
628 340
629 595
630 64
631 413
632 279
633 228
634 223
635 343
636 467
637 332
638 574
639 430
640 531
641 634
642 558
643 81
644 17
645 104
646 408
647 322
648 591
649 192
650 510
651 603
652 446
653 613
654 356
655 100
656 471
657 20
658 578
659 177
660 179
661 244
662 74
663 492
664 616
665 386
666 202
667 54
668 482
669 161
670 349
671 272
672 134
673 265
674 41
675 26
676 461
677 162
678 237
679 534
680 378
681 324
682 35
683 306
684 309
685 604
686 586
687 146
688 203
689 625
690 393
691 667
692 264
693 100
694 197
695 479
696 639
697 493
698 165
699 589
700 95
701 303
702 559
703 333
704 86
705 38
706 629
707 525
708 309
709 322
710 43
711 331
712 218
713 615
714 636
715 403
716 90
717 355
718 522
719 336
720 208
721 672
722 473
723 689
724 293
725 287
726 481
727 666
728 519
729 675
730 436
731 433
732 219
733 374
734 259
735 357
736 733
737 184
738 199
739 240
740 256
741 454
742 650
743 507
744 689
745 354
746 228
747 385
748 454
749 39
750 658
751 459
752 724
753 584
754 154
755 634
756 680
757 656
758 147
759 272
760 488
761 469
762 217
763 403
764 189
765 565
766 93
767 423
768 89
769 553
770 641
771 430
772 627
773 328
774 595
775 477
776 684
777 245
778 661
779 293
780 310
781 573
782 676
783 67
784 132
785 738
786 101
787 153
788 145
789 401
790 529
791 505
792 72
793 51
794 203
795 581
796 128
797 390
798 269
799 188
800 471
801 191
802 644
803 82
804 267
805 81
806 212
807 282
808 802
809 272
810 305
811 547
812 809
813 2
814 554
815 755
816 791
817 486
818 540
819 704
820 308
821 436
822 697
823 108
824 454
825 469
826 321
827 555
828 821
829 755
830 301
831 648
832 456
833 323
834 366
835 712
836 493
837 152
838 113
839 55
840 687
841 579
842 185
843 84
844 691
845 477
846 243
847 422
848 196
849 268
850 372
851 649
852 698
853 110
854 673
855 854
856 211
857 610
858 43
859 628
860 762
861 617
862 118
863 320
864 290
865 668
866 481
867 203
868 582
869 83
870 862
871 404
872 772
873 429
874 167
875 525
876 65
877 105
878 224
879 642
880 218
881 780
882 184
883 371
884 612
885 35
886 726
887 188
888 736
889 636
890 533
891 475
892 534
893 612
894 691
895 187
896 872
897 436
898 481
899 284
900 172
901 316
902 363
903 65
904 190
905 95
906 335
907 656
908 455
909 737
910 485
911 134
912 118
913 317
914 562
915 405
916 172
917 843
918 855
919 816
920 313
921 681
922 55
923 491
924 646
925 64
926 804
927 97
928 157
929 529
930 675
931 397
932 924
933 76
934 318
935 928
936 360
937 801
938 655
939 658
940 28
941 54
942 422
943 601
944 292
945 473
946 229
947 548
948 745
949 29
950 467
951 546
952 188
953 354
954 694
955 740
956 118
957 264
958 780
959 632
960 783
961 380
962 822
963 100
964 594
965 643
966 170
967 831
968 34
969 651
970 933
971 190
972 876
973 760
974 361
975 941
976 221
977 198
978 379
979 972
980 264
981 491
982 254
983 90
984 548
985 815
986 495
987 636
988 560
989 278
990 976
991 987
992 491
993 29
994 743
995 260
996 581
997 873
998 967
999 738
1000 413
